0.75
1.0
1.0

11.25
1.0
1.0

18.75
1.0
1.0

64.5
1.0
1.0

72.0
1.0
1.0

90.0
1.0
1.0

108.0
1.0
1.0

135.75
1.0
1.0

153.0
1.0
1.0

180.0
1.0
1.0

190.5
1.0
1.0

198.75
1.0
1.0

208.5
1.0
1.0

225.0
1.0
1.0

263.25
1.0
1.0

298.5
1.0
1.0

316.5
1.0
1.0

326.25
1.0
1.0

351.0
1.0
1.0

362.25
1.0
1.0

397.5
1.0
1.0

406.5
1.0
1.0

414.0
1.0
1.0

423.75
1.0
1.0

459.0
1.0
1.0

477.75
1.0
1.0

488.25
1.0
1.0

505.5
1.0
1.0

558.75
1.0
1.0

614.25
1.0
1.0

622.5
1.0
1.0

632.25
1.0
1.0

641.25
1.0
1.0

668.25
1.0
1.0

676.5
1.0
1.0

704.25
1.0
1.0

