10.5
1.0
1.0

27.0
1.0
1.0

36.0
1.0
1.0

74.25
1.0
1.0

119.25
1.0
1.0

126.0
1.0
1.0

144.75
1.0
1.0

164.25
1.0
1.0

171.75
1.0
1.0

182.25
1.0
1.0

234.0
1.0
1.0

245.25
1.0
1.0

262.5
1.0
1.0

270.0
1.0
1.0

326.25
1.0
1.0

351.0
1.0
1.0

379.5
1.0
1.0

389.25
1.0
1.0

396.0
1.0
1.0

414.75
1.0
1.0

460.5
1.0
1.0

468.0
1.0
1.0

505.5
1.0
1.0

522.0
1.0
1.0

558.0
1.0
1.0

569.25
1.0
1.0

577.5
1.0
1.0

587.25
1.0
1.0

612.0
1.0
1.0

621.0
1.0
1.0

632.25
1.0
1.0

657.75
1.0
1.0

668.25
1.0
1.0

675.75
1.0
1.0

693.75
1.0
1.0

702.75
1.0
1.0

