11.25
1.0
1.0

27.0
1.0
1.0

38.25
1.0
1.0

54.0
1.0
1.0

81.75
1.0
1.0

99.75
1.0
1.0

118.5
1.0
1.0

162.75
1.0
1.0

173.25
1.0
1.0

181.5
1.0
1.0

198.75
1.0
1.0

207.75
1.0
1.0

234.0
1.0
1.0

253.5
1.0
1.0

263.25
1.0
1.0

317.25
1.0
1.0

326.25
1.0
1.0

333.75
1.0
1.0

351.75
1.0
1.0

360.0
1.0
1.0

380.25
1.0
1.0

406.5
1.0
1.0

423.0
1.0
1.0

442.5
1.0
1.0

451.5
1.0
1.0

487.5
1.0
1.0

495.75
1.0
1.0

515.25
1.0
1.0

524.25
1.0
1.0

533.25
1.0
1.0

587.25
1.0
1.0

594.75
1.0
1.0

614.25
1.0
1.0

632.25
1.0
1.0

657.75
1.0
1.0

702.75
1.0
1.0

