3172.0
4.8
1.0

3214.5
4.8
1.0

3261.5
4.8
1.0

3345.0
4.8
1.0

3363.5
4.8
1.0

3402.0
4.8
1.0

3411.5
4.8
1.0

3458.5
4.8
1.0

3477.5
4.8
1.0

3486.0
4.8
1.0

3503.5
4.8
1.0

3595.5
4.8
1.0

3625.0
4.8
1.0

3669.5
4.8
1.0

3695.5
4.8
1.0

3714.5
4.8
1.0

3725.0
4.8
1.0

3774.0
4.8
1.0

3829.0
4.8
1.0

3857.5
4.8
1.0

3887.0
4.8
1.0

3960.0
4.8
1.0

3971.5
4.8
1.0

3980.5
4.8
1.0

4016.0
4.8
1.0

4034.0
4.8
1.0

4043.5
4.8
1.0

4062.0
4.8
1.0

4070.5
4.8
1.0

4080.5
4.8
1.0

4099.0
4.8
1.0

4139.5
4.8
1.0

