3225.0
4.8
1.0

3232.0
4.8
1.0

3271.5
4.8
1.0

3280.0
4.8
1.0

3288.5
4.8
1.0

3315.0
4.8
1.0

3334.5
4.8
1.0

3373.0
4.8
1.0

3392.5
4.8
1.0

3421.5
4.8
1.0

3430.0
4.8
1.0

3494.0
4.8
1.0

3512.0
4.8
1.0

3520.5
4.8
1.0

3530.5
4.8
1.0

3549.5
4.8
1.0

3605.0
4.8
1.0

3651.0
4.8
1.0

3660.5
4.8
1.0

3686.0
4.8
1.0

3705.0
4.8
1.0

3735.0
4.8
1.0

3765.0
4.8
1.0

3782.5
4.8
1.0

3808.5
4.8
1.0

3848.0
4.8
1.0

3876.5
4.8
1.0

3923.5
4.8
1.0

3933.5
4.8
1.0

3952.5
4.8
1.0

4007.5
4.8
1.0

4025.5
4.8
1.0

