1.5
1.0
1.0

11.25
1.0
1.0

47.25
1.0
1.0

55.5
1.0
1.0

63.75
1.0
1.0

90.75
1.0
1.0

110.25
1.0
1.0

119.25
1.0
1.0

146.25
1.0
1.0

153.75
1.0
1.0

171.0
1.0
1.0

180.0
1.0
1.0

207.75
1.0
1.0

216.0
1.0
1.0

225.0
1.0
1.0

235.5
1.0
1.0

262.5
1.0
1.0

279.0
1.0
1.0

297.0
1.0
1.0

306.75
1.0
1.0

315.0
1.0
1.0

351.0
1.0
1.0

362.25
1.0
1.0

371.25
1.0
1.0

388.5
1.0
1.0

423.75
1.0
1.0

432.75
1.0
1.0

443.25
1.0
1.0

477.0
1.0
1.0

522.0
1.0
1.0

577.5
1.0
1.0

594.75
1.0
1.0

613.5
1.0
1.0

659.25
1.0
1.0

676.5
1.0
1.0

684.0
1.0
1.0

702.75
1.0
1.0

712.5
1.0
1.0

720.75
1.0
1.0

748.5
1.0
1.0

774.0
1.0
1.0

801.0
1.0
1.0

