3010.5
4.8
1.0

3077.0
4.8
1.0

3159.5
4.8
1.0

3169.5
4.8
1.0

3205.0
4.8
1.0

3263.0
4.8
1.0

3279.5
4.8
1.0

3326.0
4.8
1.0

3334.0
4.8
1.0

3363.0
4.8
1.0

3390.5
4.8
1.0

3428.5
4.8
1.0

3473.5
4.8
1.0

3482.0
4.8
1.0

3501.5
4.8
1.0

3510.0
4.8
1.0

3518.5
4.8
1.0

3546.0
4.8
1.0

3563.5
4.8
1.0

3581.0
4.8
1.0

3609.0
4.8
1.0

3618.5
4.8
1.0

3628.0
4.8
1.0

3637.0
4.8
1.0

3692.5
4.8
1.0

3740.0
4.8
1.0

3857.5
4.8
1.0

3866.0
4.8
1.0

3874.0
4.8
1.0

3883.5
4.8
1.0

3917.0
4.8
1.0

3934.0
4.8
1.0

