1944.75
1.0
1.0

1954.5
1.0
1.0

1973.25
1.0
1.0

1980.0
1.0
1.0

1998.75
1.0
1.0

2008.5
1.0
1.0

2027.25
1.0
1.0

2054.25
1.0
1.0

2071.5
1.0
1.0

2106.0
1.0
1.0

2125.5
1.0
1.0

2135.25
1.0
1.0

2169.75
1.0
1.0

2187.75
1.0
1.0

2205.75
1.0
1.0

2216.25
1.0
1.0

2242.5
1.0
1.0

2270.25
1.0
1.0

2279.25
1.0
1.0

2288.25
1.0
1.0

2295.75
1.0
1.0

2331.0
1.0
1.0

2359.5
1.0
1.0

2367.75
1.0
1.0

2386.5
1.0
1.0

2394.0
1.0
1.0

2404.5
1.0
1.0

2423.25
1.0
1.0

2431.5
1.0
1.0

2484.75
1.0
1.0

2502.0
1.0
1.0

2512.5
1.0
1.0

2574.75
1.0
1.0

2584.5
1.0
1.0

2602.5
1.0
1.0

2637.0
1.0
1.0

2655.0
1.0
1.0

2666.25
1.0
1.0

2711.25
1.0
1.0

2755.5
1.0
1.0

2765.25
1.0
1.0

2781.75
1.0
1.0

2791.5
1.0
1.0

2808.0
1.0
1.0

2846.25
1.0
1.0

2864.25
1.0
1.0

2871.0
1.0
1.0

2880.0
1.0
1.0

2890.5
1.0
1.0

2943.0
1.0
1.0

2963.25
1.0
1.0

3006.75
1.0
1.0

3015.75
1.0
1.0

3034.5
1.0
1.0

3042.0
1.0
1.0

3069.75
1.0
1.0

3080.25
1.0
1.0

3097.5
1.0
1.0

3107.25
1.0
1.0

3134.25
1.0
1.0

3142.5
1.0
1.0

3152.25
1.0
1.0

3160.5
1.0
1.0

3169.5
1.0
1.0

3186.0
1.0
1.0

3213.0
1.0
1.0

3231.0
1.0
1.0

3240.0
1.0
1.0

3285.0
1.0
1.0

3321.0
1.0
1.0

3332.25
1.0
1.0

3350.25
1.0
1.0

