298.5
1.0
1.0

308.25
1.0
1.0

351.0
1.0
1.0

369.75
1.0
1.0

378.75
1.0
1.0

389.25
1.0
1.0

405.0
1.0
1.0

486.75
1.0
1.0

569.25
1.0
1.0

578.25
1.0
1.0

603.75
1.0
1.0

614.25
1.0
1.0

632.25
1.0
1.0

641.25
1.0
1.0

720.0
1.0
1.0

758.25
1.0
1.0

765.0
1.0
1.0

775.5
1.0
1.0

837.0
1.0
1.0

846.0
1.0
1.0

855.0
1.0
1.0

893.25
1.0
1.0

955.5
1.0
1.0

1000.5
1.0
1.0

1053.75
1.0
1.0

1071.0
1.0
1.0

1098.0
1.0
1.0

1107.75
1.0
1.0

1170.75
1.0
1.0

1244.25
1.0
1.0

1253.25
1.0
1.0

1261.5
1.0
1.0

1278.0
1.0
1.0

1296.75
1.0
1.0

1351.5
1.0
1.0

1397.25
1.0
1.0

1431.0
1.0
1.0

1467.0
1.0
1.0

1494.0
1.0
1.0

1549.5
1.0
1.0

1558.5
1.0
1.0

1584.75
1.0
1.0

1594.5
1.0
1.0

1613.25
1.0
1.0

1674.75
1.0
1.0

1693.5
1.0
1.0

1702.5
1.0
1.0

1712.25
1.0
1.0

1730.25
1.0
1.0

1747.5
1.0
1.0

1791.0
1.0
1.0

1836.0
1.0
1.0

1881.75
1.0
1.0

1901.25
1.0
1.0

1917.0
1.0
1.0

1935.75
1.0
1.0

