276.0
1.0
1.0

285.0
1.0
1.0

330.0
1.0
1.0

357.0
1.0
1.0

375.0
1.0
1.0

393.0
1.0
1.0

430.5
1.0
1.0

447.0
1.0
1.0

510.75
1.0
1.0

546.0
1.0
1.0

564.75
1.0
1.0

627.0
1.0
1.0

647.25
1.0
1.0

699.75
1.0
1.0

780.75
1.0
1.0

789.0
1.0
1.0

798.75
1.0
1.0

809.25
1.0
1.0

835.5
1.0
1.0

845.25
1.0
1.0

862.5
1.0
1.0

879.0
1.0
1.0

907.5
1.0
1.0

942.0
1.0
1.0

960.75
1.0
1.0

979.5
1.0
1.0

998.25
1.0
1.0

1016.25
1.0
1.0

1052.25
1.0
1.0

1068.75
1.0
1.0

1077.75
1.0
1.0

1087.5
1.0
1.0

1140.0
1.0
1.0

1149.0
1.0
1.0

1158.75
1.0
1.0

1167.0
1.0
1.0

1241.25
1.0
1.0

1267.5
1.0
1.0

1275.0
1.0
1.0

1295.25
1.0
1.0

1311.75
1.0
1.0

1321.5
1.0
1.0

1339.5
1.0
1.0

1383.0
1.0
1.0

1437.0
1.0
1.0

1466.25
1.0
1.0

1473.75
1.0
1.0

1519.5
1.0
1.0

1545.0
1.0
1.0

1608.75
1.0
1.0

1617.0
1.0
1.0

1671.0
1.0
1.0

1788.0
1.0
1.0

1816.5
1.0
1.0

1824.0
1.0
1.0

1851.75
1.0
1.0

