394.8
1.5
1.0

421.8
1.5
1.0

438.8
1.5
1.0

631.3
1.5
1.0

700.8
1.5
1.0

748.3
1.5
1.0

757.8
1.5
1.0

766.8
1.5
1.0

931.3
1.5
1.0

969.3
1.5
1.0

1074.8
1.5
1.0

1110.8
1.5
1.0

1130.8
1.5
1.0

1141.3
1.5
1.0

1307.8
1.5
1.0

1315.8
1.5
1.0

1342.8
1.5
1.0

1400.3
1.5
1.0

1478.3
1.5
1.0

1559.8
1.5
1.0

1597.8
1.5
1.0

1605.8
1.5
1.0

1644.3
1.5
1.0

1742.3
1.5
1.0

1788.3
1.5
1.0

1806.8
1.5
1.0

1878.8
1.5
1.0

1897.3
1.5
1.0

1963.8
1.5
1.0

2112.8
1.5
1.0

2121.8
1.5
1.0

2194.8
1.5
1.0

