255.3
1.5
1.0

273.8
1.5
1.0

376.8
1.5
1.0

404.3
1.5
1.0

432.8
1.5
1.0

462.3
1.5
1.0

556.8
1.5
1.0

597.8
1.5
1.0

680.3
1.5
1.0

814.8
1.5
1.0

960.3
1.5
1.0

1031.8
1.5
1.0

1071.3
1.5
1.0

1132.8
1.5
1.0

1150.3
1.5
1.0

1160.8
1.5
1.0

1234.8
1.5
1.0

1279.3
1.5
1.0

1345.3
1.5
1.0

1411.8
1.5
1.0

1476.3
1.5
1.0

1531.8
1.5
1.0

1616.8
1.5
1.0

1696.3
1.5
1.0

1781.3
1.5
1.0

1857.8
1.5
1.0

1930.3
1.5
1.0

1997.8
1.5
1.0

2050.8
1.5
1.0

2097.8
1.5
1.0

2105.8
1.5
1.0

2180.8
1.5
1.0

