1882.25
1.5
1.0

1892.0
1.5
1.0

1938.5
1.5
1.0

1964.0
1.5
1.0

1991.0
1.5
1.0

1999.25
1.5
1.0

2054.0
1.5
1.0

2063.0
1.5
1.0

2072.75
1.5
1.0

2142.5
1.5
1.0

2152.25
1.5
1.0

2168.0
1.5
1.0

2224.25
1.5
1.0

2279.75
1.5
1.0

2375.75
1.5
1.0

2522.0
1.5
1.0

2546.75
1.5
1.0

2573.75
1.5
1.0

2601.5
1.5
1.0

2648.0
1.5
1.0

2683.25
1.5
1.0

2690.0
1.5
1.0

2719.25
1.5
1.0

2900.0
1.5
1.0

2919.5
1.5
1.0

2951.75
1.5
1.0

3035.0
1.5
1.0

3060.5
1.5
1.0

3069.5
1.5
1.0

3080.75
1.5
1.0

3114.5
1.5
1.0

3125.0
1.5
1.0

3134.0
1.5
1.0

3162.5
1.5
1.0

3206.75
1.5
1.0

3213.5
1.5
1.0

3223.25
1.5
1.0

3277.25
1.5
1.0

3377.0
1.5
1.0

3449.0
1.5
1.0

3467.0
1.5
1.0

3475.25
1.5
1.0

