99.0
4.8
1.0

106.5
4.8
1.0

159.0
4.8
1.0

216.0
4.8
1.0

225.5
4.8
1.0

275.5
4.8
1.0

284.5
4.8
1.0

300.0
4.8
1.0

318.5
4.8
1.0

364.5
4.8
1.0

373.0
4.8
1.0

421.0
4.8
1.0

459.5
4.8
1.0

515.0
4.8
1.0

533.5
4.8
1.0

609.5
4.8
1.0

618.5
4.8
1.0

637.0
4.8
1.0

647.5
4.8
1.0

667.0
4.8
1.0

704.0
4.8
1.0

725.5
4.8
1.0

770.5
4.8
1.0

788.0
4.8
1.0

808.0
4.8
1.0

834.0
4.8
1.0

862.0
4.8
1.0

910.0
4.8
1.0

936.5
4.8
1.0

944.5
4.8
1.0

982.0
4.8
1.0

1024.0
4.8
1.0

2029.5
4.8
1.0

2077.5
4.8
1.0

2115.0
4.8
1.0

2148.5
4.8
1.0

2174.0
4.8
1.0

2184.0
4.8
1.0

2210.5
4.8
1.0

2231.5
4.8
1.0

2240.0
4.8
1.0

2268.5
4.8
1.0

2277.0
4.8
1.0

2287.0
4.8
1.0

2335.5
4.8
1.0

2378.0
4.8
1.0

2389.5
4.8
1.0

2425.5
4.8
1.0

2492.0
4.8
1.0

2502.0
4.8
1.0

2529.5
4.8
1.0

2565.0
4.8
1.0

2575.5
4.8
1.0

2605.5
4.8
1.0

2716.0
4.8
1.0

2736.0
4.8
1.0

2744.0
4.8
1.0

2753.0
4.8
1.0

2791.5
4.8
1.0

2820.5
4.8
1.0

2847.5
4.8
1.0

2866.0
4.8
1.0

2887.0
4.8
1.0

2913.0
4.8
1.0

