1051.5
4.8
1.0

1068.0
4.8
1.0

1089.5
4.8
1.0

1098.0
4.8
1.0

1135.5
4.8
1.0

1144.0
4.8
1.0

1152.0
4.8
1.0

1170.0
4.8
1.0

1181.0
4.8
1.0

1200.0
4.8
1.0

1209.0
4.8
1.0

1226.5
4.8
1.0

1244.5
4.8
1.0

1288.5
4.8
1.0

1299.0
4.8
1.0

1336.5
4.8
1.0

1355.0
4.8
1.0

1373.5
4.8
1.0

1420.5
4.8
1.0

1430.5
4.8
1.0

1441.5
4.8
1.0

1461.5
4.8
1.0

1479.0
4.8
1.0

1489.5
4.8
1.0

1516.0
4.8
1.0

1526.5
4.8
1.0

1545.0
4.8
1.0

1554.5
4.8
1.0

1564.5
4.8
1.0

1592.5
4.8
1.0

1626.5
4.8
1.0

1661.0
4.8
1.0

1707.5
4.8
1.0

1716.5
4.8
1.0

1753.0
4.8
1.0

1762.5
4.8
1.0

1809.0
4.8
1.0

1826.0
4.8
1.0

1843.0
4.8
1.0

1862.0
4.8
1.0

1872.0
4.8
1.0

1898.0
4.8
1.0

1907.5
4.8
1.0

1916.0
4.8
1.0

1945.0
4.8
1.0

1954.5
4.8
1.0

1964.5
4.8
1.0

1972.5
4.8
1.0

2997.5
4.8
1.0

3007.0
4.8
1.0

3017.0
4.8
1.0

3035.0
4.8
1.0

3044.5
4.8
1.0

3071.5
4.8
1.0

3080.0
4.8
1.0

3089.5
4.8
1.0

3099.0
4.8
1.0

3123.5
4.8
1.0

3141.0
4.8
1.0

3149.5
4.8
1.0

3166.5
4.8
1.0

3221.5
4.8
1.0

3230.0
4.8
1.0

3240.0
4.8
1.0

3269.5
4.8
1.0

3287.5
4.8
1.0

3296.0
4.8
1.0

3342.0
4.8
1.0

3383.5
4.8
1.0

3393.5
4.8
1.0

3412.0
4.8
1.0

3449.5
4.8
1.0

3469.5
4.8
1.0

3478.5
4.8
1.0

3496.0
4.8
1.0

3515.0
4.8
1.0

3530.5
4.8
1.0

3549.5
4.8
1.0

3574.0
4.8
1.0

3583.5
4.8
1.0

3593.0
4.8
1.0

3610.0
4.8
1.0

3628.0
4.8
1.0

3658.5
4.8
1.0

3714.0
4.8
1.0

3723.0
4.8
1.0

3742.0
4.8
1.0

3753.0
4.8
1.0

3762.5
4.8
1.0

3791.0
4.8
1.0

3816.5
4.8
1.0

3859.5
4.8
1.0

3886.0
4.8
1.0

3895.5
4.8
1.0

3905.0
4.8
1.0

3951.0
4.8
1.0

