90.0
4.8
1.0

125.0
4.8
1.0

167.5
4.8
1.0

187.0
4.8
1.0

197.0
4.8
1.0

206.5
4.8
1.0

235.0
4.8
1.0

308.0
4.8
1.0

329.0
4.8
1.0

337.5
4.8
1.0

356.0
4.8
1.0

431.0
4.8
1.0

448.5
4.8
1.0

478.0
4.8
1.0

560.0
4.8
1.0

579.0
4.8
1.0

589.5
4.8
1.0

598.5
4.8
1.0

627.0
4.8
1.0

687.5
4.8
1.0

696.0
4.8
1.0

750.5
4.8
1.0

778.5
4.8
1.0

799.5
4.8
1.0

872.0
4.8
1.0

881.0
4.8
1.0

891.0
4.8
1.0

928.0
4.8
1.0

964.0
4.8
1.0

973.0
4.8
1.0

1006.5
4.8
1.0

1042.0
4.8
1.0

2039.0
4.8
1.0

2048.0
4.8
1.0

2067.0
4.8
1.0

2095.5
4.8
1.0

2132.5
4.8
1.0

2140.0
4.8
1.0

2167.0
4.8
1.0

2201.0
4.8
1.0

2249.5
4.8
1.0

2297.5
4.8
1.0

2325.5
4.8
1.0

2344.0
4.8
1.0

2360.0
4.8
1.0

2445.5
4.8
1.0

2454.0
4.8
1.0

2473.0
4.8
1.0

2483.5
4.8
1.0

2539.0
4.8
1.0

2584.5
4.8
1.0

2595.0
4.8
1.0

2633.0
4.8
1.0

2678.5
4.8
1.0

2688.5
4.8
1.0

2698.5
4.8
1.0

2709.0
4.8
1.0

2782.5
4.8
1.0

2811.0
4.8
1.0

2903.5
4.8
1.0

2923.5
4.8
1.0

2950.0
4.8
1.0

2968.5
4.8
1.0

2986.0
4.8
1.0

