80.5
4.8
1.0

115.5
4.8
1.0

132.0
4.8
1.0

141.0
4.8
1.0

149.0
4.8
1.0

255.5
4.8
1.0

265.5
4.8
1.0

292.5
4.8
1.0

382.0
4.8
1.0

391.5
4.8
1.0

400.0
4.8
1.0

411.0
4.8
1.0

468.0
4.8
1.0

486.5
4.8
1.0

495.5
4.8
1.0

504.5
4.8
1.0

542.0
4.8
1.0

551.0
4.8
1.0

569.5
4.8
1.0

657.5
4.8
1.0

715.5
4.8
1.0

734.0
4.8
1.0

742.5
4.8
1.0

816.5
4.8
1.0

842.5
4.8
1.0

853.0
4.8
1.0

901.0
4.8
1.0

954.0
4.8
1.0

990.5
4.8
1.0

998.0
4.8
1.0

1015.5
4.8
1.0

1033.0
4.8
1.0

2019.0
4.8
1.0

2086.5
4.8
1.0

2105.5
4.8
1.0

2123.5
4.8
1.0

2192.5
4.8
1.0

2259.5
4.8
1.0

2307.0
4.8
1.0

2316.5
4.8
1.0

2352.5
4.8
1.0

2398.5
4.8
1.0

2408.0
4.8
1.0

2416.0
4.8
1.0

2435.5
4.8
1.0

2510.0
4.8
1.0

2519.0
4.8
1.0

2556.0
4.8
1.0

2614.0
4.8
1.0

2624.5
4.8
1.0

2651.0
4.8
1.0

2658.5
4.8
1.0

2669.5
4.8
1.0

2763.0
4.8
1.0

2772.5
4.8
1.0

2801.0
4.8
1.0

2829.5
4.8
1.0

2839.0
4.8
1.0

2877.5
4.8
1.0

2895.0
4.8
1.0

2932.5
4.8
1.0

2941.5
4.8
1.0

2958.5
4.8
1.0

2978.0
4.8
1.0

