289.5
1.0
1.0

297.75
1.0
1.0

315.0
1.0
1.0

353.25
1.0
1.0

424.5
1.0
1.0

470.25
1.0
1.0

504.75
1.0
1.0

523.5
1.0
1.0

531.75
1.0
1.0

551.25
1.0
1.0

576.75
1.0
1.0

612.75
1.0
1.0

648.75
1.0
1.0

659.25
1.0
1.0

676.5
1.0
1.0

702.75
1.0
1.0

756.75
1.0
1.0

776.25
1.0
1.0

785.25
1.0
1.0

810.75
1.0
1.0

819.75
1.0
1.0

829.5
1.0
1.0

875.25
1.0
1.0

901.5
1.0
1.0

956.25
1.0
1.0

1073.25
1.0
1.0

1089.75
1.0
1.0

1098.0
1.0
1.0

1116.0
1.0
1.0

1135.5
1.0
1.0

1154.25
1.0
1.0

1170.75
1.0
1.0

1189.5
1.0
1.0

1279.5
1.0
1.0

1307.25
1.0
1.0

1316.25
1.0
1.0

1341.0
1.0
1.0

1423.5
1.0
1.0

1431.0
1.0
1.0

1459.5
1.0
1.0

1467.0
1.0
1.0

1486.5
1.0
1.0

1512.0
1.0
1.0

1532.25
1.0
1.0

1539.0
1.0
1.0

1550.25
1.0
1.0

1575.0
1.0
1.0

1595.25
1.0
1.0

1640.25
1.0
1.0

1658.25
1.0
1.0

1747.5
1.0
1.0

1782.75
1.0
1.0

1792.5
1.0
1.0

1882.5
1.0
1.0

1890.75
1.0
1.0

1928.25
1.0
1.0

