2002.25
1.5
1.0

2020.25
1.5
1.0

2090.75
1.5
1.0

2155.25
1.5
1.0

2164.25
1.5
1.0

2246.75
1.5
1.0

2272.25
1.5
1.0

2280.5
1.5
1.0

2300.0
1.5
1.0

2353.25
1.5
1.0

2371.25
1.5
1.0

2379.5
1.5
1.0

2409.5
1.5
1.0

2425.25
1.5
1.0

2533.25
1.5
1.0

2558.75
1.5
1.0

2624.75
1.5
1.0

2649.5
1.5
1.0

2684.75
1.5
1.0

2705.75
1.5
1.0

2711.75
1.5
1.0

2750.0
1.5
1.0

2766.5
1.5
1.0

2830.25
1.5
1.0

2838.5
1.5
1.0

2893.25
1.5
1.0

2948.75
1.5
1.0

2955.5
1.5
1.0

2983.25
1.5
1.0

3001.25
1.5
1.0

3008.75
1.5
1.0

3055.25
1.5
1.0

3082.25
1.5
1.0

3127.25
1.5
1.0

3172.25
1.5
1.0

3299.0
1.5
1.0

