1946.5
2.0
1.0

1985.5
2.0
1.0

1993.75
2.0
1.0

2009.5
2.0
1.0

2019.25
2.0
1.0

2047.0
2.0
1.0

2139.25
2.0
1.0

2154.25
2.0
1.0

2174.5
2.0
1.0

2262.25
2.0
1.0

2388.25
2.0
1.0

2398.0
2.0
1.0

2415.25
2.0
1.0

2449.75
2.0
1.0

2469.25
2.0
1.0

2541.25
2.0
1.0

2620.75
2.0
1.0

2641.0
2.0
1.0

2731.75
2.0
1.0

2769.25
2.0
1.0

2785.75
2.0
1.0

2840.5
2.0
1.0

2847.25
2.0
1.0

2903.5
2.0
1.0

2947.75
2.0
1.0

3038.5
2.0
1.0

3063.25
2.0
1.0

3091.0
2.0
1.0

3099.25
2.0
1.0

3109.0
2.0
1.0

3118.0
2.0
1.0

3127.0
2.0
1.0

3190.75
2.0
1.0

3207.25
2.0
1.0

3307.0
2.0
1.0

3318.25
2.0
1.0

