0.5
4.8
1.0

16.5
4.8
1.0

61.5
4.8
1.0

81.0
4.8
1.0

99.0
4.8
1.0

107.0
4.8
1.0

133.0
4.8
1.0

153.5
4.8
1.0

173.0
4.8
1.0

190.5
4.8
1.0

200.0
4.8
1.0

238.5
4.8
1.0

247.0
4.8
1.0

265.0
4.8
1.0

273.5
4.8
1.0

282.0
4.8
1.0

291.5
4.8
1.0

327.0
4.8
1.0

337.5
4.8
1.0

357.5
4.8
1.0

387.5
4.8
1.0

396.0
4.8
1.0

440.5
4.8
1.0

451.5
4.8
1.0

461.5
4.8
1.0

497.0
4.8
1.0

507.5
4.8
1.0

553.0
4.8
1.0

581.5
4.8
1.0

590.0
4.8
1.0

601.5
4.8
1.0

621.0
4.8
1.0

669.0
4.8
1.0

686.5
4.8
1.0

723.0
4.8
1.0

731.0
4.8
1.0

758.5
4.8
1.0

774.0
4.8
1.0

793.0
4.8
1.0

813.0
4.8
1.0

852.5
4.8
1.0

860.0
4.8
1.0

868.0
4.8
1.0

886.5
4.8
1.0

912.5
4.8
1.0

922.0
4.8
1.0

930.0
4.8
1.0

939.5
4.8
1.0

