100.0
4.8
1.0

111.5
4.8
1.0

154.5
4.8
1.0

163.0
4.8
1.0

180.0
4.8
1.0

188.0
4.8
1.0

196.0
4.8
1.0

205.0
4.8
1.0

234.0
4.8
1.0

268.5
4.8
1.0

279.5
4.8
1.0

289.0
4.8
1.0

316.0
4.8
1.0

337.0
4.8
1.0

346.5
4.8
1.0

373.5
4.8
1.0

391.0
4.8
1.0

409.5
4.8
1.0

418.5
4.8
1.0

442.0
4.8
1.0

459.0
4.8
1.0

468.0
4.8
1.0

477.0
4.8
1.0

525.5
4.8
1.0

555.0
4.8
1.0

564.0
4.8
1.0

582.0
4.8
1.0

591.0
4.8
1.0

618.5
4.8
1.0

638.5
4.8
1.0

697.5
4.8
1.0

707.0
4.8
1.0

717.5
4.8
1.0

727.5
4.8
1.0

755.5
4.8
1.0

774.0
4.8
1.0

783.0
4.8
1.0

792.5
4.8
1.0

850.0
4.8
1.0

866.0
4.8
1.0

883.5
4.8
1.0

900.0
4.8
1.0

921.5
4.8
1.0

956.5
4.8
1.0

964.0
4.8
1.0

975.0
4.8
1.0

994.0
4.8
1.0

1002.5
4.8
1.0

