9.0
1.0
1.0

64.5
1.0
1.0

92.25
1.0
1.0

110.25
1.0
1.0

117.0
1.0
1.0

126.75
1.0
1.0

146.25
1.0
1.0

155.25
1.0
1.0

198.75
1.0
1.0

207.75
1.0
1.0

216.0
1.0
1.0

234.75
1.0
1.0

252.0
1.0
1.0

262.5
1.0
1.0

279.75
1.0
1.0

297.0
1.0
1.0

308.25
1.0
1.0

315.0
1.0
1.0

362.25
1.0
1.0

388.5
1.0
1.0

442.5
1.0
1.0

477.75
1.0
1.0

496.5
1.0
1.0

504.0
1.0
1.0

523.5
1.0
1.0

531.0
1.0
1.0

541.5
1.0
1.0

549.75
1.0
1.0

567.75
1.0
1.0

596.25
1.0
1.0

605.25
1.0
1.0

641.25
1.0
1.0

667.5
1.0
1.0

677.25
1.0
1.0

684.0
1.0
1.0

704.25
1.0
1.0

