54.75
1.0
1.0

64.5
1.0
1.0

83.25
1.0
1.0

92.25
1.0
1.0

119.25
1.0
1.0

164.25
1.0
1.0

180.75
1.0
1.0

199.5
1.0
1.0

207.75
1.0
1.0

225.75
1.0
1.0

245.25
1.0
1.0

281.25
1.0
1.0

308.25
1.0
1.0

315.75
1.0
1.0

343.5
1.0
1.0

351.75
1.0
1.0

379.5
1.0
1.0

388.5
1.0
1.0

414.75
1.0
1.0

423.75
1.0
1.0

432.0
1.0
1.0

443.25
1.0
1.0

452.25
1.0
1.0

486.0
1.0
1.0

495.0
1.0
1.0

513.75
1.0
1.0

541.5
1.0
1.0

569.25
1.0
1.0

577.5
1.0
1.0

594.0
1.0
1.0

605.25
1.0
1.0

650.25
1.0
1.0

666.0
1.0
1.0

685.5
1.0
1.0

693.75
1.0
1.0

702.75
1.0
1.0

