1.5
1.0
1.0

9.75
1.0
1.0

19.5
1.0
1.0

74.25
1.0
1.0

83.25
1.0
1.0

92.25
1.0
1.0

99.75
1.0
1.0

127.5
1.0
1.0

145.5
1.0
1.0

189.0
1.0
1.0

208.5
1.0
1.0

234.0
1.0
1.0

272.25
1.0
1.0

288.75
1.0
1.0

299.25
1.0
1.0

315.0
1.0
1.0

333.0
1.0
1.0

379.5
1.0
1.0

397.5
1.0
1.0

424.5
1.0
1.0

468.0
1.0
1.0

478.5
1.0
1.0

486.75
1.0
1.0

495.75
1.0
1.0

523.5
1.0
1.0

533.25
1.0
1.0

551.25
1.0
1.0

567.75
1.0
1.0

578.25
1.0
1.0

621.75
1.0
1.0

632.25
1.0
1.0

639.75
1.0
1.0

648.0
1.0
1.0

667.5
1.0
1.0

675.75
1.0
1.0

704.25
1.0
1.0

