11.25
1.0
1.0

56.25
1.0
1.0

81.75
1.0
1.0

92.25
1.0
1.0

135.0
1.0
1.0

171.75
1.0
1.0

180.0
1.0
1.0

207.0
1.0
1.0

226.5
1.0
1.0

279.0
1.0
1.0

298.5
1.0
1.0

306.75
1.0
1.0

316.5
1.0
1.0

325.5
1.0
1.0

353.25
1.0
1.0

360.0
1.0
1.0

369.0
1.0
1.0

379.5
1.0
1.0

407.25
1.0
1.0

414.0
1.0
1.0

432.75
1.0
1.0

451.5
1.0
1.0

497.25
1.0
1.0

504.75
1.0
1.0

533.25
1.0
1.0

541.5
1.0
1.0

549.75
1.0
1.0

558.75
1.0
1.0

585.75
1.0
1.0

623.25
1.0
1.0

630.0
1.0
1.0

658.5
1.0
1.0

667.5
1.0
1.0

684.0
1.0
1.0

693.75
1.0
1.0

702.0
1.0
1.0

