9.0
1.0
1.0

20.25
1.0
1.0

37.5
1.0
1.0

65.25
1.0
1.0

72.0
1.0
1.0

99.75
1.0
1.0

135.0
1.0
1.0

154.5
1.0
1.0

180.0
1.0
1.0

190.5
1.0
1.0

209.25
1.0
1.0

245.25
1.0
1.0

252.0
1.0
1.0

271.5
1.0
1.0

279.75
1.0
1.0

315.75
1.0
1.0

333.0
1.0
1.0

361.5
1.0
1.0

378.0
1.0
1.0

389.25
1.0
1.0

405.0
1.0
1.0

423.0
1.0
1.0

432.0
1.0
1.0

460.5
1.0
1.0

477.75
1.0
1.0

487.5
1.0
1.0

504.75
1.0
1.0

522.0
1.0
1.0

540.0
1.0
1.0

576.0
1.0
1.0

594.0
1.0
1.0

614.25
1.0
1.0

621.75
1.0
1.0

659.25
1.0
1.0

686.25
1.0
1.0

703.5
1.0
1.0

