9.75
1.0
1.0

55.5
1.0
1.0

65.25
1.0
1.0

81.0
1.0
1.0

91.5
1.0
1.0

110.25
1.0
1.0

135.0
1.0
1.0

163.5
1.0
1.0

198.0
1.0
1.0

226.5
1.0
1.0

262.5
1.0
1.0

288.0
1.0
1.0

297.0
1.0
1.0

317.25
1.0
1.0

324.0
1.0
1.0

342.75
1.0
1.0

352.5
1.0
1.0

360.0
1.0
1.0

369.75
1.0
1.0

414.0
1.0
1.0

432.75
1.0
1.0

468.0
1.0
1.0

496.5
1.0
1.0

513.0
1.0
1.0

522.75
1.0
1.0

549.0
1.0
1.0

576.75
1.0
1.0

603.75
1.0
1.0

614.25
1.0
1.0

621.75
1.0
1.0

649.5
1.0
1.0

657.75
1.0
1.0

666.0
1.0
1.0

684.75
1.0
1.0

694.5
1.0
1.0

704.25
1.0
1.0

