1018.5
4.8
1.0

1027.0
4.8
1.0

1036.0
4.8
1.0

1047.0
4.8
1.0

1056.5
4.8
1.0

1073.5
4.8
1.0

1082.0
4.8
1.0

1141.5
4.8
1.0

1151.5
4.8
1.0

1161.5
4.8
1.0

1171.0
4.8
1.0

1198.5
4.8
1.0

1208.0
4.8
1.0

1225.0
4.8
1.0

1251.0
4.8
1.0

1270.5
4.8
1.0

1299.0
4.8
1.0

1358.0
4.8
1.0

1366.0
4.8
1.0

1376.5
4.8
1.0

1431.5
4.8
1.0

1441.5
4.8
1.0

1451.5
4.8
1.0

1460.5
4.8
1.0

1508.5
4.8
1.0

1556.5
4.8
1.0

1577.5
4.8
1.0

1587.5
4.8
1.0

1596.0
4.8
1.0

1604.0
4.8
1.0

1621.5
4.8
1.0

1630.0
4.8
1.0

1659.5
4.8
1.0

1697.0
4.8
1.0

1704.5
4.8
1.0

1714.5
4.8
1.0

1724.0
4.8
1.0

1753.0
4.8
1.0

1772.5
4.8
1.0

1788.5
4.8
1.0

1805.0
4.8
1.0

1814.5
4.8
1.0

1835.5
4.8
1.0

1845.5
4.8
1.0

1885.5
4.8
1.0

1932.5
4.8
1.0

1942.0
4.8
1.0

1970.0
4.8
1.0

