0.5
4.8
1.0

10.0
4.8
1.0

46.5
4.8
1.0

67.5
4.8
1.0

116.0
4.8
1.0

124.0
4.8
1.0

178.0
4.8
1.0

186.0
4.8
1.0

213.5
4.8
1.0

223.0
4.8
1.0

241.5
4.8
1.0

258.5
4.8
1.0

288.5
4.8
1.0

319.5
4.8
1.0

356.0
4.8
1.0

365.5
4.8
1.0

385.5
4.8
1.0

395.0
4.8
1.0

424.0
4.8
1.0

432.0
4.8
1.0

443.0
4.8
1.0

451.0
4.8
1.0

489.0
4.8
1.0

504.0
4.8
1.0

512.5
4.8
1.0

523.0
4.8
1.0

579.5
4.8
1.0

588.0
4.8
1.0

634.5
4.8
1.0

660.0
4.8
1.0

671.0
4.8
1.0

688.0
4.8
1.0

697.5
4.8
1.0

735.5
4.8
1.0

744.0
4.8
1.0

753.0
4.8
1.0

763.0
4.8
1.0

798.0
4.8
1.0

823.0
4.8
1.0

843.0
4.8
1.0

863.5
4.8
1.0

872.0
4.8
1.0

880.5
4.8
1.0

910.5
4.8
1.0

918.0
4.8
1.0

947.5
4.8
1.0

957.0
4.8
1.0

965.5
4.8
1.0

