1954.5
1.0
1.0

1962.75
1.0
1.0

1971.75
1.0
1.0

1982.25
1.0
1.0

2016.0
1.0
1.0

2025.0
1.0
1.0

2034.75
1.0
1.0

2061.75
1.0
1.0

2072.25
1.0
1.0

2088.0
1.0
1.0

2106.75
1.0
1.0

2126.25
1.0
1.0

2134.5
1.0
1.0

2153.25
1.0
1.0

2160.75
1.0
1.0

2189.25
1.0
1.0

2242.5
1.0
1.0

2269.5
1.0
1.0

2295.0
1.0
1.0

2313.0
1.0
1.0

2331.75
1.0
1.0

2351.25
1.0
1.0

2358.0
1.0
1.0

2378.25
1.0
1.0

2404.5
1.0
1.0

2457.0
1.0
1.0

2485.5
1.0
1.0

2495.25
1.0
1.0

2513.25
1.0
1.0

2549.25
1.0
1.0

2565.0
1.0
1.0

2574.75
1.0
1.0

2583.75
1.0
1.0

2620.5
1.0
1.0

2628.0
1.0
1.0

2637.75
1.0
1.0

2656.5
1.0
1.0

2664.0
1.0
1.0

2675.25
1.0
1.0

2682.0
1.0
1.0

2691.0
1.0
1.0

2709.0
1.0
1.0

2754.0
1.0
1.0

2772.0
1.0
1.0

2790.75
1.0
1.0

2809.5
1.0
1.0

2828.25
1.0
1.0

2837.25
1.0
1.0

2844.75
1.0
1.0

2871.75
1.0
1.0

2881.5
1.0
1.0

2899.5
1.0
1.0

2907.0
1.0
1.0

2916.0
1.0
1.0

2961.0
1.0
1.0

2979.75
1.0
1.0

3017.25
1.0
1.0

3044.25
1.0
1.0

3060.0
1.0
1.0

3096.75
1.0
1.0

3123.0
1.0
1.0

3132.75
1.0
1.0

3159.75
1.0
1.0

3195.75
1.0
1.0

3204.75
1.0
1.0

3215.25
1.0
1.0

3232.5
1.0
1.0

3269.25
1.0
1.0

3278.25
1.0
1.0

3296.25
1.0
1.0

3340.5
1.0
1.0

3348.75
1.0
1.0

