1971.0
1.0
1.0

1980.75
1.0
1.0

2026.5
1.0
1.0

2036.25
1.0
1.0

2044.5
1.0
1.0

2052.75
1.0
1.0

2061.0
1.0
1.0

2088.0
1.0
1.0

2142.75
1.0
1.0

2151.75
1.0
1.0

2160.75
1.0
1.0

2196.0
1.0
1.0

2214.0
1.0
1.0

2233.5
1.0
1.0

2241.75
1.0
1.0

2286.0
1.0
1.0

2322.0
1.0
1.0

2331.75
1.0
1.0

2396.25
1.0
1.0

2403.0
1.0
1.0

2414.25
1.0
1.0

2432.25
1.0
1.0

2449.5
1.0
1.0

2459.25
1.0
1.0

2466.75
1.0
1.0

2484.0
1.0
1.0

2504.25
1.0
1.0

2529.0
1.0
1.0

2549.25
1.0
1.0

2565.0
1.0
1.0

2594.25
1.0
1.0

2610.0
1.0
1.0

2621.25
1.0
1.0

2628.75
1.0
1.0

2638.5
1.0
1.0

2647.5
1.0
1.0

2666.25
1.0
1.0

2674.5
1.0
1.0

2700.0
1.0
1.0

2727.0
1.0
1.0

2756.25
1.0
1.0

2763.75
1.0
1.0

2791.5
1.0
1.0

2799.75
1.0
1.0

2809.5
1.0
1.0

2862.75
1.0
1.0

2890.5
1.0
1.0

2900.25
1.0
1.0

2925.75
1.0
1.0

2934.0
1.0
1.0

2944.5
1.0
1.0

2961.0
1.0
1.0

2970.0
1.0
1.0

2981.25
1.0
1.0

3015.75
1.0
1.0

3026.25
1.0
1.0

3035.25
1.0
1.0

3044.25
1.0
1.0

3078.75
1.0
1.0

3114.0
1.0
1.0

3132.0
1.0
1.0

3142.5
1.0
1.0

3152.25
1.0
1.0

3187.5
1.0
1.0

3214.5
1.0
1.0

3233.25
1.0
1.0

3259.5
1.0
1.0

3276.0
1.0
1.0

3296.25
1.0
1.0

3303.75
1.0
1.0

3340.5
1.0
1.0

3349.5
1.0
1.0

