496.8
1.5
1.0

553.3
1.5
1.0

561.3
1.5
1.0

610.3
1.5
1.0

629.3
1.5
1.0

659.8
1.5
1.0

716.3
1.5
1.0

725.3
1.5
1.0

753.3
1.5
1.0

912.8
1.5
1.0

1042.8
1.5
1.0

1138.8
1.5
1.0

1227.8
1.5
1.0

1244.8
1.5
1.0

1309.3
1.5
1.0

1317.3
1.5
1.0

1443.8
1.5
1.0

1462.8
1.5
1.0

1622.8
1.5
1.0

1652.3
1.5
1.0

1687.8
1.5
1.0

1735.3
1.5
1.0

1743.3
1.5
1.0

1869.8
1.5
1.0

1885.8
1.5
1.0

1895.3
1.5
1.0

2002.8
1.5
1.0

2019.3
1.5
1.0

2096.3
1.5
1.0

2123.3
1.5
1.0

2215.8
1.5
1.0

2222.8
1.5
1.0

