457.8
1.5
1.0

476.3
1.5
1.0

516.8
1.5
1.0

535.8
1.5
1.0

734.3
1.5
1.0

763.8
1.5
1.0

771.8
1.5
1.0

790.3
1.5
1.0

1024.3
1.5
1.0

1072.8
1.5
1.0

1129.3
1.5
1.0

1186.8
1.5
1.0

1216.8
1.5
1.0

1254.3
1.5
1.0

1263.3
1.5
1.0

1336.8
1.5
1.0

1501.3
1.5
1.0

1509.8
1.5
1.0

1556.8
1.5
1.0

1567.3
1.5
1.0

1697.3
1.5
1.0

1789.8
1.5
1.0

1832.3
1.5
1.0

1843.3
1.5
1.0

1905.8
1.5
1.0

1924.3
1.5
1.0

1962.3
1.5
1.0

1993.8
1.5
1.0

2037.8
1.5
1.0

2087.3
1.5
1.0

2143.3
1.5
1.0

2205.8
1.5
1.0

