81.5
4.8
1.0

98.0
4.8
1.0

107.0
4.8
1.0

136.0
4.8
1.0

153.5
4.8
1.0

163.5
4.8
1.0

193.0
4.8
1.0

201.5
4.8
1.0

211.0
4.8
1.0

237.5
4.8
1.0

282.5
4.8
1.0

300.0
4.8
1.0

346.0
4.8
1.0

375.5
4.8
1.0

395.0
4.8
1.0

403.5
4.8
1.0

412.5
4.8
1.0

450.0
4.8
1.0

468.5
4.8
1.0

493.5
4.8
1.0

520.0
4.8
1.0

528.0
4.8
1.0

557.0
4.8
1.0

564.5
4.8
1.0

582.0
4.8
1.0

600.0
4.8
1.0

608.0
4.8
1.0

637.0
4.8
1.0

656.0
4.8
1.0

664.0
4.8
1.0

682.0
4.8
1.0

710.0
4.8
1.0

720.5
4.8
1.0

728.0
4.8
1.0

754.0
4.8
1.0

765.0
4.8
1.0

774.5
4.8
1.0

831.0
4.8
1.0

860.5
4.8
1.0

869.5
4.8
1.0

906.5
4.8
1.0

917.5
4.8
1.0

926.0
4.8
1.0

946.0
4.8
1.0

967.0
4.8
1.0

1005.5
4.8
1.0

1034.5
4.8
1.0

1042.5
4.8
1.0

3020.0
4.8
1.0

3069.0
4.8
1.0

3076.0
4.8
1.0

3087.0
4.8
1.0

3097.5
4.8
1.0

3116.0
4.8
1.0

3124.5
4.8
1.0

3171.5
4.8
1.0

3180.0
4.8
1.0

3198.5
4.8
1.0

3206.0
4.8
1.0

3233.5
4.8
1.0

3253.5
4.8
1.0

3262.0
4.8
1.0

3270.0
4.8
1.0

3289.0
4.8
1.0

3296.0
4.8
1.0

3330.0
4.8
1.0

3348.5
4.8
1.0

3356.0
4.8
1.0

3382.0
4.8
1.0

3419.5
4.8
1.0

3468.5
4.8
1.0

3505.5
4.8
1.0

3515.0
4.8
1.0

3525.5
4.8
1.0

3535.0
4.8
1.0

3569.5
4.8
1.0

3596.5
4.8
1.0

3606.5
4.8
1.0

3626.5
4.8
1.0

3665.5
4.8
1.0

3675.0
4.8
1.0

3683.0
4.8
1.0

3692.5
4.8
1.0

3731.0
4.8
1.0

3767.0
4.8
1.0

3804.0
4.8
1.0

3814.5
4.8
1.0

3834.0
4.8
1.0

3843.0
4.8
1.0

3871.5
4.8
1.0

3881.5
4.8
1.0

3900.0
4.8
1.0

3918.5
4.8
1.0

3929.0
4.8
1.0

3964.5
4.8
1.0

3974.5
4.8
1.0

