394.3
1.5
1.0

444.3
1.5
1.0

464.8
1.5
1.0

560.8
1.5
1.0

693.8
1.5
1.0

701.3
1.5
1.0

729.3
1.5
1.0

766.3
1.5
1.0

811.3
1.5
1.0

820.3
1.5
1.0

839.8
1.5
1.0

873.3
1.5
1.0

939.8
1.5
1.0

973.3
1.5
1.0

1002.3
1.5
1.0

1059.8
1.5
1.0

1098.3
1.5
1.0

1107.8
1.5
1.0

1114.8
1.5
1.0

1172.8
1.5
1.0

1199.3
1.5
1.0

1217.3
1.5
1.0

1225.8
1.5
1.0

1340.8
1.5
1.0

3287.8
1.5
1.0

3331.3
1.5
1.0

3351.3
1.5
1.0

3370.3
1.5
1.0

3388.3
1.5
1.0

3445.3
1.5
1.0

3463.3
1.5
1.0

3482.8
1.5
1.0

3584.8
1.5
1.0

3731.3
1.5
1.0

3789.3
1.5
1.0

3817.8
1.5
1.0

3825.3
1.5
1.0

3916.3
1.5
1.0

4007.8
1.5
1.0

4032.3
1.5
1.0

4078.3
1.5
1.0

4087.8
1.5
1.0

4104.8
1.5
1.0

4122.8
1.5
1.0

4131.3
1.5
1.0

4186.8
1.5
1.0

4196.3
1.5
1.0

4240.8
1.5
1.0

