1077.8
1.5
1.0

1096.3
1.5
1.0

1151.8
1.5
1.0

1161.8
1.5
1.0

1171.8
1.5
1.0

1255.8
1.5
1.0

1345.8
1.5
1.0

1402.8
1.5
1.0

1411.8
1.5
1.0

1544.8
1.5
1.0

1627.8
1.5
1.0

1758.8
1.5
1.0

1814.8
1.5
1.0

1844.3
1.5
1.0

1883.8
1.5
1.0

1900.3
1.5
1.0

2041.3
1.5
1.0

2150.3
1.5
1.0

2168.3
1.5
1.0

2281.8
1.5
1.0

2291.3
1.5
1.0

2300.3
1.5
1.0

2346.3
1.5
1.0

2418.8
1.5
1.0

2439.3
1.5
1.0

2455.8
1.5
1.0

2473.8
1.5
1.0

2537.3
1.5
1.0

2554.8
1.5
1.0

2621.8
1.5
1.0

2792.8
1.5
1.0

2850.3
1.5
1.0

