367.3
1.5
1.0

459.3
1.5
1.0

516.3
1.5
1.0

527.3
1.5
1.0

546.3
1.5
1.0

577.8
1.5
1.0

603.3
1.5
1.0

631.3
1.5
1.0

687.3
1.5
1.0

713.8
1.5
1.0

758.3
1.5
1.0

832.8
1.5
1.0

851.3
1.5
1.0

886.3
1.5
1.0

897.8
1.5
1.0

932.3
1.5
1.0

1013.8
1.5
1.0

1022.3
1.5
1.0

1072.3
1.5
1.0

1109.8
1.5
1.0

1142.8
1.5
1.0

1152.3
1.5
1.0

1206.3
1.5
1.0

1216.3
1.5
1.0

3142.8
1.5
1.0

3170.8
1.5
1.0

3211.3
1.5
1.0

3230.8
1.5
1.0

3241.3
1.5
1.0

3259.8
1.5
1.0

3285.3
1.5
1.0

3311.8
1.5
1.0

3328.8
1.5
1.0

3365.8
1.5
1.0

3466.8
1.5
1.0

3539.8
1.5
1.0

3548.8
1.5
1.0

3557.8
1.5
1.0

3643.8
1.5
1.0

3754.3
1.5
1.0

3783.8
1.5
1.0

3840.8
1.5
1.0

3857.8
1.5
1.0

3943.8
1.5
1.0

3970.3
1.5
1.0

4010.3
1.5
1.0

4020.8
1.5
1.0

4065.8
1.5
1.0

