1222.0
4.8
1.0

1289.0
4.8
1.0

1309.0
4.8
1.0

1318.0
4.8
1.0

1348.0
4.8
1.0

1387.5
4.8
1.0

1397.5
4.8
1.0

1406.0
4.8
1.0

1441.5
4.8
1.0

1450.5
4.8
1.0

1502.5
4.8
1.0

1533.0
4.8
1.0

1543.0
4.8
1.0

1563.0
4.8
1.0

1621.5
4.8
1.0

1713.5
4.8
1.0

1750.0
4.8
1.0

1758.5
4.8
1.0

1776.5
4.8
1.0

1796.5
4.8
1.0

1813.5
4.8
1.0

1916.5
4.8
1.0

1942.5
4.8
1.0

1971.5
4.8
1.0

2000.5
4.8
1.0

2036.0
4.8
1.0

2054.0
4.8
1.0

2072.0
4.8
1.0

2127.5
4.8
1.0

2136.0
4.8
1.0

2155.5
4.8
1.0

2174.0
4.8
1.0

