1241.0
4.8
1.0

1264.5
4.8
1.0

1298.5
4.8
1.0

1329.5
4.8
1.0

1369.0
4.8
1.0

1378.5
4.8
1.0

1414.0
4.8
1.0

1430.0
4.8
1.0

1460.5
4.8
1.0

1485.5
4.8
1.0

1494.0
4.8
1.0

1523.5
4.8
1.0

1573.5
4.8
1.0

1631.5
4.8
1.0

1641.5
4.8
1.0

1651.5
4.8
1.0

1661.0
4.8
1.0

1766.5
4.8
1.0

1804.5
4.8
1.0

1822.0
4.8
1.0

1842.0
4.8
1.0

1860.0
4.8
1.0

1869.5
4.8
1.0

1907.5
4.8
1.0

1925.0
4.8
1.0

1933.5
4.8
1.0

1961.5
4.8
1.0

1990.0
4.8
1.0

2028.5
4.8
1.0

2091.5
4.8
1.0

2118.0
4.8
1.0

2144.0
4.8
1.0

