3033.5
4.8
1.0

3052.0
4.8
1.0

3072.0
4.8
1.0

3098.0
4.8
1.0

3117.0
4.8
1.0

3145.5
4.8
1.0

3155.5
4.8
1.0

3164.5
4.8
1.0

3195.5
4.8
1.0

3241.0
4.8
1.0

3250.0
4.8
1.0

3260.0
4.8
1.0

3268.5
4.8
1.0

3287.5
4.8
1.0

3297.0
4.8
1.0

3322.5
4.8
1.0

3331.5
4.8
1.0

3351.0
4.8
1.0

3405.5
4.8
1.0

3414.5
4.8
1.0

3423.5
4.8
1.0

3443.0
4.8
1.0

3498.5
4.8
1.0

3507.5
4.8
1.0

3525.0
4.8
1.0

3534.5
4.8
1.0

3553.5
4.8
1.0

3583.0
4.8
1.0

3621.5
4.8
1.0

3631.5
4.8
1.0

3658.0
4.8
1.0

3667.5
4.8
1.0

3677.5
4.8
1.0

3713.0
4.8
1.0

3723.5
4.8
1.0

3743.0
4.8
1.0

3750.0
4.8
1.0

3766.0
4.8
1.0

3777.5
4.8
1.0

3794.0
4.8
1.0

3841.0
4.8
1.0

3859.0
4.8
1.0

3868.5
4.8
1.0

3904.5
4.8
1.0

3915.0
4.8
1.0

3924.5
4.8
1.0

3942.5
4.8
1.0

3951.0
4.8
1.0

