2969.0
4.8
1.0

2985.0
4.8
1.0

3004.5
4.8
1.0

3012.0
4.8
1.0

3039.5
4.8
1.0

3058.0
4.8
1.0

3066.0
4.8
1.0

3077.0
4.8
1.0

3131.5
4.8
1.0

3141.0
4.8
1.0

3180.5
4.8
1.0

3190.5
4.8
1.0

3210.5
4.8
1.0

3245.5
4.8
1.0

3254.0
4.8
1.0

3262.0
4.8
1.0

3278.0
4.8
1.0

3297.0
4.8
1.0

3317.0
4.8
1.0

3326.0
4.8
1.0

3334.5
4.8
1.0

3379.0
4.8
1.0

3389.5
4.8
1.0

3398.5
4.8
1.0

3406.5
4.8
1.0

3431.0
4.8
1.0

3461.0
4.8
1.0

3491.0
4.8
1.0

3518.5
4.8
1.0

3526.5
4.8
1.0

3537.5
4.8
1.0

3556.0
4.8
1.0

3601.0
4.8
1.0

3610.0
4.8
1.0

3638.5
4.8
1.0

3657.0
4.8
1.0

3675.5
4.8
1.0

3695.0
4.8
1.0

3704.0
4.8
1.0

3733.5
4.8
1.0

3790.5
4.8
1.0

3809.0
4.8
1.0

3829.5
4.8
1.0

3839.0
4.8
1.0

3859.0
4.8
1.0

3908.0
4.8
1.0

3917.0
4.8
1.0

3926.5
4.8
1.0

