3189.5
4.8
1.0

3233.5
4.8
1.0

3242.5
4.8
1.0

3253.0
4.8
1.0

3261.5
4.8
1.0

3309.0
4.8
1.0

3319.0
4.8
1.0

3327.0
4.8
1.0

3345.0
4.8
1.0

3353.5
4.8
1.0

3362.5
4.8
1.0

3373.5
4.8
1.0

3410.5
4.8
1.0

3419.5
4.8
1.0

3438.5
4.8
1.0

3449.5
4.8
1.0

3492.0
4.8
1.0

3511.0
4.8
1.0

3518.5
4.8
1.0

3529.0
4.8
1.0

3546.0
4.8
1.0

3564.0
4.8
1.0

3572.5
4.8
1.0

3603.0
4.8
1.0

3620.5
4.8
1.0

3629.5
4.8
1.0

3639.5
4.8
1.0

3685.5
4.8
1.0

3718.5
4.8
1.0

3729.0
4.8
1.0

3738.0
4.8
1.0

3794.0
4.8
1.0

3803.0
4.8
1.0

3829.0
4.8
1.0

3846.0
4.8
1.0

3854.0
4.8
1.0

3862.0
4.8
1.0

3891.0
4.8
1.0

3917.5
4.8
1.0

3926.5
4.8
1.0

3937.0
4.8
1.0

3947.5
4.8
1.0

3977.0
4.8
1.0

4034.0
4.8
1.0

4068.0
4.8
1.0

4077.0
4.8
1.0

4095.5
4.8
1.0

4105.0
4.8
1.0

