3198.0
4.8
1.0

3206.5
4.8
1.0

3216.5
4.8
1.0

3270.0
4.8
1.0

3280.5
4.8
1.0

3288.0
4.8
1.0

3299.5
4.8
1.0

3336.0
4.8
1.0

3382.5
4.8
1.0

3392.5
4.8
1.0

3403.0
4.8
1.0

3459.0
4.8
1.0

3466.0
4.8
1.0

3474.0
4.8
1.0

3484.0
4.8
1.0

3538.0
4.8
1.0

3555.5
4.8
1.0

3593.5
4.8
1.0

3611.0
4.8
1.0

3648.5
4.8
1.0

3656.5
4.8
1.0

3666.5
4.8
1.0

3694.0
4.8
1.0

3703.0
4.8
1.0

3710.0
4.8
1.0

3759.0
4.8
1.0

3766.0
4.8
1.0

3776.0
4.8
1.0

3784.5
4.8
1.0

3812.5
4.8
1.0

3820.0
4.8
1.0

3870.5
4.8
1.0

3881.5
4.8
1.0

3900.0
4.8
1.0

3957.5
4.8
1.0

3967.5
4.8
1.0

3987.5
4.8
1.0

3997.0
4.8
1.0

4016.5
4.8
1.0

4025.5
4.8
1.0

4043.0
4.8
1.0

4051.0
4.8
1.0

4059.5
4.8
1.0

4086.5
4.8
1.0

4115.5
4.8
1.0

4125.0
4.8
1.0

4132.0
4.8
1.0

4140.0
4.8
1.0

