91.5
4.8
1.0

108.0
4.8
1.0

116.5
4.8
1.0

171.5
4.8
1.0

180.5
4.8
1.0

198.0
4.8
1.0

228.5
4.8
1.0

246.0
4.8
1.0

275.5
4.8
1.0

300.5
4.8
1.0

320.5
4.8
1.0

366.5
4.8
1.0

385.5
4.8
1.0

414.5
4.8
1.0

431.0
4.8
1.0

510.0
4.8
1.0

535.5
4.8
1.0

570.0
4.8
1.0

604.5
4.8
1.0

622.0
4.8
1.0

632.0
4.8
1.0

641.0
4.8
1.0

739.5
4.8
1.0

768.0
4.8
1.0

777.0
4.8
1.0

803.5
4.8
1.0

812.0
4.8
1.0

839.5
4.8
1.0

849.0
4.8
1.0

884.5
4.8
1.0

1005.5
4.8
1.0

1025.5
4.8
1.0

1034.0
4.8
1.0

1043.5
4.8
1.0

1062.5
4.8
1.0

1080.0
4.8
1.0

1117.0
4.8
1.0

1124.0
4.8
1.0

1143.0
4.8
1.0

1178.5
4.8
1.0

1206.5
4.8
1.0

1291.5
4.8
1.0

1375.0
4.8
1.0

1395.5
4.8
1.0

1422.0
4.8
1.0

1439.0
4.8
1.0

1448.0
4.8
1.0

1475.5
4.8
1.0

1511.0
4.8
1.0

1520.5
4.8
1.0

1538.0
4.8
1.0

1567.0
4.8
1.0

1594.0
4.8
1.0

1625.0
4.8
1.0

1645.5
4.8
1.0

1709.0
4.8
1.0

1757.5
4.8
1.0

1832.0
4.8
1.0

1851.0
4.8
1.0

1868.5
4.8
1.0

1899.0
4.8
1.0

1917.5
4.8
1.0

1936.0
4.8
1.0

1956.5
4.8
1.0

