2103.3
4.8
1.0

2122.3
4.8
1.0

2132.3
4.8
1.0

2216.3
4.8
1.0

2225.8
4.8
1.0

2254.3
4.8
1.0

2298.3
4.8
1.0

2355.3
4.8
1.0

2391.8
4.8
1.0

2419.8
4.8
1.0

2435.3
4.8
1.0

2517.8
4.8
1.0

2541.3
4.8
1.0

2578.3
4.8
1.0

2597.8
4.8
1.0

2606.8
4.8
1.0

2644.8
4.8
1.0

2693.3
4.8
1.0

2702.3
4.8
1.0

2798.3
4.8
1.0

2808.3
4.8
1.0

2869.8
4.8
1.0

2904.8
4.8
1.0

2971.3
4.8
1.0

3082.8
4.8
1.0

3127.3
4.8
1.0

3137.3
4.8
1.0

3157.3
4.8
1.0

3176.8
4.8
1.0

3185.8
4.8
1.0

3203.8
4.8
1.0

3239.8
4.8
1.0

3301.3
4.8
1.0

3359.3
4.8
1.0

3455.3
4.8
1.0

3483.3
4.8
1.0

3517.3
4.8
1.0

3557.3
4.8
1.0

3575.8
4.8
1.0

3594.3
4.8
1.0

3612.8
4.8
1.0

3666.8
4.8
1.0

3722.3
4.8
1.0

3742.3
4.8
1.0

3782.3
4.8
1.0

3821.8
4.8
1.0

3886.3
4.8
1.0

3906.8
4.8
1.0

