2018.3
4.8
1.0

2027.8
4.8
1.0

2047.3
4.8
1.0

2113.3
4.8
1.0

2172.3
4.8
1.0

2189.3
4.8
1.0

2263.3
4.8
1.0

2307.3
4.8
1.0

2327.8
4.8
1.0

2336.3
4.8
1.0

2373.3
4.8
1.0

2408.8
4.8
1.0

2525.3
4.8
1.0

2551.3
4.8
1.0

2617.8
4.8
1.0

2673.8
4.8
1.0

2712.3
4.8
1.0

2722.3
4.8
1.0

2732.8
4.8
1.0

2835.8
4.8
1.0

2852.8
4.8
1.0

2885.3
4.8
1.0

2923.8
4.8
1.0

2952.8
4.8
1.0

2990.8
4.8
1.0

3000.3
4.8
1.0

3020.8
4.8
1.0

3037.3
4.8
1.0

3054.3
4.8
1.0

3064.8
4.8
1.0

3166.8
4.8
1.0

3247.8
4.8
1.0

3311.8
4.8
1.0

3348.3
4.8
1.0

3406.3
4.8
1.0

3426.8
4.8
1.0

3492.8
4.8
1.0

3501.3
4.8
1.0

3527.8
4.8
1.0

3622.3
4.8
1.0

3659.8
4.8
1.0

3694.3
4.8
1.0

3705.8
4.8
1.0

3733.3
4.8
1.0

3762.8
4.8
1.0

3803.3
4.8
1.0

3936.8
4.8
1.0

3946.8
4.8
1.0

