3144.0
4.8
1.0

3162.5
4.8
1.0

3189.0
4.8
1.0

3267.5
4.8
1.0

3295.5
4.8
1.0

3305.0
4.8
1.0

3313.5
4.8
1.0

3359.0
4.8
1.0

3451.0
4.8
1.0

3480.0
4.8
1.0

3552.0
4.8
1.0

3600.0
4.8
1.0

3657.5
4.8
1.0

3714.0
4.8
1.0

3739.5
4.8
1.0

3805.0
4.8
1.0

3815.0
4.8
1.0

3825.5
4.8
1.0

3865.5
4.8
1.0

3874.5
4.8
1.0

3884.5
4.8
1.0

3902.0
4.8
1.0

3918.0
4.8
1.0

3928.0
4.8
1.0

3963.0
4.8
1.0

3970.0
4.8
1.0

3991.0
4.8
1.0

4008.0
4.8
1.0

4026.5
4.8
1.0

4046.0
4.8
1.0

4080.5
4.8
1.0

4101.0
4.8
1.0

