2994.5
4.8
1.0

3012.5
4.8
1.0

3028.5
4.8
1.0

3074.0
4.8
1.0

3083.0
4.8
1.0

3108.5
4.8
1.0

3132.0
4.8
1.0

3140.5
4.8
1.0

3167.0
4.8
1.0

3177.5
4.8
1.0

3239.5
4.8
1.0

3249.0
4.8
1.0

3267.0
4.8
1.0

3311.5
4.8
1.0

3330.0
4.8
1.0

3346.0
4.8
1.0

3388.0
4.8
1.0

3414.0
4.8
1.0

3422.5
4.8
1.0

3451.5
4.8
1.0

3487.5
4.8
1.0

3560.5
4.8
1.0

3607.0
4.8
1.0

3646.5
4.8
1.0

3654.0
4.8
1.0

3671.0
4.8
1.0

3688.5
4.8
1.0

3698.5
4.8
1.0

3755.5
4.8
1.0

3773.0
4.8
1.0

3839.5
4.8
1.0

3924.0
4.8
1.0

