3003.5
4.8
1.0

3037.0
4.8
1.0

3045.5
4.8
1.0

3065.0
4.8
1.0

3101.0
4.8
1.0

3186.0
4.8
1.0

3221.5
4.8
1.0

3258.0
4.8
1.0

3274.0
4.8
1.0

3283.0
4.8
1.0

3293.5
4.8
1.0

3339.0
4.8
1.0

3354.5
4.8
1.0

3372.0
4.8
1.0

3380.0
4.8
1.0

3470.5
4.8
1.0

3504.5
4.8
1.0

3512.0
4.8
1.0

3531.5
4.8
1.0

3551.5
4.8
1.0

3569.5
4.8
1.0

3616.5
4.8
1.0

3627.0
4.8
1.0

3662.0
4.8
1.0

3678.0
4.8
1.0

3717.5
4.8
1.0

3726.5
4.8
1.0

3781.0
4.8
1.0

3799.5
4.8
1.0

3877.5
4.8
1.0

3897.5
4.8
1.0

3915.5
4.8
1.0

