2.25
1.0
1.0

9.75
1.0
1.0

20.25
1.0
1.0

54.0
1.0
1.0

74.25
1.0
1.0

117.75
1.0
1.0

126.0
1.0
1.0

135.0
1.0
1.0

162.0
1.0
1.0

171.0
1.0
1.0

189.0
1.0
1.0

207.75
1.0
1.0

243.75
1.0
1.0

289.5
1.0
1.0

306.75
1.0
1.0

324.75
1.0
1.0

342.0
1.0
1.0

361.5
1.0
1.0

371.25
1.0
1.0

378.75
1.0
1.0

397.5
1.0
1.0

425.25
1.0
1.0

451.5
1.0
1.0

468.0
1.0
1.0

495.75
1.0
1.0

541.5
1.0
1.0

558.75
1.0
1.0

587.25
1.0
1.0

612.75
1.0
1.0

623.25
1.0
1.0

630.75
1.0
1.0

640.5
1.0
1.0

677.25
1.0
1.0

684.75
1.0
1.0

693.0
1.0
1.0

704.25
1.0
1.0

