20.25
1.0
1.0

63.75
1.0
1.0

74.25
1.0
1.0

81.75
1.0
1.0

90.75
1.0
1.0

117.0
1.0
1.0

145.5
1.0
1.0

162.75
1.0
1.0

180.0
1.0
1.0

198.75
1.0
1.0

225.0
1.0
1.0

245.25
1.0
1.0

263.25
1.0
1.0

288.0
1.0
1.0

297.75
1.0
1.0

315.75
1.0
1.0

324.0
1.0
1.0

335.25
1.0
1.0

342.75
1.0
1.0

361.5
1.0
1.0

371.25
1.0
1.0

396.0
1.0
1.0

414.0
1.0
1.0

443.25
1.0
1.0

451.5
1.0
1.0

460.5
1.0
1.0

488.25
1.0
1.0

515.25
1.0
1.0

522.0
1.0
1.0

531.75
1.0
1.0

540.75
1.0
1.0

594.75
1.0
1.0

612.75
1.0
1.0

621.0
1.0
1.0

657.0
1.0
1.0

677.25
1.0
1.0

693.75
1.0
1.0

729.75
1.0
1.0

740.25
1.0
1.0

756.75
1.0
1.0

765.75
1.0
1.0

775.5
1.0
1.0

