379.0
4.8
1.0

389.0
4.8
1.0

398.0
4.8
1.0

416.5
4.8
1.0

435.0
4.8
1.0

463.0
4.8
1.0

472.0
4.8
1.0

527.0
4.8
1.0

535.0
4.8
1.0

552.5
4.8
1.0

560.5
4.8
1.0

571.0
4.8
1.0

608.0
4.8
1.0

618.5
4.8
1.0

626.0
4.8
1.0

634.5
4.8
1.0

660.0
4.8
1.0

690.0
4.8
1.0

735.5
4.8
1.0

755.0
4.8
1.0

773.5
4.8
1.0

783.0
4.8
1.0

793.0
4.8
1.0

831.5
4.8
1.0

859.5
4.8
1.0

878.5
4.8
1.0

889.0
4.8
1.0

916.5
4.8
1.0

924.0
4.8
1.0

958.5
4.8
1.0

969.5
4.8
1.0

988.0
4.8
1.0

1031.5
4.8
1.0

1048.5
4.8
1.0

1058.0
4.8
1.0

1066.5
4.8
1.0

1113.5
4.8
1.0

1123.5
4.8
1.0

1141.5
4.8
1.0

1180.5
4.8
1.0

1189.0
4.8
1.0

1234.5
4.8
1.0

1244.5
4.8
1.0

1254.0
4.8
1.0

1262.0
4.8
1.0

1309.0
4.8
1.0

1319.0
4.8
1.0

1338.0
4.8
1.0

1385.5
4.8
1.0

1405.5
4.8
1.0

1414.5
4.8
1.0

1422.5
4.8
1.0

1440.5
4.8
1.0

1472.0
4.8
1.0

1508.0
4.8
1.0

1518.5
4.8
1.0

1527.0
4.8
1.0

1554.0
4.8
1.0

1564.5
4.8
1.0

1601.0
4.8
1.0

1619.0
4.8
1.0

1629.5
4.8
1.0

1639.5
4.8
1.0

1669.5
4.8
1.0

1686.0
4.8
1.0

1705.0
4.8
1.0

1758.0
4.8
1.0

1766.5
4.8
1.0

1794.5
4.8
1.0

1804.0
4.8
1.0

1834.0
4.8
1.0

1854.5
4.8
1.0

1882.0
4.8
1.0

1892.0
4.8
1.0

1910.5
4.8
1.0

1945.0
4.8
1.0

1980.5
4.8
1.0

1996.5
4.8
1.0

2005.0
4.8
1.0

2015.0
4.8
1.0

2024.0
4.8
1.0

2043.5
4.8
1.0

2082.0
4.8
1.0

2101.0
4.8
1.0

2118.0
4.8
1.0

2128.5
4.8
1.0

2138.0
4.8
1.0

2176.0
4.8
1.0

2185.5
4.8
1.0

2222.5
4.8
1.0

2231.5
4.8
1.0

2241.5
4.8
1.0

2261.0
4.8
1.0

2269.5
4.8
1.0

2288.0
4.8
1.0

2297.5
4.8
1.0

