408.5
4.8
1.0

425.0
4.8
1.0

445.0
4.8
1.0

454.0
4.8
1.0

480.0
4.8
1.0

488.5
4.8
1.0

499.0
4.8
1.0

509.0
4.8
1.0

544.0
4.8
1.0

580.0
4.8
1.0

589.5
4.8
1.0

644.0
4.8
1.0

653.0
4.8
1.0

681.5
4.8
1.0

700.5
4.8
1.0

708.5
4.8
1.0

717.5
4.8
1.0

726.5
4.8
1.0

745.0
4.8
1.0

802.0
4.8
1.0

811.0
4.8
1.0

821.0
4.8
1.0

840.0
4.8
1.0

849.0
4.8
1.0

899.0
4.8
1.0

906.5
4.8
1.0

932.0
4.8
1.0

941.0
4.8
1.0

950.0
4.8
1.0

996.0
4.8
1.0

1005.5
4.8
1.0

1014.0
4.8
1.0

1022.0
4.8
1.0

1075.0
4.8
1.0

1083.5
4.8
1.0

1093.5
4.8
1.0

1133.0
4.8
1.0

1150.5
4.8
1.0

1161.0
4.8
1.0

1170.5
4.8
1.0

1196.5
4.8
1.0

1215.5
4.8
1.0

1224.5
4.8
1.0

1270.5
4.8
1.0

1280.0
4.8
1.0

1291.0
4.8
1.0

1299.5
4.8
1.0

1329.5
4.8
1.0

1346.5
4.8
1.0

1356.5
4.8
1.0

1365.5
4.8
1.0

1375.5
4.8
1.0

1431.0
4.8
1.0

1448.0
4.8
1.0

1456.5
4.8
1.0

1480.5
4.8
1.0

1491.0
4.8
1.0

1499.0
4.8
1.0

1537.0
4.8
1.0

1546.0
4.8
1.0

1572.5
4.8
1.0

1582.0
4.8
1.0

1609.5
4.8
1.0

1649.5
4.8
1.0

1679.0
4.8
1.0

1695.5
4.8
1.0

1714.0
4.8
1.0

1723.0
4.8
1.0

1733.5
4.8
1.0

1742.0
4.8
1.0

1775.5
4.8
1.0

1785.5
4.8
1.0

1814.0
4.8
1.0

1844.5
4.8
1.0

1863.0
4.8
1.0

1872.5
4.8
1.0

1901.0
4.8
1.0

1918.0
4.8
1.0

1926.5
4.8
1.0

1937.0
4.8
1.0

1962.5
4.8
1.0

1971.5
4.8
1.0

1988.5
4.8
1.0

2034.0
4.8
1.0

2053.0
4.8
1.0

2073.0
4.8
1.0

2092.5
4.8
1.0

2109.0
4.8
1.0

2147.0
4.8
1.0

2157.5
4.8
1.0

2195.5
4.8
1.0

2205.5
4.8
1.0

2214.5
4.8
1.0

2250.5
4.8
1.0

2279.0
4.8
1.0

2306.0
4.8
1.0

