306.0
1.0
1.0

316.5
1.0
1.0

326.25
1.0
1.0

342.75
1.0
1.0

380.25
1.0
1.0

387.75
1.0
1.0

414.0
1.0
1.0

432.0
1.0
1.0

531.0
1.0
1.0

577.5
1.0
1.0

621.75
1.0
1.0

639.0
1.0
1.0

649.5
1.0
1.0

676.5
1.0
1.0

684.75
1.0
1.0

694.5
1.0
1.0

730.5
1.0
1.0

785.25
1.0
1.0

945.75
1.0
1.0

972.75
1.0
1.0

981.0
1.0
1.0

999.0
1.0
1.0

1010.25
1.0
1.0

1035.75
1.0
1.0

1044.0
1.0
1.0

1053.0
1.0
1.0

1072.5
1.0
1.0

1089.0
1.0
1.0

1136.25
1.0
1.0

1143.75
1.0
1.0

1154.25
1.0
1.0

1162.5
1.0
1.0

1208.25
1.0
1.0

1252.5
1.0
1.0

1261.5
1.0
1.0

1314.0
1.0
1.0

1359.75
1.0
1.0

1369.5
1.0
1.0

1432.5
1.0
1.0

1449.75
1.0
1.0

1503.0
1.0
1.0

1531.5
1.0
1.0

1602.75
1.0
1.0

1613.25
1.0
1.0

1647.75
1.0
1.0

1674.75
1.0
1.0

1693.5
1.0
1.0

1729.5
1.0
1.0

1737.0
1.0
1.0

1757.25
1.0
1.0

1818.75
1.0
1.0

1847.25
1.0
1.0

1854.75
1.0
1.0

1864.5
1.0
1.0

1899.75
1.0
1.0

1937.25
1.0
1.0

