2197.5
4.8
1.0

2235.5
4.8
1.0

2263.0
4.8
1.0

2282.0
4.8
1.0

2413.0
4.8
1.0

2449.0
4.8
1.0

2467.0
4.8
1.0

2475.0
4.8
1.0

2493.5
4.8
1.0

2502.5
4.8
1.0

2521.0
4.8
1.0

2539.5
4.8
1.0

2569.0
4.8
1.0

2587.5
4.8
1.0

2607.0
4.8
1.0

2632.0
4.8
1.0

2667.0
4.8
1.0

2732.0
4.8
1.0

2753.5
4.8
1.0

2803.0
4.8
1.0

2838.0
4.8
1.0

2878.5
4.8
1.0

2905.5
4.8
1.0

2951.0
4.8
1.0

2978.5
4.8
1.0

3042.5
4.8
1.0

3068.5
4.8
1.0

3076.0
4.8
1.0

3087.5
4.8
1.0

3112.5
4.8
1.0

3122.5
4.8
1.0

3139.0
4.8
1.0

3167.5
4.8
1.0

3231.0
4.8
1.0

3241.0
4.8
1.0

3261.5
4.8
1.0

3270.0
4.8
1.0

3337.5
4.8
1.0

3364.5
4.8
1.0

3373.0
4.8
1.0

3438.0
4.8
1.0

3496.0
4.8
1.0

3517.5
4.8
1.0

3527.5
4.8
1.0

3536.0
4.8
1.0

3564.0
4.8
1.0

3572.5
4.8
1.0

3635.0
4.8
1.0

3731.5
4.8
1.0

3749.0
4.8
1.0

3778.0
4.8
1.0

3858.5
4.8
1.0

3866.0
4.8
1.0

3884.0
4.8
1.0

3894.0
4.8
1.0

3910.5
4.8
1.0

3918.5
4.8
1.0

3954.5
4.8
1.0

3980.0
4.8
1.0

3998.0
4.8
1.0

4016.0
4.8
1.0

4025.0
4.8
1.0

4045.5
4.8
1.0

4122.5
4.8
1.0

