333.0
1.0
1.0

398.25
1.0
1.0

414.75
1.0
1.0

441.0
1.0
1.0

450.75
1.0
1.0

461.25
1.0
1.0

551.25
1.0
1.0

560.25
1.0
1.0

567.0
1.0
1.0

576.0
1.0
1.0

631.5
1.0
1.0

639.75
1.0
1.0

740.25
1.0
1.0

774.75
1.0
1.0

820.5
1.0
1.0

829.5
1.0
1.0

873.0
1.0
1.0

900.0
1.0
1.0

927.75
1.0
1.0

937.5
1.0
1.0

972.0
1.0
1.0

1001.25
1.0
1.0

1017.0
1.0
1.0

1027.5
1.0
1.0

1037.25
1.0
1.0

1071.75
1.0
1.0

1080.75
1.0
1.0

1091.25
1.0
1.0

1152.0
1.0
1.0

1199.25
1.0
1.0

1234.5
1.0
1.0

1244.25
1.0
1.0

1270.5
1.0
1.0

1278.75
1.0
1.0

1297.5
1.0
1.0

1323.75
1.0
1.0

1388.25
1.0
1.0

1414.5
1.0
1.0

1423.5
1.0
1.0

1432.5
1.0
1.0

1449.75
1.0
1.0

1458.75
1.0
1.0

1611.75
1.0
1.0

1622.25
1.0
1.0

1649.25
1.0
1.0

1692.0
1.0
1.0

1702.5
1.0
1.0

1711.5
1.0
1.0

1747.5
1.0
1.0

1765.5
1.0
1.0

1784.25
1.0
1.0

1809.75
1.0
1.0

1820.25
1.0
1.0

1863.0
1.0
1.0

1872.0
1.0
1.0

1881.75
1.0
1.0

