2259.3
1.5
1.0

2373.8
1.5
1.0

2426.8
1.5
1.0

2445.3
1.5
1.0

2655.3
1.5
1.0

2682.3
1.5
1.0

2748.3
1.5
1.0

2825.8
1.5
1.0

2834.3
1.5
1.0

2854.3
1.5
1.0

2901.3
1.5
1.0

3055.8
1.5
1.0

3064.3
1.5
1.0

3108.8
1.5
1.0

3135.8
1.5
1.0

3152.8
1.5
1.0

3181.8
1.5
1.0

3257.8
1.5
1.0

3303.3
1.5
1.0

3398.3
1.5
1.0

3492.3
1.5
1.0

3513.8
1.5
1.0

3561.8
1.5
1.0

3597.3
1.5
1.0

3621.3
1.5
1.0

3717.3
1.5
1.0

3745.8
1.5
1.0

3839.8
1.5
1.0

3855.8
1.5
1.0

3994.3
1.5
1.0

4061.8
1.5
1.0

4090.3
1.5
1.0

