1995.25
2.0
1.0

2008.75
2.0
1.0

2020.0
2.0
1.0

2055.25
2.0
1.0

2083.75
2.0
1.0

2101.0
2.0
1.0

2162.5
2.0
1.0

2199.25
2.0
1.0

2216.5
2.0
1.0

2245.0
2.0
1.0

2361.25
2.0
1.0

2398.75
2.0
1.0

2425.0
2.0
1.0

2468.5
2.0
1.0

2481.25
2.0
1.0

2533.0
2.0
1.0

2560.0
2.0
1.0

2587.0
2.0
1.0

2656.75
2.0
1.0

2668.0
2.0
1.0

2677.0
2.0
1.0

2685.25
2.0
1.0

2712.25
2.0
1.0

2800.75
2.0
1.0

2812.0
2.0
1.0

2892.25
2.0
1.0

2967.25
2.0
1.0

2975.5
2.0
1.0

3002.5
2.0
1.0

3028.0
2.0
1.0

3037.75
2.0
1.0

3127.75
2.0
1.0

3163.0
2.0
1.0

3234.25
2.0
1.0

3325.0
2.0
1.0

3342.25
2.0
1.0

