384.3
1.5
1.0

395.3
1.5
1.0

440.3
1.5
1.0

469.3
1.5
1.0

541.3
1.5
1.0

557.8
1.5
1.0

623.3
1.5
1.0

631.8
1.5
1.0

640.8
1.5
1.0

666.3
1.5
1.0

741.8
1.5
1.0

760.8
1.5
1.0

789.3
1.5
1.0

799.3
1.5
1.0

864.8
1.5
1.0

1063.8
1.5
1.0

1119.3
1.5
1.0

1147.8
1.5
1.0

1185.3
1.5
1.0

1193.8
1.5
1.0

1250.8
1.5
1.0

1259.8
1.5
1.0

1314.3
1.5
1.0

1324.8
1.5
1.0

1390.3
1.5
1.0

1419.8
1.5
1.0

1427.3
1.5
1.0

1523.3
1.5
1.0

1569.3
1.5
1.0

1605.8
1.5
1.0

1624.3
1.5
1.0

1674.8
1.5
1.0

1690.8
1.5
1.0

1711.3
1.5
1.0

1763.8
1.5
1.0

1810.3
1.5
1.0

1915.3
1.5
1.0

1985.8
1.5
1.0

2010.8
1.5
1.0

2020.8
1.5
1.0

2048.3
1.5
1.0

2088.3
1.5
1.0

2105.8
1.5
1.0

2143.8
1.5
1.0

2181.8
1.5
1.0

2236.3
1.5
1.0

2293.3
1.5
1.0

2302.8
1.5
1.0

