2222.8
1.5
1.0

2317.3
1.5
1.0

2337.3
1.5
1.0

2355.3
1.5
1.0

2408.3
1.5
1.0

2435.8
1.5
1.0

2517.8
1.5
1.0

2602.8
1.5
1.0

2798.3
1.5
1.0

2936.8
1.5
1.0

2974.3
1.5
1.0

3002.3
1.5
1.0

3021.3
1.5
1.0

3038.3
1.5
1.0

3101.3
1.5
1.0

3162.3
1.5
1.0

3227.3
1.5
1.0

3333.3
1.5
1.0

3435.3
1.5
1.0

3483.3
1.5
1.0

3605.8
1.5
1.0

3698.8
1.5
1.0

3709.3
1.5
1.0

3726.3
1.5
1.0

3802.3
1.5
1.0

3813.3
1.5
1.0

3907.3
1.5
1.0

3977.8
1.5
1.0

4013.3
1.5
1.0

4040.3
1.5
1.0

4080.3
1.5
1.0

4135.3
1.5
1.0

