1711.5
1.0
1.0

1721.25
1.0
1.0

1757.25
1.0
1.0

1872.75
1.0
1.0

1881.0
1.0
1.0

1928.25
1.0
1.0

1944.0
1.0
1.0

1955.25
1.0
1.0

2008.5
1.0
1.0

2025.75
1.0
1.0

2079.75
1.0
1.0

2088.75
1.0
1.0

2124.75
1.0
1.0

2144.25
1.0
1.0

2187.0
1.0
1.0

2214.75
1.0
1.0

2251.5
1.0
1.0

2277.75
1.0
1.0

2297.25
1.0
1.0

2304.75
1.0
1.0

2350.5
1.0
1.0

2387.25
1.0
1.0

2430.0
1.0
1.0

2441.25
1.0
1.0

2459.25
1.0
1.0

2467.5
1.0
1.0

2494.5
1.0
1.0

2530.5
1.0
1.0

2539.5
1.0
1.0

2556.75
1.0
1.0

2583.75
1.0
1.0

2611.5
1.0
1.0

2630.25
1.0
1.0

2638.5
1.0
1.0

2646.0
1.0
1.0

2657.25
1.0
1.0

2800.5
1.0
1.0

2836.5
1.0
1.0

2844.0
1.0
1.0

2855.25
1.0
1.0

2927.25
1.0
1.0

2981.25
1.0
1.0

2988.0
1.0
1.0

3062.25
1.0
1.0

3078.0
1.0
1.0

3159.75
1.0
1.0

3170.25
1.0
1.0

3178.5
1.0
1.0

3188.25
1.0
1.0

3205.5
1.0
1.0

3224.25
1.0
1.0

3258.0
1.0
1.0

3285.75
1.0
1.0

3312.75
1.0
1.0

3348.75
1.0
1.0

3359.25
1.0
1.0

