298.5
1.0
1.0

324.75
1.0
1.0

333.0
1.0
1.0

379.5
1.0
1.0

414.75
1.0
1.0

423.0
1.0
1.0

442.5
1.0
1.0

470.25
1.0
1.0

477.75
1.0
1.0

486.0
1.0
1.0

504.75
1.0
1.0

514.5
1.0
1.0

524.25
1.0
1.0

531.75
1.0
1.0

577.5
1.0
1.0

604.5
1.0
1.0

614.25
1.0
1.0

640.5
1.0
1.0

649.5
1.0
1.0

657.0
1.0
1.0

668.25
1.0
1.0

685.5
1.0
1.0

694.5
1.0
1.0

702.75
1.0
1.0

738.0
1.0
1.0

756.75
1.0
1.0

767.25
1.0
1.0

810.75
1.0
1.0

856.5
1.0
1.0

882.75
1.0
1.0

900.0
1.0
1.0

927.75
1.0
1.0

946.5
1.0
1.0

954.0
1.0
1.0

963.75
1.0
1.0

972.75
1.0
1.0

1008.0
1.0
1.0

1019.25
1.0
1.0

1044.75
1.0
1.0

1072.5
1.0
1.0

1089.75
1.0
1.0

1136.25
1.0
1.0

1144.5
1.0
1.0

1171.5
1.0
1.0

1180.5
1.0
1.0

1197.75
1.0
1.0

1215.0
1.0
1.0

1242.0
1.0
1.0

1287.0
1.0
1.0

1298.25
1.0
1.0

1306.5
1.0
1.0

1341.75
1.0
1.0

1350.0
1.0
1.0

1369.5
1.0
1.0

1377.0
1.0
1.0

1406.25
1.0
1.0

1423.5
1.0
1.0

1458.0
1.0
1.0

1487.25
1.0
1.0

1504.5
1.0
1.0

1513.5
1.0
1.0

1521.75
1.0
1.0

1541.25
1.0
1.0

1548.75
1.0
1.0

1575.0
1.0
1.0

1584.0
1.0
1.0

1595.25
1.0
1.0

1613.25
1.0
1.0

1631.25
1.0
1.0

1674.0
1.0
1.0

1683.0
1.0
1.0

1693.5
1.0
1.0

