1728.75
1.0
1.0

1766.25
1.0
1.0

1783.5
1.0
1.0

1800.75
1.0
1.0

1809.75
1.0
1.0

1838.25
1.0
1.0

1855.5
1.0
1.0

1918.5
1.0
1.0

1935.0
1.0
1.0

1982.25
1.0
1.0

1990.5
1.0
1.0

2035.5
1.0
1.0

2045.25
1.0
1.0

2072.25
1.0
1.0

2098.5
1.0
1.0

2107.5
1.0
1.0

2160.0
1.0
1.0

2180.25
1.0
1.0

2206.5
1.0
1.0

2232.0
1.0
1.0

2241.75
1.0
1.0

2286.0
1.0
1.0

2315.25
1.0
1.0

2368.5
1.0
1.0

2477.25
1.0
1.0

2486.25
1.0
1.0

2511.0
1.0
1.0

2521.5
1.0
1.0

2566.5
1.0
1.0

2675.25
1.0
1.0

2701.5
1.0
1.0

2709.0
1.0
1.0

2718.0
1.0
1.0

2736.0
1.0
1.0

2773.5
1.0
1.0

2810.25
1.0
1.0

2827.5
1.0
1.0

2908.5
1.0
1.0

2916.0
1.0
1.0

2936.25
1.0
1.0

2963.25
1.0
1.0

2970.75
1.0
1.0

2997.0
1.0
1.0

3006.0
1.0
1.0

3033.75
1.0
1.0

3044.25
1.0
1.0

3096.75
1.0
1.0

3115.5
1.0
1.0

3123.0
1.0
1.0

3142.5
1.0
1.0

3150.0
1.0
1.0

3197.25
1.0
1.0

3213.0
1.0
1.0

3241.5
1.0
1.0

3332.25
1.0
1.0

3339.75
1.0
1.0

