382.0
2.0
1.0

427.75
2.0
1.0

482.5
2.0
1.0

499.75
2.0
1.0

517.0
2.0
1.0

571.0
2.0
1.0

618.25
2.0
1.0

689.5
2.0
1.0

740.5
2.0
1.0

760.0
2.0
1.0

805.75
2.0
1.0

813.25
2.0
1.0

832.0
2.0
1.0

913.0
2.0
1.0

940.0
2.0
1.0

949.75
2.0
1.0

960.25
2.0
1.0

966.25
2.0
1.0

1064.5
2.0
1.0

1102.75
2.0
1.0

1145.5
2.0
1.0

1155.25
2.0
1.0

1201.75
2.0
1.0

1210.75
2.0
1.0

1219.0
2.0
1.0

1264.0
2.0
1.0

1309.0
2.0
1.0

1316.5
2.0
1.0

1372.75
2.0
1.0

1498.0
2.0
1.0

1516.0
2.0
1.0

1541.5
2.0
1.0

1552.0
2.0
1.0

1570.75
2.0
1.0

1643.5
2.0
1.0

1667.5
2.0
1.0

