317.5
2.0
1.0

335.5
2.0
1.0

508.75
2.0
1.0

535.75
2.0
1.0

632.5
2.0
1.0

661.0
2.0
1.0

688.75
2.0
1.0

697.75
2.0
1.0

715.75
2.0
1.0

750.25
2.0
1.0

760.0
2.0
1.0

796.0
2.0
1.0

832.0
2.0
1.0

859.0
2.0
1.0

885.25
2.0
1.0

895.75
2.0
1.0

904.75
2.0
1.0

933.25
2.0
1.0

1004.5
2.0
1.0

1031.5
2.0
1.0

1048.75
2.0
1.0

1100.5
2.0
1.0

1191.25
2.0
1.0

1247.5
2.0
1.0

1327.0
2.0
1.0

1347.25
2.0
1.0

1398.25
2.0
1.0

1417.0
2.0
1.0

1480.0
2.0
1.0

1490.5
2.0
1.0

1516.0
2.0
1.0

1534.75
2.0
1.0

1586.5
2.0
1.0

1642.0
2.0
1.0

1675.75
2.0
1.0

1687.0
2.0
1.0

