301.0
2.0
1.0

372.25
2.0
1.0

436.0
2.0
1.0

488.5
2.0
1.0

553.75
2.0
1.0

559.75
2.0
1.0

588.25
2.0
1.0

706.75
2.0
1.0

724.0
2.0
1.0

742.75
2.0
1.0

777.25
2.0
1.0

878.5
2.0
1.0

911.5
2.0
1.0

937.75
2.0
1.0

949.0
2.0
1.0

976.0
2.0
1.0

985.75
2.0
1.0

991.75
2.0
1.0

1075.0
2.0
1.0

1091.5
2.0
1.0

1137.25
2.0
1.0

1210.75
2.0
1.0

1220.5
2.0
1.0

1234.75
2.0
1.0

1252.75
2.0
1.0

1263.25
2.0
1.0

1309.0
2.0
1.0

1363.75
2.0
1.0

1370.5
2.0
1.0

1568.5
2.0
1.0

1579.0
2.0
1.0

1613.5
2.0
1.0

1633.75
2.0
1.0

1661.5
2.0
1.0

1668.25
2.0
1.0

1698.25
2.0
1.0

