1051.0
4.8
1.0

1060.5
4.8
1.0

1103.0
4.8
1.0

1184.5
4.8
1.0

1260.5
4.8
1.0

1271.0
4.8
1.0

1280.5
4.8
1.0

1304.0
4.8
1.0

1320.5
4.8
1.0

1349.0
4.8
1.0

1358.0
4.8
1.0

1403.0
4.8
1.0

1413.5
4.8
1.0

1443.0
4.8
1.0

1507.0
4.8
1.0

1516.5
4.8
1.0

1526.5
4.8
1.0

1571.0
4.8
1.0

1591.5
4.8
1.0

1610.5
4.8
1.0

1658.5
4.8
1.0

1666.0
4.8
1.0

1692.5
4.8
1.0

1709.0
4.8
1.0

1803.5
4.8
1.0

1833.5
4.8
1.0

1853.5
4.8
1.0

1893.5
4.8
1.0

1903.5
4.8
1.0

1959.0
4.8
1.0

1977.5
4.8
1.0

1994.5
4.8
1.0

