1239.0
4.8
1.0

1247.5
4.8
1.0

1257.5
4.8
1.0

1267.5
4.8
1.0

1330.0
4.8
1.0

1349.5
4.8
1.0

1366.5
4.8
1.0

1375.5
4.8
1.0

1393.0
4.8
1.0

1410.0
4.8
1.0

1419.0
4.8
1.0

1429.0
4.8
1.0

1492.5
4.8
1.0

1520.0
4.8
1.0

1649.0
4.8
1.0

1658.5
4.8
1.0

1666.5
4.8
1.0

1693.0
4.8
1.0

1784.5
4.8
1.0

1795.5
4.8
1.0

1831.5
4.8
1.0

1911.5
4.8
1.0

1993.0
4.8
1.0

2002.5
4.8
1.0

2021.5
4.8
1.0

2048.5
4.8
1.0

2056.0
4.8
1.0

2075.0
4.8
1.0

2105.5
4.8
1.0

2114.5
4.8
1.0

2142.0
4.8
1.0

2150.5
4.8
1.0

