1276.5
4.8
1.0

1295.5
4.8
1.0

1305.0
4.8
1.0

1322.5
4.8
1.0

1384.5
4.8
1.0

1446.5
4.8
1.0

1455.5
4.8
1.0

1464.0
4.8
1.0

1482.0
4.8
1.0

1502.0
4.8
1.0

1511.0
4.8
1.0

1539.0
4.8
1.0

1580.0
4.8
1.0

1596.0
4.8
1.0

1638.5
4.8
1.0

1674.0
4.8
1.0

1701.5
4.8
1.0

1710.0
4.8
1.0

1721.5
4.8
1.0

1760.0
4.8
1.0

1768.0
4.8
1.0

1776.5
4.8
1.0

1866.0
4.8
1.0

1874.0
4.8
1.0

1920.5
4.8
1.0

1930.0
4.8
1.0

1948.5
4.8
1.0

1966.5
4.8
1.0

2012.0
4.8
1.0

2031.5
4.8
1.0

2084.0
4.8
1.0

2167.0
4.8
1.0

