2.25
1.0
1.0

19.5
1.0
1.0

36.75
1.0
1.0

54.0
1.0
1.0

73.5
1.0
1.0

83.25
1.0
1.0

92.25
1.0
1.0

110.25
1.0
1.0

162.75
1.0
1.0

181.5
1.0
1.0

209.25
1.0
1.0

217.5
1.0
1.0

227.25
1.0
1.0

243.75
1.0
1.0

271.5
1.0
1.0

306.75
1.0
1.0

316.5
1.0
1.0

326.25
1.0
1.0

351.75
1.0
1.0

407.25
1.0
1.0

414.75
1.0
1.0

425.25
1.0
1.0

441.75
1.0
1.0

459.75
1.0
1.0

479.25
1.0
1.0

488.25
1.0
1.0

531.0
1.0
1.0

542.25
1.0
1.0

569.25
1.0
1.0

612.75
1.0
1.0

621.0
1.0
1.0

632.25
1.0
1.0

659.25
1.0
1.0

685.5
1.0
1.0

693.75
1.0
1.0

703.5
1.0
1.0

