1728.75
1.0
1.0

1784.25
1.0
1.0

1819.5
1.0
1.0

1827.75
1.0
1.0

1892.25
1.0
1.0

1908.0
1.0
1.0

1917.75
1.0
1.0

1955.25
1.0
1.0

1964.25
1.0
1.0

1990.5
1.0
1.0

2026.5
1.0
1.0

2034.75
1.0
1.0

2197.5
1.0
1.0

2205.0
1.0
1.0

2223.0
1.0
1.0

2315.25
1.0
1.0

2322.75
1.0
1.0

2349.0
1.0
1.0

2359.5
1.0
1.0

2405.25
1.0
1.0

2441.25
1.0
1.0

2449.5
1.0
1.0

2458.5
1.0
1.0

2477.25
1.0
1.0

2486.25
1.0
1.0

2493.0
1.0
1.0

2503.5
1.0
1.0

2530.5
1.0
1.0

2547.0
1.0
1.0

2585.25
1.0
1.0

2620.5
1.0
1.0

2656.5
1.0
1.0

2675.25
1.0
1.0

2709.0
1.0
1.0

2736.0
1.0
1.0

2763.75
1.0
1.0

2774.25
1.0
1.0

2836.5
1.0
1.0

2872.5
1.0
1.0

2890.5
1.0
1.0

2925.0
1.0
1.0

2943.0
1.0
1.0

2971.5
1.0
1.0

2990.25
1.0
1.0

3097.5
1.0
1.0

3143.25
1.0
1.0

3159.0
1.0
1.0

3204.0
1.0
1.0

3215.25
1.0
1.0

3241.5
1.0
1.0

3260.25
1.0
1.0

3269.25
1.0
1.0

3285.0
1.0
1.0

3296.25
1.0
1.0

3313.5
1.0
1.0

3348.75
1.0
1.0

