1710.75
1.0
1.0

1802.25
1.0
1.0

1845.75
1.0
1.0

1854.0
1.0
1.0

1865.25
1.0
1.0

1873.5
1.0
1.0

1891.5
1.0
1.0

1928.25
1.0
1.0

1936.5
1.0
1.0

1955.25
1.0
1.0

1962.0
1.0
1.0

1989.75
1.0
1.0

2009.25
1.0
1.0

2034.0
1.0
1.0

2043.75
1.0
1.0

2054.25
1.0
1.0

2070.0
1.0
1.0

2108.25
1.0
1.0

2171.25
1.0
1.0

2225.25
1.0
1.0

2304.75
1.0
1.0

2322.0
1.0
1.0

2331.0
1.0
1.0

2360.25
1.0
1.0

2403.75
1.0
1.0

2493.75
1.0
1.0

2511.75
1.0
1.0

2531.25
1.0
1.0

2593.5
1.0
1.0

2611.5
1.0
1.0

2657.25
1.0
1.0

2673.0
1.0
1.0

2709.75
1.0
1.0

2738.25
1.0
1.0

2763.75
1.0
1.0

2772.0
1.0
1.0

2781.0
1.0
1.0

2791.5
1.0
1.0

2844.75
1.0
1.0

2871.0
1.0
1.0

2882.25
1.0
1.0

3015.0
1.0
1.0

3096.75
1.0
1.0

3132.0
1.0
1.0

3142.5
1.0
1.0

3150.75
1.0
1.0

3204.0
1.0
1.0

3214.5
1.0
1.0

3233.25
1.0
1.0

3240.75
1.0
1.0

3259.5
1.0
1.0

3277.5
1.0
1.0

3295.5
1.0
1.0

3312.75
1.0
1.0

3322.5
1.0
1.0

3340.5
1.0
1.0

