290.5
2.0
1.0

335.5
2.0
1.0

401.5
2.0
1.0

436.75
2.0
1.0

535.0
2.0
1.0

571.0
2.0
1.0

577.75
2.0
1.0

587.5
2.0
1.0

642.25
2.0
1.0

714.25
2.0
1.0

753.25
2.0
1.0

760.75
2.0
1.0

768.25
2.0
1.0

922.75
2.0
1.0

928.75
2.0
1.0

949.75
2.0
1.0

975.25
2.0
1.0

986.5
2.0
1.0

1165.0
2.0
1.0

1236.25
2.0
1.0

1266.25
2.0
1.0

1284.25
2.0
1.0

1298.5
2.0
1.0

1335.25
2.0
1.0

1354.75
2.0
1.0

1373.5
2.0
1.0

1380.25
2.0
1.0

1426.0
2.0
1.0

1443.25
2.0
1.0

1496.5
2.0
1.0

1570.0
2.0
1.0

1605.25
2.0
1.0

1615.0
2.0
1.0

1623.25
2.0
1.0

1667.5
2.0
1.0

1688.5
2.0
1.0

