346.75
2.0
1.0

465.25
2.0
1.0

472.75
2.0
1.0

500.5
2.0
1.0

507.25
2.0
1.0

552.25
2.0
1.0

660.25
2.0
1.0

706.75
2.0
1.0

733.75
2.0
1.0

786.25
2.0
1.0

804.25
2.0
1.0

840.25
2.0
1.0

850.0
2.0
1.0

859.0
2.0
1.0

866.5
2.0
1.0

894.25
2.0
1.0

940.75
2.0
1.0

967.0
2.0
1.0

1047.25
2.0
1.0

1075.75
2.0
1.0

1128.25
2.0
1.0

1147.0
2.0
1.0

1156.0
2.0
1.0

1184.5
2.0
1.0

1291.0
2.0
1.0

1326.25
2.0
1.0

1363.75
2.0
1.0

1406.5
2.0
1.0

1453.75
2.0
1.0

1464.25
2.0
1.0

1470.25
2.0
1.0

1507.0
2.0
1.0

1516.75
2.0
1.0

1525.0
2.0
1.0

1576.75
2.0
1.0

1678.0
2.0
1.0

