3264.5
4.8
1.0

3272.0
4.8
1.0

3281.0
4.8
1.0

3349.0
4.8
1.0

3359.5
4.8
1.0

3378.0
4.8
1.0

3388.5
4.8
1.0

3406.0
4.8
1.0

3444.5
4.8
1.0

3453.5
4.8
1.0

3526.0
4.8
1.0

3535.5
4.8
1.0

3564.0
4.8
1.0

3581.5
4.8
1.0

3606.5
4.8
1.0

3622.0
4.8
1.0

3674.0
4.8
1.0

3692.0
4.8
1.0

3711.5
4.8
1.0

3759.5
4.8
1.0

3786.0
4.8
1.0

3795.0
4.8
1.0

3823.0
4.8
1.0

3880.0
4.8
1.0

3906.0
4.8
1.0

3925.5
4.8
1.0

3982.5
4.8
1.0

4019.0
4.8
1.0

4028.5
4.8
1.0

4088.5
4.8
1.0

4096.5
4.8
1.0

4116.5
4.8
1.0

