3026.5
4.8
1.0

3062.5
4.8
1.0

3073.5
4.8
1.0

3128.5
4.8
1.0

3146.0
4.8
1.0

3154.5
4.8
1.0

3241.0
4.8
1.0

3248.0
4.8
1.0

3266.0
4.8
1.0

3275.0
4.8
1.0

3310.0
4.8
1.0

3318.5
4.8
1.0

3360.5
4.8
1.0

3410.5
4.8
1.0

3429.5
4.8
1.0

3455.0
4.8
1.0

3490.0
4.8
1.0

3516.0
4.8
1.0

3552.0
4.8
1.0

3561.5
4.8
1.0

3578.5
4.8
1.0

3597.0
4.8
1.0

3615.5
4.8
1.0

3640.0
4.8
1.0

3648.5
4.8
1.0

3686.0
4.8
1.0

3725.0
4.8
1.0

3765.5
4.8
1.0

3785.5
4.8
1.0

3832.5
4.8
1.0

3876.0
4.8
1.0

3892.0
4.8
1.0

