3177.0
4.8
1.0

3186.5
4.8
1.0

3204.5
4.8
1.0

3213.5
4.8
1.0

3222.0
4.8
1.0

3290.0
4.8
1.0

3311.0
4.8
1.0

3320.5
4.8
1.0

3369.0
4.8
1.0

3415.0
4.8
1.0

3471.0
4.8
1.0

3488.0
4.8
1.0

3499.0
4.8
1.0

3517.0
4.8
1.0

3554.5
4.8
1.0

3572.5
4.8
1.0

3598.5
4.8
1.0

3638.5
4.8
1.0

3657.0
4.8
1.0

3683.0
4.8
1.0

3702.0
4.8
1.0

3721.5
4.8
1.0

3749.0
4.8
1.0

3779.0
4.8
1.0

3843.5
4.8
1.0

3852.5
4.8
1.0

3871.5
4.8
1.0

3945.0
4.8
1.0

4010.0
4.8
1.0

4039.5
4.8
1.0

4049.0
4.8
1.0

4079.0
4.8
1.0

