18.0
1.0
1.0

36.0
1.0
1.0

72.75
1.0
1.0

82.5
1.0
1.0

91.5
1.0
1.0

117.0
1.0
1.0

136.5
1.0
1.0

144.0
1.0
1.0

163.5
1.0
1.0

171.0
1.0
1.0

198.75
1.0
1.0

209.25
1.0
1.0

216.0
1.0
1.0

225.0
1.0
1.0

244.5
1.0
1.0

252.0
1.0
1.0

271.5
1.0
1.0

288.75
1.0
1.0

297.0
1.0
1.0

306.75
1.0
1.0

324.75
1.0
1.0

334.5
1.0
1.0

343.5
1.0
1.0

360.75
1.0
1.0

378.75
1.0
1.0

396.75
1.0
1.0

442.5
1.0
1.0

450.0
1.0
1.0

479.25
1.0
1.0

486.0
1.0
1.0

533.25
1.0
1.0

560.25
1.0
1.0

612.75
1.0
1.0

621.75
1.0
1.0

632.25
1.0
1.0

676.5
1.0
1.0

