/ContrastName1	cue 
/ContrastName2	stim 
/ContrastName3	eye 
/ContrastName4	hand 
/NumWaves	6
/NumContrasts	4
/PPheights		5.455601e-02	5.094577e-02	7.961174e-02	8.463253e-02
/RequiredEffect		2.617	3.177	4.137	3.763

/Matrix
1.000000e+00 1.000000e+00 0.000000e+00 0.000000e+00 0.000000e+00 0.000000e+00 
0.000000e+00 0.000000e+00 1.000000e+00 1.000000e+00 1.000000e+00 1.000000e+00 
1.000000e+00 0.000000e+00 1.000000e+00 0.000000e+00 1.000000e+00 0.000000e+00 
0.000000e+00 1.000000e+00 0.000000e+00 1.000000e+00 0.000000e+00 1.000000e+00 
