1038.0
4.8
1.0

1067.5
4.8
1.0

1198.5
4.8
1.0

1206.5
4.8
1.0

1235.5
4.8
1.0

1382.0
4.8
1.0

1427.0
4.8
1.0

1442.5
4.8
1.0

1451.0
4.8
1.0

1471.0
4.8
1.0

1490.0
4.8
1.0

1499.0
4.8
1.0

1518.0
4.8
1.0

1526.0
4.8
1.0

1601.0
4.8
1.0

1685.0
4.8
1.0

1703.5
4.8
1.0

1761.0
4.8
1.0

1789.0
4.8
1.0

1818.0
4.8
1.0

1837.0
4.8
1.0

1846.0
4.8
1.0

1873.0
4.8
1.0

1892.5
4.8
1.0

1902.5
4.8
1.0

1910.0
4.8
1.0

1929.0
4.8
1.0

1938.5
4.8
1.0

1955.5
4.8
1.0

1965.0
4.8
1.0

1995.5
4.8
1.0

2005.0
4.8
1.0

2014.5
4.8
1.0

2025.5
4.8
1.0

2034.0
4.8
1.0

2042.0
4.8
1.0

2059.5
4.8
1.0

2127.0
4.8
1.0

2136.5
4.8
1.0

2157.0
4.8
1.0

2187.0
4.8
1.0

2248.0
4.8
1.0

2295.0
4.8
1.0

2302.0
4.8
1.0

2339.5
4.8
1.0

2348.5
4.8
1.0

2375.0
4.8
1.0

2384.5
4.8
1.0

2482.0
4.8
1.0

2502.5
4.8
1.0

2521.0
4.8
1.0

2549.0
4.8
1.0

2559.5
4.8
1.0

2615.5
4.8
1.0

2634.0
4.8
1.0

2655.5
4.8
1.0

2665.5
4.8
1.0

2770.5
4.8
1.0

2796.5
4.8
1.0

2842.5
4.8
1.0

2881.5
4.8
1.0

2910.0
4.8
1.0

2920.0
4.8
1.0

2967.0
4.8
1.0

