90.0
4.8
1.0

106.0
4.8
1.0

115.5
4.8
1.0

135.0
4.8
1.0

152.0
4.8
1.0

161.5
4.8
1.0

170.0
4.8
1.0

204.5
4.8
1.0

220.0
4.8
1.0

229.5
4.8
1.0

268.5
4.8
1.0

278.0
4.8
1.0

286.0
4.8
1.0

295.5
4.8
1.0

340.0
4.8
1.0

349.5
4.8
1.0

398.5
4.8
1.0

418.0
4.8
1.0

428.0
4.8
1.0

447.5
4.8
1.0

456.5
4.8
1.0

474.0
4.8
1.0

529.0
4.8
1.0

538.0
4.8
1.0

555.0
4.8
1.0

590.5
4.8
1.0

608.0
4.8
1.0

634.5
4.8
1.0

670.5
4.8
1.0

680.5
4.8
1.0

688.5
4.8
1.0

699.0
4.8
1.0

728.0
4.8
1.0

755.5
4.8
1.0

765.5
4.8
1.0

799.0
4.8
1.0

818.5
4.8
1.0

829.0
4.8
1.0

855.5
4.8
1.0

894.5
4.8
1.0

912.0
4.8
1.0

920.0
4.8
1.0

929.5
4.8
1.0

939.0
4.8
1.0

969.5
4.8
1.0

979.0
4.8
1.0

995.0
4.8
1.0

1005.0
4.8
1.0

3034.5
4.8
1.0

3095.0
4.8
1.0

3104.0
4.8
1.0

3123.5
4.8
1.0

3140.5
4.8
1.0

3195.0
4.8
1.0

3202.0
4.8
1.0

3211.0
4.8
1.0

3234.0
4.8
1.0

3253.0
4.8
1.0

3278.0
4.8
1.0

3287.5
4.8
1.0

3305.5
4.8
1.0

3314.0
4.8
1.0

3340.0
4.8
1.0

3351.0
4.8
1.0

3381.5
4.8
1.0

3391.0
4.8
1.0

3411.0
4.8
1.0

3420.0
4.8
1.0

3469.5
4.8
1.0

3487.5
4.8
1.0

3496.0
4.8
1.0

3524.0
4.8
1.0

3550.0
4.8
1.0

3576.5
4.8
1.0

3603.0
4.8
1.0

3612.0
4.8
1.0

3623.0
4.8
1.0

3639.5
4.8
1.0

3657.5
4.8
1.0

3675.5
4.8
1.0

3684.5
4.8
1.0

3693.0
4.8
1.0

3710.5
4.8
1.0

3728.0
4.8
1.0

3747.5
4.8
1.0

3756.0
4.8
1.0

3765.5
4.8
1.0

3818.5
4.8
1.0

3828.0
4.8
1.0

3846.0
4.8
1.0

3857.0
4.8
1.0

3866.0
4.8
1.0

3874.0
4.8
1.0

3901.0
4.8
1.0

3950.5
4.8
1.0

3961.5
4.8
1.0

