1082.3
4.8
1.0

1128.3
4.8
1.0

1139.3
4.8
1.0

1286.8
4.8
1.0

1314.3
4.8
1.0

1368.3
4.8
1.0

1414.3
4.8
1.0

1423.8
4.8
1.0

1486.8
4.8
1.0

1597.3
4.8
1.0

1653.3
4.8
1.0

1670.8
4.8
1.0

1699.3
4.8
1.0

1804.3
4.8
1.0

1925.3
4.8
1.0

1980.3
4.8
1.0

2112.8
4.8
1.0

2172.8
4.8
1.0

2227.8
4.8
1.0

2272.3
4.8
1.0

2280.8
4.8
1.0

2316.3
4.8
1.0

2327.3
4.8
1.0

2401.3
4.8
1.0

2450.3
4.8
1.0

2460.3
4.8
1.0

2478.8
4.8
1.0

2544.8
4.8
1.0

2630.3
4.8
1.0

2717.3
4.8
1.0

2876.8
4.8
1.0

2942.3
4.8
1.0

