103.8
4.8
1.0

183.3
4.8
1.0

200.8
4.8
1.0

255.3
4.8
1.0

264.3
4.8
1.0

309.3
4.8
1.0

374.3
4.8
1.0

394.3
4.8
1.0

414.3
4.8
1.0

486.8
4.8
1.0

496.3
4.8
1.0

517.3
4.8
1.0

577.8
4.8
1.0

650.3
4.8
1.0

659.3
4.8
1.0

724.8
4.8
1.0

741.8
4.8
1.0

750.8
4.8
1.0

779.8
4.8
1.0

964.8
4.8
1.0

990.8
4.8
1.0

1019.8
4.8
1.0

1027.8
4.8
1.0

1035.8
4.8
1.0

3011.3
4.8
1.0

3031.8
4.8
1.0

3090.8
4.8
1.0

3119.8
4.8
1.0

3137.3
4.8
1.0

3181.8
4.8
1.0

3223.8
4.8
1.0

3266.8
4.8
1.0

3376.3
4.8
1.0

3407.3
4.8
1.0

3436.8
4.8
1.0

3464.3
4.8
1.0

3483.8
4.8
1.0

3538.8
4.8
1.0

3563.8
4.8
1.0

3572.3
4.8
1.0

3635.8
4.8
1.0

3670.8
4.8
1.0

3742.8
4.8
1.0

3796.3
4.8
1.0

3887.3
4.8
1.0

3917.3
4.8
1.0

3936.8
4.8
1.0

3946.3
4.8
1.0

