81.5
4.8
1.0

100.0
4.8
1.0

109.0
4.8
1.0

165.5
4.8
1.0

175.5
4.8
1.0

195.0
4.8
1.0

215.5
4.8
1.0

235.0
4.8
1.0

244.5
4.8
1.0

265.5
4.8
1.0

274.5
4.8
1.0

295.5
4.8
1.0

331.5
4.8
1.0

350.5
4.8
1.0

368.5
4.8
1.0

406.0
4.8
1.0

415.0
4.8
1.0

423.5
4.8
1.0

432.5
4.8
1.0

449.0
4.8
1.0

484.0
4.8
1.0

492.0
4.8
1.0

508.0
4.8
1.0

534.0
4.8
1.0

544.0
4.8
1.0

553.5
4.8
1.0

563.5
4.8
1.0

583.5
4.8
1.0

626.5
4.8
1.0

654.0
4.8
1.0

691.5
4.8
1.0

718.0
4.8
1.0

769.0
4.8
1.0

779.0
4.8
1.0

796.5
4.8
1.0

825.5
4.8
1.0

852.0
4.8
1.0

860.5
4.8
1.0

869.5
4.8
1.0

878.0
4.8
1.0

916.0
4.8
1.0

934.0
4.8
1.0

954.5
4.8
1.0

975.5
4.8
1.0

985.0
4.8
1.0

1015.5
4.8
1.0

1025.5
4.8
1.0

1045.0
4.8
1.0

2042.5
4.8
1.0

2050.0
4.8
1.0

2066.5
4.8
1.0

2104.5
4.8
1.0

2114.0
4.8
1.0

2158.5
4.8
1.0

2196.5
4.8
1.0

2215.0
4.8
1.0

2225.0
4.8
1.0

2242.5
4.8
1.0

2258.0
4.8
1.0

2266.5
4.8
1.0

2274.0
4.8
1.0

2302.0
4.8
1.0

2332.0
4.8
1.0

2360.0
4.8
1.0

2397.5
4.8
1.0

2434.0
4.8
1.0

2444.5
4.8
1.0

2483.5
4.8
1.0

2492.5
4.8
1.0

2510.0
4.8
1.0

2519.0
4.8
1.0

2529.0
4.8
1.0

2538.5
4.8
1.0

2594.5
4.8
1.0

2605.5
4.8
1.0

2633.5
4.8
1.0

2661.5
4.8
1.0

2699.5
4.8
1.0

2719.5
4.8
1.0

2746.0
4.8
1.0

2763.0
4.8
1.0

2773.5
4.8
1.0

2782.0
4.8
1.0

2816.0
4.8
1.0

2824.0
4.8
1.0

2840.0
4.8
1.0

2860.0
4.8
1.0

2869.0
4.8
1.0

2915.0
4.8
1.0

2925.5
4.8
1.0

2935.5
4.8
1.0

2945.0
4.8
1.0

2964.5
4.8
1.0

2984.5
4.8
1.0

2993.0
4.8
1.0

3002.5
4.8
1.0

