1114.5
4.8
1.0

1158.0
4.8
1.0

1169.5
4.8
1.0

1179.5
4.8
1.0

1258.5
4.8
1.0

1267.5
4.8
1.0

1333.5
4.8
1.0

1352.0
4.8
1.0

1388.0
4.8
1.0

1396.5
4.8
1.0

1450.5
4.8
1.0

1479.5
4.8
1.0

1489.0
4.8
1.0

1547.0
4.8
1.0

1567.0
4.8
1.0

1586.5
4.8
1.0

1595.5
4.8
1.0

1659.0
4.8
1.0

1718.5
4.8
1.0

1738.5
4.8
1.0

1749.5
4.8
1.0

1769.0
4.8
1.0

1779.0
4.8
1.0

1815.5
4.8
1.0

1824.5
4.8
1.0

1852.0
4.8
1.0

1878.0
4.8
1.0

1904.0
4.8
1.0

1922.5
4.8
1.0

1930.0
4.8
1.0

1960.0
4.8
1.0

2015.5
4.8
1.0

3013.5
4.8
1.0

3022.0
4.8
1.0

3050.0
4.8
1.0

3059.5
4.8
1.0

3094.5
4.8
1.0

3169.5
4.8
1.0

3178.5
4.8
1.0

3208.0
4.8
1.0

3217.0
4.8
1.0

3232.0
4.8
1.0

3251.0
4.8
1.0

3259.5
4.8
1.0

3269.0
4.8
1.0

3314.5
4.8
1.0

3340.5
4.8
1.0

3359.5
4.8
1.0

3388.0
4.8
1.0

3407.0
4.8
1.0

3427.5
4.8
1.0

3436.5
4.8
1.0

3456.5
4.8
1.0

3466.5
4.8
1.0

3483.0
4.8
1.0

3547.5
4.8
1.0

3643.5
4.8
1.0

3662.0
4.8
1.0

3725.0
4.8
1.0

3808.0
4.8
1.0

3825.0
4.8
1.0

3833.5
4.8
1.0

3883.0
4.8
1.0

3935.0
4.8
1.0

