1273.3
4.8
1.0

1338.8
4.8
1.0

1392.8
4.8
1.0

1401.8
4.8
1.0

1553.3
4.8
1.0

1601.3
4.8
1.0

1664.8
4.8
1.0

1724.3
4.8
1.0

1744.3
4.8
1.0

1774.3
4.8
1.0

1783.8
4.8
1.0

1830.8
4.8
1.0

1884.3
4.8
1.0

1909.8
4.8
1.0

1927.8
4.8
1.0

1936.3
4.8
1.0

3018.8
4.8
1.0

3064.8
4.8
1.0

3184.3
4.8
1.0

3221.8
4.8
1.0

3255.8
4.8
1.0

3345.8
4.8
1.0

3364.8
4.8
1.0

3432.3
4.8
1.0

3462.3
4.8
1.0

3487.8
4.8
1.0

3649.3
4.8
1.0

3668.3
4.8
1.0

3812.8
4.8
1.0

3829.8
4.8
1.0

3839.3
4.8
1.0

3941.3
4.8
1.0

