1085.8
4.8
1.0

1155.8
4.8
1.0

1255.3
4.8
1.0

1302.8
4.8
1.0

1418.8
4.8
1.0

1438.8
4.8
1.0

1475.8
4.8
1.0

1533.8
4.8
1.0

1635.3
4.8
1.0

1644.3
4.8
1.0

1684.3
4.8
1.0

1714.3
4.8
1.0

1793.3
4.8
1.0

1839.3
4.8
1.0

1974.8
4.8
1.0

2011.8
4.8
1.0

3121.8
4.8
1.0

3130.3
4.8
1.0

3147.8
4.8
1.0

3204.3
4.8
1.0

3354.8
4.8
1.0

3384.3
4.8
1.0

3479.8
4.8
1.0

3507.3
4.8
1.0

3535.3
4.8
1.0

3621.3
4.8
1.0

3678.8
4.8
1.0

3711.8
4.8
1.0

3858.3
4.8
1.0

3868.8
4.8
1.0

3905.8
4.8
1.0

3951.8
4.8
1.0

