1111.3
4.8
1.0

1136.8
4.8
1.0

1204.3
4.8
1.0

1234.8
4.8
1.0

1293.3
4.8
1.0

1311.8
4.8
1.0

1348.3
4.8
1.0

1365.8
4.8
1.0

1512.8
4.8
1.0

1563.3
4.8
1.0

1582.8
4.8
1.0

1675.8
4.8
1.0

1802.8
4.8
1.0

1901.8
4.8
1.0

1946.3
4.8
1.0

1983.8
4.8
1.0

3073.8
4.8
1.0

3081.3
4.8
1.0

3139.8
4.8
1.0

3246.8
4.8
1.0

3282.3
4.8
1.0

3310.3
4.8
1.0

3329.8
4.8
1.0

3543.8
4.8
1.0

3562.8
4.8
1.0

3631.3
4.8
1.0

3720.8
4.8
1.0

3740.8
4.8
1.0

3766.8
4.8
1.0

3804.3
4.8
1.0

3915.8
4.8
1.0

3960.3
4.8
1.0

