1119.8
4.8
1.0

1164.3
4.8
1.0

1175.3
4.8
1.0

1184.3
4.8
1.0

1263.8
4.8
1.0

1357.3
4.8
1.0

1456.3
4.8
1.0

1485.8
4.8
1.0

1494.8
4.8
1.0

1572.3
4.8
1.0

1591.3
4.8
1.0

1754.8
4.8
1.0

1820.8
4.8
1.0

1857.8
4.8
1.0

1964.8
4.8
1.0

2021.8
4.8
1.0

3028.3
4.8
1.0

3055.3
4.8
1.0

3100.3
4.8
1.0

3175.8
4.8
1.0

3213.8
4.8
1.0

3237.3
4.8
1.0

3265.8
4.8
1.0

3273.8
4.8
1.0

3320.8
4.8
1.0

3394.3
4.8
1.0

3412.8
4.8
1.0

3442.3
4.8
1.0

3471.8
4.8
1.0

3553.3
4.8
1.0

3730.3
4.8
1.0

3887.8
4.8
1.0

