105.3
4.8
1.0

115.3
4.8
1.0

180.3
4.8
1.0

221.8
4.8
1.0

240.8
4.8
1.0

270.8
4.8
1.0

301.3
4.8
1.0

356.8
4.8
1.0

429.8
4.8
1.0

455.3
4.8
1.0

496.8
4.8
1.0

558.3
4.8
1.0

588.8
4.8
1.0

632.8
4.8
1.0

659.8
4.8
1.0

697.8
4.8
1.0

724.3
4.8
1.0

802.3
4.8
1.0

865.8
4.8
1.0

883.8
4.8
1.0

921.3
4.8
1.0

940.3
4.8
1.0

960.3
4.8
1.0

1030.8
4.8
1.0

2047.3
4.8
1.0

2110.3
4.8
1.0

2118.8
4.8
1.0

2229.8
4.8
1.0

2247.8
4.8
1.0

2262.8
4.8
1.0

2402.3
4.8
1.0

2450.8
4.8
1.0

2498.3
4.8
1.0

2544.8
4.8
1.0

2639.8
4.8
1.0

2725.8
4.8
1.0

2751.8
4.8
1.0

2779.8
4.8
1.0

2820.8
4.8
1.0

2846.3
4.8
1.0

2865.3
4.8
1.0

2874.8
4.8
1.0

2921.3
4.8
1.0

2931.8
4.8
1.0

2940.8
4.8
1.0

2970.3
4.8
1.0

2989.8
4.8
1.0

3008.3
4.8
1.0

