90.0
4.8
1.0

98.0
4.8
1.0

127.0
4.8
1.0

189.5
4.8
1.0

208.0
4.8
1.0

216.0
4.8
1.0

234.0
4.8
1.0

268.0
4.8
1.0

279.0
4.8
1.0

287.0
4.8
1.0

326.0
4.8
1.0

334.5
4.8
1.0

342.0
4.8
1.0

422.5
4.8
1.0

474.5
4.8
1.0

529.0
4.8
1.0

539.0
4.8
1.0

594.0
4.8
1.0

615.0
4.8
1.0

671.5
4.8
1.0

730.5
4.8
1.0

741.0
4.8
1.0

784.0
4.8
1.0

802.5
4.8
1.0

823.5
4.8
1.0

850.5
4.8
1.0

859.5
4.8
1.0

896.5
4.8
1.0

914.0
4.8
1.0

932.0
4.8
1.0

940.5
4.8
1.0

1024.5
4.8
1.0

2018.5
4.8
1.0

2026.0
4.8
1.0

2046.0
4.8
1.0

2065.5
4.8
1.0

2120.5
4.8
1.0

2138.5
4.8
1.0

2158.5
4.8
1.0

2192.0
4.8
1.0

2226.0
4.8
1.0

2255.5
4.8
1.0

2275.0
4.8
1.0

2344.5
4.8
1.0

2365.0
4.8
1.0

2380.0
4.8
1.0

2438.5
4.8
1.0

2532.5
4.8
1.0

2561.5
4.8
1.0

2607.0
4.8
1.0

2624.0
4.8
1.0

2641.0
4.8
1.0

2669.5
4.8
1.0

2689.5
4.8
1.0

2782.0
4.8
1.0

2790.5
4.8
1.0

2819.5
4.8
1.0

2839.0
4.8
1.0

2867.0
4.8
1.0

2905.0
4.8
1.0

2922.0
4.8
1.0

2930.5
4.8
1.0

2938.0
4.8
1.0

2948.5
4.8
1.0

