81.0
4.8
1.0

171.5
4.8
1.0

180.0
4.8
1.0

198.5
4.8
1.0

307.5
4.8
1.0

359.0
4.8
1.0

377.5
4.8
1.0

402.5
4.8
1.0

466.5
4.8
1.0

520.0
4.8
1.0

547.0
4.8
1.0

557.5
4.8
1.0

566.0
4.8
1.0

585.5
4.8
1.0

605.5
4.8
1.0

631.5
4.8
1.0

641.5
4.8
1.0

650.5
4.8
1.0

690.5
4.8
1.0

701.0
4.8
1.0

768.5
4.8
1.0

776.5
4.8
1.0

793.5
4.8
1.0

812.0
4.8
1.0

833.0
4.8
1.0

922.0
4.8
1.0

951.0
4.8
1.0

960.0
4.8
1.0

968.0
4.8
1.0

994.5
4.8
1.0

1014.5
4.8
1.0

1034.0
4.8
1.0

2092.5
4.8
1.0

2149.5
4.8
1.0

2209.0
4.8
1.0

2218.5
4.8
1.0

2245.0
4.8
1.0

2265.0
4.8
1.0

2285.0
4.8
1.0

2292.5
4.8
1.0

2312.0
4.8
1.0

2328.0
4.8
1.0

2336.0
4.8
1.0

2354.5
4.8
1.0

2372.0
4.8
1.0

2429.5
4.8
1.0

2465.0
4.8
1.0

2485.0
4.8
1.0

2493.5
4.8
1.0

2523.0
4.8
1.0

2570.0
4.8
1.0

2651.0
4.8
1.0

2699.0
4.8
1.0

2707.0
4.8
1.0

2717.0
4.8
1.0

2726.5
4.8
1.0

2753.5
4.8
1.0

2762.5
4.8
1.0

2828.0
4.8
1.0

2895.0
4.8
1.0

2914.0
4.8
1.0

2956.5
4.8
1.0

2967.0
4.8
1.0

2977.5
4.8
1.0

