1066.3
4.8
1.0

1075.3
4.8
1.0

1092.3
4.8
1.0

1131.8
4.8
1.0

1176.8
4.8
1.0

1224.8
4.8
1.0

1252.8
4.8
1.0

1345.3
4.8
1.0

1371.8
4.8
1.0

1390.8
4.8
1.0

1421.3
4.8
1.0

1459.3
4.8
1.0

1489.8
4.8
1.0

1514.8
4.8
1.0

1525.8
4.8
1.0

1588.8
4.8
1.0

1607.8
4.8
1.0

1695.3
4.8
1.0

1742.3
4.8
1.0

1769.8
4.8
1.0

1846.8
4.8
1.0

1922.3
4.8
1.0

1960.8
4.8
1.0

1971.8
4.8
1.0

2992.3
4.8
1.0

3021.8
4.8
1.0

3169.8
4.8
1.0

3290.3
4.8
1.0

3363.8
4.8
1.0

3411.3
4.8
1.0

3476.3
4.8
1.0

3528.3
4.8
1.0

3545.3
4.8
1.0

3553.3
4.8
1.0

3579.8
4.8
1.0

3599.8
4.8
1.0

3608.8
4.8
1.0

3672.8
4.8
1.0

3700.3
4.8
1.0

3710.8
4.8
1.0

3720.3
4.8
1.0

3788.3
4.8
1.0

3797.8
4.8
1.0

3826.3
4.8
1.0

3836.3
4.8
1.0

3882.3
4.8
1.0

3898.8
4.8
1.0

3932.3
4.8
1.0

