1048.8
4.8
1.0

1112.3
4.8
1.0

1123.3
4.8
1.0

1140.8
4.8
1.0

1158.3
4.8
1.0

1244.8
4.8
1.0

1291.3
4.8
1.0

1335.3
4.8
1.0

1533.8
4.8
1.0

1560.3
4.8
1.0

1651.3
4.8
1.0

1703.8
4.8
1.0

1732.3
4.8
1.0

1753.3
4.8
1.0

1807.8
4.8
1.0

1816.3
4.8
1.0

1856.8
4.8
1.0

1866.3
4.8
1.0

1903.8
4.8
1.0

1912.8
4.8
1.0

1989.8
4.8
1.0

1997.8
4.8
1.0

2006.8
4.8
1.0

2015.3
4.8
1.0

3050.8
4.8
1.0

3077.8
4.8
1.0

3096.8
4.8
1.0

3114.3
4.8
1.0

3135.3
4.8
1.0

3143.8
4.8
1.0

3185.8
4.8
1.0

3204.8
4.8
1.0

3261.8
4.8
1.0

3280.8
4.8
1.0

3326.3
4.8
1.0

3382.3
4.8
1.0

3420.3
4.8
1.0

3503.8
4.8
1.0

3511.8
4.8
1.0

3537.8
4.8
1.0

3628.3
4.8
1.0

3637.3
4.8
1.0

3655.3
4.8
1.0

3680.8
4.8
1.0

3779.8
4.8
1.0

3806.8
4.8
1.0

3873.3
4.8
1.0

3915.8
4.8
1.0

