1000.5
1.0
1.0

1053.0
1.0
1.0

1072.5
1.0
1.0

1100.25
1.0
1.0

1116.0
1.0
1.0

1153.5
1.0
1.0

1208.25
1.0
1.0

1215.75
1.0
1.0

1261.5
1.0
1.0

1278.75
1.0
1.0

1287.0
1.0
1.0

1305.0
1.0
1.0

1325.25
1.0
1.0

1368.75
1.0
1.0

1431.75
1.0
1.0

1442.25
1.0
1.0

1449.75
1.0
1.0

1478.25
1.0
1.0

1550.25
1.0
1.0

1585.5
1.0
1.0

1638.0
1.0
1.0

1649.25
1.0
1.0

1665.75
1.0
1.0

1721.25
1.0
1.0

1729.5
1.0
1.0

1746.0
1.0
1.0

1784.25
1.0
1.0

1791.75
1.0
1.0

1838.25
1.0
1.0

1854.75
1.0
1.0

1883.25
1.0
1.0

1935.0
1.0
1.0

1945.5
1.0
1.0

1953.0
1.0
1.0

2035.5
1.0
1.0

2072.25
1.0
1.0

2079.0
1.0
1.0

2098.5
1.0
1.0

2117.25
1.0
1.0

2126.25
1.0
1.0

2197.5
1.0
1.0

2215.5
1.0
1.0

2223.75
1.0
1.0

2234.25
1.0
1.0

2241.75
1.0
1.0

2295.75
1.0
1.0

2385.0
1.0
1.0

2394.75
1.0
1.0

2448.0
1.0
1.0

2503.5
1.0
1.0

2512.5
1.0
1.0

2574.0
1.0
1.0

2583.0
1.0
1.0

2602.5
1.0
1.0

2619.75
1.0
1.0

2638.5
1.0
1.0

