1017.75
1.0
1.0

1127.25
1.0
1.0

1134.0
1.0
1.0

1144.5
1.0
1.0

1170.0
1.0
1.0

1179.0
1.0
1.0

1269.0
1.0
1.0

1296.0
1.0
1.0

1315.5
1.0
1.0

1350.75
1.0
1.0

1386.75
1.0
1.0

1413.0
1.0
1.0

1469.25
1.0
1.0

1513.5
1.0
1.0

1531.5
1.0
1.0

1568.25
1.0
1.0

1576.5
1.0
1.0

1594.5
1.0
1.0

1602.0
1.0
1.0

1613.25
1.0
1.0

1621.5
1.0
1.0

1658.25
1.0
1.0

1683.75
1.0
1.0

1692.0
1.0
1.0

1702.5
1.0
1.0

1712.25
1.0
1.0

1775.25
1.0
1.0

1810.5
1.0
1.0

1918.5
1.0
1.0

1963.5
1.0
1.0

1971.0
1.0
1.0

2025.0
1.0
1.0

2045.25
1.0
1.0

2133.0
1.0
1.0

2142.75
1.0
1.0

2151.75
1.0
1.0

2178.75
1.0
1.0

2250.0
1.0
1.0

2279.25
1.0
1.0

2287.5
1.0
1.0

2313.75
1.0
1.0

2323.5
1.0
1.0

2359.5
1.0
1.0

2369.25
1.0
1.0

2376.75
1.0
1.0

2403.0
1.0
1.0

2430.75
1.0
1.0

2466.75
1.0
1.0

2520.0
1.0
1.0

2538.0
1.0
1.0

2549.25
1.0
1.0

2557.5
1.0
1.0

2567.25
1.0
1.0

2612.25
1.0
1.0

2628.0
1.0
1.0

2647.5
1.0
1.0

