1018.5
1.0
1.0

1026.75
1.0
1.0

1063.5
1.0
1.0

1100.25
1.0
1.0

1109.25
1.0
1.0

1144.5
1.0
1.0

1152.0
1.0
1.0

1208.25
1.0
1.0

1233.0
1.0
1.0

1253.25
1.0
1.0

1296.75
1.0
1.0

1324.5
1.0
1.0

1341.0
1.0
1.0

1359.75
1.0
1.0

1386.75
1.0
1.0

1449.0
1.0
1.0

1458.0
1.0
1.0

1478.25
1.0
1.0

1494.75
1.0
1.0

1512.0
1.0
1.0

1620.75
1.0
1.0

1656.0
1.0
1.0

1676.25
1.0
1.0

1683.75
1.0
1.0

1703.25
1.0
1.0

1766.25
1.0
1.0

1783.5
1.0
1.0

1800.75
1.0
1.0

1828.5
1.0
1.0

1845.75
1.0
1.0

1854.0
1.0
1.0

1874.25
1.0
1.0

1890.75
1.0
1.0

1909.5
1.0
1.0

1919.25
1.0
1.0

1926.0
1.0
1.0

1980.0
1.0
1.0

2027.25
1.0
1.0

2053.5
1.0
1.0

2061.0
1.0
1.0

2071.5
1.0
1.0

2108.25
1.0
1.0

2133.0
1.0
1.0

2198.25
1.0
1.0

2225.25
1.0
1.0

2232.75
1.0
1.0

2313.0
1.0
1.0

2331.0
1.0
1.0

2385.0
1.0
1.0

2396.25
1.0
1.0

2414.25
1.0
1.0

2449.5
1.0
1.0

2475.75
1.0
1.0

2512.5
1.0
1.0

2585.25
1.0
1.0

2647.5
1.0
1.0

