293.5
2.0
1.0

310.0
2.0
1.0

328.0
2.0
1.0

337.0
2.0
1.0

373.0
2.0
1.0

382.75
2.0
1.0

390.25
2.0
1.0

454.0
2.0
1.0

515.5
2.0
1.0

527.5
2.0
1.0

543.25
2.0
1.0

582.25
2.0
1.0

600.25
2.0
1.0

698.5
2.0
1.0

723.25
2.0
1.0

751.0
2.0
1.0

803.5
2.0
1.0

965.5
2.0
1.0

2666.5
2.0
1.0

2775.25
2.0
1.0

2783.5
2.0
1.0

2795.5
2.0
1.0

2830.75
2.0
1.0

2845.75
2.0
1.0

2856.25
2.0
1.0

2920.75
2.0
1.0

2939.5
2.0
1.0

2949.25
2.0
1.0

3046.0
2.0
1.0

3056.5
2.0
1.0

3091.0
2.0
1.0

3108.25
2.0
1.0

3217.0
2.0
1.0

3264.25
2.0
1.0

3308.5
2.0
1.0

3334.75
2.0
1.0

