0.75
1.0
1.0

20.25
1.0
1.0

63.75
1.0
1.0

81.0
1.0
1.0

90.0
1.0
1.0

108.0
1.0
1.0

126.75
1.0
1.0

137.25
1.0
1.0

180.75
1.0
1.0

189.75
1.0
1.0

225.75
1.0
1.0

234.0
1.0
1.0

244.5
1.0
1.0

253.5
1.0
1.0

272.25
1.0
1.0

298.5
1.0
1.0

317.25
1.0
1.0

326.25
1.0
1.0

369.75
1.0
1.0

405.75
1.0
1.0

424.5
1.0
1.0

432.75
1.0
1.0

442.5
1.0
1.0

459.0
1.0
1.0

479.25
1.0
1.0

488.25
1.0
1.0

505.5
1.0
1.0

524.25
1.0
1.0

567.75
1.0
1.0

578.25
1.0
1.0

586.5
1.0
1.0

614.25
1.0
1.0

630.75
1.0
1.0

675.75
1.0
1.0

685.5
1.0
1.0

702.75
1.0
1.0

