1721.25
1.0
1.0

1729.5
1.0
1.0

1737.75
1.0
1.0

1746.75
1.0
1.0

1774.5
1.0
1.0

1811.25
1.0
1.0

1854.75
1.0
1.0

1872.75
1.0
1.0

1890.0
1.0
1.0

1910.25
1.0
1.0

1937.25
1.0
1.0

1946.25
1.0
1.0

2009.25
1.0
1.0

2018.25
1.0
1.0

2070.75
1.0
1.0

2079.75
1.0
1.0

2214.0
1.0
1.0

2232.75
1.0
1.0

2242.5
1.0
1.0

2251.5
1.0
1.0

2323.5
1.0
1.0

2376.0
1.0
1.0

2466.75
1.0
1.0

2476.5
1.0
1.0

2494.5
1.0
1.0

2511.75
1.0
1.0

2520.0
1.0
1.0

2529.75
1.0
1.0

2538.0
1.0
1.0

2549.25
1.0
1.0

2556.75
1.0
1.0

2629.5
1.0
1.0

2637.75
1.0
1.0

2665.5
1.0
1.0

2691.75
1.0
1.0

2711.25
1.0
1.0

2728.5
1.0
1.0

2738.25
1.0
1.0

2817.0
1.0
1.0

2889.0
1.0
1.0

2961.75
1.0
1.0

2988.0
1.0
1.0

2999.25
1.0
1.0

3053.25
1.0
1.0

3060.0
1.0
1.0

3069.0
1.0
1.0

3097.5
1.0
1.0

3107.25
1.0
1.0

3115.5
1.0
1.0

3134.25
1.0
1.0

3141.75
1.0
1.0

3177.75
1.0
1.0

3206.25
1.0
1.0

3260.25
1.0
1.0

3285.0
1.0
1.0

3322.5
1.0
1.0

