290.25
1.0
1.0

306.0
1.0
1.0

351.0
1.0
1.0

369.75
1.0
1.0

388.5
1.0
1.0

396.0
1.0
1.0

405.75
1.0
1.0

423.0
1.0
1.0

434.25
1.0
1.0

452.25
1.0
1.0

468.75
1.0
1.0

479.25
1.0
1.0

531.75
1.0
1.0

560.25
1.0
1.0

612.75
1.0
1.0

630.75
1.0
1.0

641.25
1.0
1.0

648.75
1.0
1.0

675.75
1.0
1.0

694.5
1.0
1.0

711.0
1.0
1.0

739.5
1.0
1.0

749.25
1.0
1.0

783.0
1.0
1.0

792.75
1.0
1.0

802.5
1.0
1.0

829.5
1.0
1.0

846.0
1.0
1.0

873.0
1.0
1.0

891.75
1.0
1.0

910.5
1.0
1.0

919.5
1.0
1.0

947.25
1.0
1.0

955.5
1.0
1.0

964.5
1.0
1.0

982.5
1.0
1.0

1026.75
1.0
1.0

1053.0
1.0
1.0

1072.5
1.0
1.0

1080.75
1.0
1.0

1089.75
1.0
1.0

1108.5
1.0
1.0

1126.5
1.0
1.0

1134.75
1.0
1.0

1145.25
1.0
1.0

1152.75
1.0
1.0

1197.0
1.0
1.0

1206.0
1.0
1.0

1224.0
1.0
1.0

1233.75
1.0
1.0

1243.5
1.0
1.0

1287.0
1.0
1.0

1314.0
1.0
1.0

1323.0
1.0
1.0

1369.5
1.0
1.0

1386.75
1.0
1.0

1404.0
1.0
1.0

1433.25
1.0
1.0

1440.75
1.0
1.0

1451.25
1.0
1.0

1485.0
1.0
1.0

1505.25
1.0
1.0

1558.5
1.0
1.0

1577.25
1.0
1.0

1586.25
1.0
1.0

1613.25
1.0
1.0

1620.0
1.0
1.0

1638.0
1.0
1.0

1647.75
1.0
1.0

1665.75
1.0
1.0

1674.0
1.0
1.0

1685.25
1.0
1.0

