1082.8
1.5
1.0

1099.8
1.5
1.0

1137.3
1.5
1.0

1154.8
1.5
1.0

1237.3
1.5
1.0

1274.3
1.5
1.0

1321.3
1.5
1.0

1436.8
1.5
1.0

1491.3
1.5
1.0

1520.3
1.5
1.0

1539.3
1.5
1.0

1614.3
1.5
1.0

1697.3
1.5
1.0

1829.3
1.5
1.0

1847.8
1.5
1.0

1884.8
1.5
1.0

3007.8
1.5
1.0

3096.8
1.5
1.0

3193.3
1.5
1.0

3202.3
1.5
1.0

3309.3
1.5
1.0

3474.3
1.5
1.0

3525.8
1.5
1.0

3553.3
1.5
1.0

3588.3
1.5
1.0

3637.3
1.5
1.0

3657.3
1.5
1.0

3703.3
1.5
1.0

3731.8
1.5
1.0

3758.3
1.5
1.0

3813.3
1.5
1.0

3917.8
1.5
1.0

