293.75
1.5
1.0

301.25
1.5
1.0

312.5
1.5
1.0

470.0
1.5
1.0

508.25
1.5
1.0

537.5
1.5
1.0

590.0
1.5
1.0

614.0
1.5
1.0

642.5
1.5
1.0

650.75
1.5
1.0

686.75
1.5
1.0

752.0
1.5
1.0

805.25
1.5
1.0

833.0
1.5
1.0

851.0
1.5
1.0

895.25
1.5
1.0

913.25
1.5
1.0

975.5
1.5
1.0

1002.5
1.5
1.0

1022.0
1.5
1.0

1058.75
1.5
1.0

1100.75
1.5
1.0

1110.5
1.5
1.0

1156.25
1.5
1.0

1256.0
1.5
1.0

1309.25
1.5
1.0

1364.0
1.5
1.0

1390.25
1.5
1.0

1400.75
1.5
1.0

1435.25
1.5
1.0

1463.75
1.5
1.0

1471.25
1.5
1.0

1544.0
1.5
1.0

1595.75
1.5
1.0

1625.75
1.5
1.0

1697.75
1.5
1.0

