397.75
2.0
1.0

409.0
2.0
1.0

424.75
2.0
1.0

454.75
2.0
1.0

483.25
2.0
1.0

564.25
2.0
1.0

616.0
2.0
1.0

643.0
2.0
1.0

743.5
2.0
1.0

784.75
2.0
1.0

796.0
2.0
1.0

805.75
2.0
1.0

847.75
2.0
1.0

876.25
2.0
1.0

893.5
2.0
1.0

913.75
2.0
1.0

950.5
2.0
1.0

959.5
2.0
1.0

1028.5
2.0
1.0

1093.0
2.0
1.0

1110.25
2.0
1.0

1136.5
2.0
1.0

1155.25
2.0
1.0

1210.0
2.0
1.0

1228.0
2.0
1.0

1317.25
2.0
1.0

1372.0
2.0
1.0

1390.0
2.0
1.0

1437.25
2.0
1.0

1486.75
2.0
1.0

1509.25
2.0
1.0

1561.0
2.0
1.0

1579.0
2.0
1.0

1651.0
2.0
1.0

1667.5
2.0
1.0

1678.0
2.0
1.0

