2218.5
4.8
1.0

2227.5
4.8
1.0

2237.0
4.8
1.0

2264.5
4.8
1.0

2272.5
4.8
1.0

2343.0
4.8
1.0

2372.0
4.8
1.0

2388.5
4.8
1.0

2416.5
4.8
1.0

2468.0
4.8
1.0

2495.5
4.8
1.0

2541.5
4.8
1.0

2571.0
4.8
1.0

2611.0
4.8
1.0

2648.0
4.8
1.0

2666.0
4.8
1.0

2675.0
4.8
1.0

2682.5
4.8
1.0

2693.0
4.8
1.0

2723.5
4.8
1.0

2781.0
4.8
1.0

2798.5
4.8
1.0

2828.0
4.8
1.0

2847.0
4.8
1.0

2876.5
4.8
1.0

2910.0
4.8
1.0

2966.0
4.8
1.0

2977.5
4.8
1.0

2996.0
4.8
1.0

3022.5
4.8
1.0

3032.5
4.8
1.0

3080.5
4.8
1.0

