2033.0
4.8
1.0

2113.0
4.8
1.0

2132.5
4.8
1.0

2152.0
4.8
1.0

2170.5
4.8
1.0

2271.0
4.8
1.0

2291.0
4.8
1.0

2310.5
4.8
1.0

2359.5
4.8
1.0

2384.5
4.8
1.0

2402.0
4.8
1.0

2420.5
4.8
1.0

2437.0
4.8
1.0

2445.0
4.8
1.0

2462.0
4.8
1.0

2516.5
4.8
1.0

2525.5
4.8
1.0

2534.5
4.8
1.0

2553.0
4.8
1.0

2570.5
4.8
1.0

2590.5
4.8
1.0

2599.5
4.8
1.0

2619.0
4.8
1.0

2626.5
4.8
1.0

2670.0
4.8
1.0

2688.5
4.8
1.0

2725.5
4.8
1.0

2744.5
4.8
1.0

2755.5
4.8
1.0

2821.0
4.8
1.0

2884.5
4.8
1.0

2911.5
4.8
1.0

