2051.0
4.8
1.0

2060.0
4.8
1.0

2122.5
4.8
1.0

2211.0
4.8
1.0

2300.5
4.8
1.0

2318.5
4.8
1.0

2339.5
4.8
1.0

2348.0
4.8
1.0

2368.0
4.8
1.0

2392.0
4.8
1.0

2455.0
4.8
1.0

2471.0
4.8
1.0

2498.5
4.8
1.0

2609.0
4.8
1.0

2635.0
4.8
1.0

2654.5
4.8
1.0

2662.0
4.8
1.0

2708.0
4.8
1.0

2716.5
4.8
1.0

2734.5
4.8
1.0

2764.0
4.8
1.0

2774.5
4.8
1.0

2793.5
4.8
1.0

2803.5
4.8
1.0

2831.0
4.8
1.0

2839.0
4.8
1.0

2859.5
4.8
1.0

2876.5
4.8
1.0

2892.0
4.8
1.0

2921.5
4.8
1.0

2961.0
4.8
1.0

2988.5
4.8
1.0

