0.75
1.0
1.0

9.75
1.0
1.0

27.75
1.0
1.0

54.75
1.0
1.0

81.75
1.0
1.0

144.75
1.0
1.0

164.25
1.0
1.0

189.75
1.0
1.0

198.75
1.0
1.0

218.25
1.0
1.0

236.25
1.0
1.0

243.75
1.0
1.0

253.5
1.0
1.0

281.25
1.0
1.0

298.5
1.0
1.0

325.5
1.0
1.0

362.25
1.0
1.0

369.0
1.0
1.0

387.0
1.0
1.0

396.75
1.0
1.0

406.5
1.0
1.0

416.25
1.0
1.0

425.25
1.0
1.0

451.5
1.0
1.0

477.75
1.0
1.0

487.5
1.0
1.0

505.5
1.0
1.0

513.0
1.0
1.0

559.5
1.0
1.0

578.25
1.0
1.0

632.25
1.0
1.0

649.5
1.0
1.0

658.5
1.0
1.0

666.75
1.0
1.0

693.75
1.0
1.0

703.5
1.0
1.0

