9.0
1.0
1.0

19.5
1.0
1.0

63.75
1.0
1.0

83.25
1.0
1.0

101.25
1.0
1.0

126.75
1.0
1.0

163.5
1.0
1.0

191.25
1.0
1.0

199.5
1.0
1.0

207.75
1.0
1.0

216.0
1.0
1.0

236.25
1.0
1.0

253.5
1.0
1.0

271.5
1.0
1.0

280.5
1.0
1.0

316.5
1.0
1.0

324.0
1.0
1.0

333.0
1.0
1.0

342.75
1.0
1.0

378.75
1.0
1.0

387.0
1.0
1.0

407.25
1.0
1.0

433.5
1.0
1.0

452.25
1.0
1.0

468.75
1.0
1.0

477.0
1.0
1.0

487.5
1.0
1.0

495.75
1.0
1.0

540.0
1.0
1.0

585.75
1.0
1.0

621.0
1.0
1.0

630.0
1.0
1.0

639.0
1.0
1.0

666.75
1.0
1.0

685.5
1.0
1.0

693.75
1.0
1.0

