1268.0
4.8
1.0

1295.0
4.8
1.0

1323.5
4.8
1.0

1388.5
4.8
1.0

1414.5
4.8
1.0

1432.0
4.8
1.0

1457.0
4.8
1.0

1476.0
4.8
1.0

1484.5
4.8
1.0

1505.5
4.8
1.0

1515.5
4.8
1.0

1534.5
4.8
1.0

1588.0
4.8
1.0

1597.5
4.8
1.0

1624.0
4.8
1.0

1634.0
4.8
1.0

1676.5
4.8
1.0

1714.0
4.8
1.0

1722.0
4.8
1.0

1862.0
4.8
1.0

1931.0
4.8
1.0

1940.0
4.8
1.0

1967.0
4.8
1.0

1977.5
4.8
1.0

1997.5
4.8
1.0

2007.0
4.8
1.0

2023.5
4.8
1.0

2119.5
4.8
1.0

2138.0
4.8
1.0

2158.5
4.8
1.0

2177.5
4.8
1.0

2186.0
4.8
1.0

