265.0
4.8
1.0

275.5
4.8
1.0

331.0
4.8
1.0

350.0
4.8
1.0

358.0
4.8
1.0

376.5
4.8
1.0

387.5
4.8
1.0

396.0
4.8
1.0

425.5
4.8
1.0

435.5
4.8
1.0

452.5
4.8
1.0

508.5
4.8
1.0

516.5
4.8
1.0

535.0
4.8
1.0

561.0
4.8
1.0

578.5
4.8
1.0

604.0
4.8
1.0

622.5
4.8
1.0

650.0
4.8
1.0

659.0
4.8
1.0

684.5
4.8
1.0

693.0
4.8
1.0

721.0
4.8
1.0

728.0
4.8
1.0

756.5
4.8
1.0

764.0
4.8
1.0

772.5
4.8
1.0

792.0
4.8
1.0

819.5
4.8
1.0

866.0
4.8
1.0

882.0
4.8
1.0

901.5
4.8
1.0

920.0
4.8
1.0

930.5
4.8
1.0

940.5
4.8
1.0

969.0
4.8
1.0

978.5
4.8
1.0

1004.5
4.8
1.0

1014.5
4.8
1.0

1030.0
4.8
1.0

1039.5
4.8
1.0

1048.0
4.8
1.0

1058.0
4.8
1.0

1090.5
4.8
1.0

1138.5
4.8
1.0

1148.5
4.8
1.0

1167.5
4.8
1.0

1187.5
4.8
1.0

1272.0
4.8
1.0

1281.5
4.8
1.0

1329.0
4.8
1.0

1339.0
4.8
1.0

1349.5
4.8
1.0

1369.5
4.8
1.0

1396.5
4.8
1.0

1405.0
4.8
1.0

1425.5
4.8
1.0

1453.0
4.8
1.0

1491.0
4.8
1.0

1499.0
4.8
1.0

1508.5
4.8
1.0

1528.0
4.8
1.0

1555.0
4.8
1.0

1562.5
4.8
1.0

1571.5
4.8
1.0

1596.0
4.8
1.0

1605.5
4.8
1.0

1615.5
4.8
1.0

1632.0
4.8
1.0

1648.5
4.8
1.0

1658.0
4.8
1.0

1674.5
4.8
1.0

1684.5
4.8
1.0

1702.5
4.8
1.0

1713.0
4.8
1.0

1729.0
4.8
1.0

1781.5
4.8
1.0

1801.5
4.8
1.0

1821.5
4.8
1.0

1838.5
4.8
1.0

1856.5
4.8
1.0

1867.0
4.8
1.0

1887.0
4.8
1.0

1895.0
4.8
1.0

1904.5
4.8
1.0

1925.5
4.8
1.0

1935.0
4.8
1.0

1983.0
4.8
1.0

2013.0
4.8
1.0

2043.5
4.8
1.0

2063.5
4.8
1.0

2103.5
4.8
1.0

2113.0
4.8
1.0

2139.5
4.8
1.0

2157.5
4.8
1.0

2184.0
4.8
1.0

