1737.75
1.0
1.0

1764.0
1.0
1.0

1774.5
1.0
1.0

1782.75
1.0
1.0

1802.25
1.0
1.0

1838.25
1.0
1.0

1890.0
1.0
1.0

1944.75
1.0
1.0

2000.25
1.0
1.0

2017.5
1.0
1.0

2043.75
1.0
1.0

2052.75
1.0
1.0

2063.25
1.0
1.0

2088.0
1.0
1.0

2124.75
1.0
1.0

2142.0
1.0
1.0

2151.75
1.0
1.0

2189.25
1.0
1.0

2223.75
1.0
1.0

2241.0
1.0
1.0

2261.25
1.0
1.0

2350.5
1.0
1.0

2358.75
1.0
1.0

2387.25
1.0
1.0

2432.25
1.0
1.0

2439.0
1.0
1.0

2484.0
1.0
1.0

2511.75
1.0
1.0

2548.5
1.0
1.0

2629.5
1.0
1.0

2664.0
1.0
1.0

2700.75
1.0
1.0

2710.5
1.0
1.0

2746.5
1.0
1.0

2774.25
1.0
1.0

2809.5
1.0
1.0

2818.5
1.0
1.0

2889.0
1.0
1.0

2918.25
1.0
1.0

2927.25
1.0
1.0

2943.75
1.0
1.0

2954.25
1.0
1.0

2963.25
1.0
1.0

2988.0
1.0
1.0

3035.25
1.0
1.0

3053.25
1.0
1.0

3107.25
1.0
1.0

3114.75
1.0
1.0

3125.25
1.0
1.0

3179.25
1.0
1.0

3232.5
1.0
1.0

3285.75
1.0
1.0

3312.0
1.0
1.0

3323.25
1.0
1.0

3339.0
1.0
1.0

3357.75
1.0
1.0

