395.3
1.5
1.0

452.8
1.5
1.0

460.8
1.5
1.0

544.3
1.5
1.0

620.8
1.5
1.0

638.8
1.5
1.0

667.8
1.5
1.0

695.8
1.5
1.0

767.3
1.5
1.0

795.3
1.5
1.0

803.8
1.5
1.0

904.3
1.5
1.0

912.8
1.5
1.0

969.3
1.5
1.0

1011.8
1.5
1.0

1040.8
1.5
1.0

1071.3
1.5
1.0

1088.8
1.5
1.0

1099.8
1.5
1.0

1144.8
1.5
1.0

1264.8
1.5
1.0

1283.3
1.5
1.0

1327.8
1.5
1.0

1335.8
1.5
1.0

1351.8
1.5
1.0

1406.8
1.5
1.0

1461.8
1.5
1.0

1469.8
1.5
1.0

1477.8
1.5
1.0

1486.8
1.5
1.0

1588.8
1.5
1.0

1631.3
1.5
1.0

1678.8
1.5
1.0

1688.3
1.5
1.0

1708.3
1.5
1.0

1739.8
1.5
1.0

1768.3
1.5
1.0

1816.3
1.5
1.0

1866.3
1.5
1.0

1912.8
1.5
1.0

1922.8
1.5
1.0

1951.8
1.5
1.0

2084.8
1.5
1.0

2113.8
1.5
1.0

2147.8
1.5
1.0

2176.8
1.5
1.0

2194.8
1.5
1.0

2255.3
1.5
1.0

