2280.8
1.5
1.0

2289.3
1.5
1.0

2308.3
1.5
1.0

2342.8
1.5
1.0

2359.8
1.5
1.0

2387.3
1.5
1.0

2562.8
1.5
1.0

2572.8
1.5
1.0

2716.8
1.5
1.0

2726.3
1.5
1.0

2801.3
1.5
1.0

2836.3
1.5
1.0

2847.8
1.5
1.0

2883.3
1.5
1.0

2962.3
1.5
1.0

3072.8
1.5
1.0

3176.8
1.5
1.0

3206.8
1.5
1.0

3242.8
1.5
1.0

3297.8
1.5
1.0

3346.3
1.5
1.0

3457.3
1.5
1.0

3466.3
1.5
1.0

3477.3
1.5
1.0

3518.3
1.5
1.0

3592.3
1.5
1.0

3635.3
1.5
1.0

3681.3
1.5
1.0

3803.3
1.5
1.0

4035.8
1.5
1.0

4090.3
1.5
1.0

4111.3
1.5
1.0

