2063.8
1.5
1.0

2150.3
1.5
1.0

2223.3
1.5
1.0

2357.3
1.5
1.0

2396.8
1.5
1.0

2434.3
1.5
1.0

2443.8
1.5
1.0

2566.3
1.5
1.0

2701.8
1.5
1.0

2710.3
1.5
1.0

2756.8
1.5
1.0

2776.3
1.5
1.0

2817.3
1.5
1.0

2836.3
1.5
1.0

2882.3
1.5
1.0

2913.8
1.5
1.0

3000.3
1.5
1.0

3058.3
1.5
1.0

3079.3
1.5
1.0

3249.3
1.5
1.0

3288.3
1.5
1.0

3379.3
1.5
1.0

3470.8
1.5
1.0

3526.8
1.5
1.0

3536.8
1.5
1.0

3589.8
1.5
1.0

3698.3
1.5
1.0

3737.8
1.5
1.0

3838.8
1.5
1.0

3905.8
1.5
1.0

3924.8
1.5
1.0

3952.3
1.5
1.0

