2047.3
1.5
1.0

2082.3
1.5
1.0

2093.3
1.5
1.0

2131.8
1.5
1.0

2215.8
1.5
1.0

2233.3
1.5
1.0

2241.8
1.5
1.0

2268.8
1.5
1.0

2406.8
1.5
1.0

2471.8
1.5
1.0

2536.8
1.5
1.0

2546.3
1.5
1.0

2604.3
1.5
1.0

2826.3
1.5
1.0

2892.3
1.5
1.0

2991.8
1.5
1.0

3098.3
1.5
1.0

3109.3
1.5
1.0

3165.3
1.5
1.0

3174.3
1.5
1.0

3232.8
1.5
1.0

3269.3
1.5
1.0

3498.3
1.5
1.0

3562.8
1.5
1.0

3580.3
1.5
1.0

3626.3
1.5
1.0

3679.3
1.5
1.0

3717.8
1.5
1.0

3800.3
1.5
1.0

3828.3
1.5
1.0

3914.3
1.5
1.0

3934.8
1.5
1.0

