346.75
2.0
1.0

426.25
2.0
1.0

438.25
2.0
1.0

454.0
2.0
1.0

462.25
2.0
1.0

480.25
2.0
1.0

490.0
2.0
1.0

571.75
2.0
1.0

589.75
2.0
1.0

625.0
2.0
1.0

633.25
2.0
1.0

643.75
2.0
1.0

670.0
2.0
1.0

698.5
2.0
1.0

734.5
2.0
1.0

778.0
2.0
1.0

814.75
2.0
1.0

839.5
2.0
1.0

1066.75
2.0
1.0

1092.25
2.0
1.0

1192.0
2.0
1.0

1288.75
2.0
1.0

1309.75
2.0
1.0

1378.75
2.0
1.0

1435.75
2.0
1.0

1462.0
2.0
1.0

1507.75
2.0
1.0

1523.5
2.0
1.0

1577.5
2.0
1.0

1586.5
2.0
1.0

1598.5
2.0
1.0

1614.25
2.0
1.0

1624.75
2.0
1.0

1633.0
2.0
1.0

1676.5
2.0
1.0

1704.25
2.0
1.0

