318.25
2.0
1.0

415.75
2.0
1.0

464.5
2.0
1.0

535.75
2.0
1.0

553.0
2.0
1.0

581.5
2.0
1.0

589.0
2.0
1.0

635.5
2.0
1.0

670.0
2.0
1.0

697.75
2.0
1.0

787.0
2.0
1.0

797.5
2.0
1.0

832.0
2.0
1.0

868.75
2.0
1.0

886.75
2.0
1.0

920.5
2.0
1.0

940.0
2.0
1.0

975.25
2.0
1.0

1012.0
2.0
1.0

1029.25
2.0
1.0

1073.5
2.0
1.0

1156.75
2.0
1.0

1199.5
2.0
1.0

1219.75
2.0
1.0

1273.0
2.0
1.0

1346.5
2.0
1.0

1381.75
2.0
1.0

1426.0
2.0
1.0

1469.5
2.0
1.0

1500.25
2.0
1.0

1552.75
2.0
1.0

1595.5
2.0
1.0

1606.0
2.0
1.0

1639.75
2.0
1.0

1669.0
2.0
1.0

1687.0
2.0
1.0

