10.5
1.0
1.0

18.0
1.0
1.0

27.0
1.0
1.0

63.75
1.0
1.0

108.0
1.0
1.0

118.5
1.0
1.0

135.0
1.0
1.0

144.0
1.0
1.0

171.0
1.0
1.0

182.25
1.0
1.0

189.0
1.0
1.0

208.5
1.0
1.0

234.75
1.0
1.0

245.25
1.0
1.0

252.75
1.0
1.0

261.75
1.0
1.0

280.5
1.0
1.0

333.0
1.0
1.0

343.5
1.0
1.0

361.5
1.0
1.0

396.75
1.0
1.0

405.0
1.0
1.0

415.5
1.0
1.0

459.0
1.0
1.0

479.25
1.0
1.0

488.25
1.0
1.0

497.25
1.0
1.0

513.75
1.0
1.0

558.75
1.0
1.0

578.25
1.0
1.0

623.25
1.0
1.0

630.75
1.0
1.0

639.0
1.0
1.0

650.25
1.0
1.0

695.25
1.0
1.0

702.0
1.0
1.0

