1125.0
1.0
1.0

1135.5
1.0
1.0

1161.75
1.0
1.0

1206.0
1.0
1.0

1216.5
1.0
1.0

1243.5
1.0
1.0

1270.5
1.0
1.0

1296.0
1.0
1.0

1307.25
1.0
1.0

1314.0
1.0
1.0

1323.0
1.0
1.0

1368.75
1.0
1.0

1396.5
1.0
1.0

1423.5
1.0
1.0

1433.25
1.0
1.0

1442.25
1.0
1.0

1460.25
1.0
1.0

1469.25
1.0
1.0

1476.0
1.0
1.0

1485.0
1.0
1.0

1505.25
1.0
1.0

1532.25
1.0
1.0

1548.0
1.0
1.0

1585.5
1.0
1.0

1595.25
1.0
1.0

1631.25
1.0
1.0

1638.75
1.0
1.0

1656.0
1.0
1.0

1674.75
1.0
1.0

1683.75
1.0
1.0

1694.25
1.0
1.0

1739.25
1.0
1.0

1755.75
1.0
1.0

1766.25
1.0
1.0

1782.0
1.0
1.0

1819.5
1.0
1.0

1854.0
1.0
1.0

1899.0
1.0
1.0

1919.25
1.0
1.0

1937.25
1.0
1.0

1944.75
1.0
1.0

1955.25
1.0
1.0

1962.0
1.0
1.0

1989.75
1.0
1.0

2034.75
1.0
1.0

2079.75
1.0
1.0

2089.5
1.0
1.0

2125.5
1.0
1.0

2134.5
1.0
1.0

2153.25
1.0
1.0

2170.5
1.0
1.0

2187.75
1.0
1.0

2207.25
1.0
1.0

2216.25
1.0
1.0

2224.5
1.0
1.0

2232.75
1.0
1.0

2259.75
1.0
1.0

2269.5
1.0
1.0

2296.5
1.0
1.0

2304.0
1.0
1.0

2331.75
1.0
1.0

2340.0
1.0
1.0

2358.0
1.0
1.0

2378.25
1.0
1.0

2386.5
1.0
1.0

2440.5
1.0
1.0

2466.75
1.0
1.0

2475.0
1.0
1.0

2495.25
1.0
1.0

2504.25
1.0
1.0

2512.5
1.0
1.0

2520.0
1.0
1.0

