288.75
1.0
1.0

343.5
1.0
1.0

351.0
1.0
1.0

360.0
1.0
1.0

378.75
1.0
1.0

389.25
1.0
1.0

398.25
1.0
1.0

468.75
1.0
1.0

504.75
1.0
1.0

551.25
1.0
1.0

621.0
1.0
1.0

630.0
1.0
1.0

641.25
1.0
1.0

648.75
1.0
1.0

676.5
1.0
1.0

684.0
1.0
1.0

695.25
1.0
1.0

702.75
1.0
1.0

720.75
1.0
1.0

765.75
1.0
1.0

784.5
1.0
1.0

828.0
1.0
1.0

857.25
1.0
1.0

873.0
1.0
1.0

945.75
1.0
1.0

955.5
1.0
1.0

981.0
1.0
1.0

1073.25
1.0
1.0

2556.0
1.0
1.0

2619.0
1.0
1.0

2646.75
1.0
1.0

2655.0
1.0
1.0

2691.75
1.0
1.0

2700.0
1.0
1.0

2727.0
1.0
1.0

2745.0
1.0
1.0

2756.25
1.0
1.0

2800.5
1.0
1.0

2808.0
1.0
1.0

2828.25
1.0
1.0

2889.75
1.0
1.0

2900.25
1.0
1.0

2952.0
1.0
1.0

2972.25
1.0
1.0

3007.5
1.0
1.0

3015.0
1.0
1.0

3026.25
1.0
1.0

3034.5
1.0
1.0

3107.25
1.0
1.0

3214.5
1.0
1.0

3233.25
1.0
1.0

3278.25
1.0
1.0

3285.75
1.0
1.0

3296.25
1.0
1.0

3340.5
1.0
1.0

3348.0
1.0
1.0

