1116.0
1.0
1.0

1125.0
1.0
1.0

1143.0
1.0
1.0

1179.0
1.0
1.0

1206.0
1.0
1.0

1251.75
1.0
1.0

1289.25
1.0
1.0

1296.75
1.0
1.0

1305.75
1.0
1.0

1333.5
1.0
1.0

1341.75
1.0
1.0

1352.25
1.0
1.0

1388.25
1.0
1.0

1396.5
1.0
1.0

1422.75
1.0
1.0

1450.5
1.0
1.0

1458.75
1.0
1.0

1487.25
1.0
1.0

1504.5
1.0
1.0

1521.0
1.0
1.0

1531.5
1.0
1.0

1557.75
1.0
1.0

1568.25
1.0
1.0

1622.25
1.0
1.0

1649.25
1.0
1.0

1665.0
1.0
1.0

1675.5
1.0
1.0

1685.25
1.0
1.0

1701.0
1.0
1.0

1710.75
1.0
1.0

1719.75
1.0
1.0

1765.5
1.0
1.0

1782.0
1.0
1.0

1791.75
1.0
1.0

1800.0
1.0
1.0

1809.75
1.0
1.0

1829.25
1.0
1.0

1882.5
1.0
1.0

1891.5
1.0
1.0

1899.75
1.0
1.0

1909.5
1.0
1.0

1946.25
1.0
1.0

1971.0
1.0
1.0

1989.0
1.0
1.0

1998.0
1.0
1.0

2007.75
1.0
1.0

2016.0
1.0
1.0

2063.25
1.0
1.0

2079.75
1.0
1.0

2088.0
1.0
1.0

2098.5
1.0
1.0

2116.5
1.0
1.0

2133.0
1.0
1.0

2143.5
1.0
1.0

2169.0
1.0
1.0

2189.25
1.0
1.0

2234.25
1.0
1.0

2241.0
1.0
1.0

2250.75
1.0
1.0

2259.75
1.0
1.0

2288.25
1.0
1.0

2306.25
1.0
1.0

2322.0
1.0
1.0

2331.0
1.0
1.0

2367.0
1.0
1.0

2422.5
1.0
1.0

2459.25
1.0
1.0

2467.5
1.0
1.0

2484.75
1.0
1.0

2503.5
1.0
1.0

2513.25
1.0
1.0

2522.25
1.0
1.0

