1172.0
1.5
1.0

1201.25
1.5
1.0

1263.5
1.5
1.0

1282.25
1.5
1.0

1356.5
1.5
1.0

1362.5
1.5
1.0

1382.0
1.5
1.0

1392.5
1.5
1.0

1406.75
1.5
1.0

1451.0
1.5
1.0

1517.0
1.5
1.0

1572.5
1.5
1.0

1577.75
1.5
1.0

1652.0
1.5
1.0

1731.5
1.5
1.0

1777.25
1.5
1.0

1804.25
1.5
1.0

1811.0
1.5
1.0

1838.75
1.5
1.0

1850.75
1.5
1.0

1875.5
1.5
1.0

1928.75
1.5
1.0

1983.5
1.5
1.0

2004.5
1.5
1.0

2012.75
1.5
1.0

2019.5
1.5
1.0

2054.0
1.5
1.0

2073.5
1.5
1.0

2100.5
1.5
1.0

2121.5
1.5
1.0

2162.0
1.5
1.0

2183.75
1.5
1.0

2292.5
1.5
1.0

2424.5
1.5
1.0

2453.0
1.5
1.0

2462.0
1.5
1.0

