1119.5
1.5
1.0

1145.75
1.5
1.0

1182.5
1.5
1.0

1193.0
1.5
1.0

1228.25
1.5
1.0

1237.25
1.5
1.0

1290.5
1.5
1.0

1337.75
1.5
1.0

1497.5
1.5
1.0

1543.25
1.5
1.0

1560.5
1.5
1.0

1614.5
1.5
1.0

1622.75
1.5
1.0

1706.0
1.5
1.0

1715.75
1.5
1.0

1723.25
1.5
1.0

1748.0
1.5
1.0

1793.75
1.5
1.0

1829.75
1.5
1.0

1883.75
1.5
1.0

1894.25
1.5
1.0

1912.25
1.5
1.0

2029.25
1.5
1.0

2066.75
1.5
1.0

2111.75
1.5
1.0

2200.25
1.5
1.0

2256.5
1.5
1.0

2282.0
1.5
1.0

2316.5
1.5
1.0

2328.5
1.5
1.0

2369.75
1.5
1.0

2399.0
1.5
1.0

2408.0
1.5
1.0

2416.25
1.5
1.0

2486.0
1.5
1.0

2532.5
1.5
1.0

