9.0
1.0
1.0

29.25
1.0
1.0

36.0
1.0
1.0

63.75
1.0
1.0

82.5
1.0
1.0

99.0
1.0
1.0

117.0
1.0
1.0

154.5
1.0
1.0

190.5
1.0
1.0

200.25
1.0
1.0

209.25
1.0
1.0

216.0
1.0
1.0

227.25
1.0
1.0

272.25
1.0
1.0

298.5
1.0
1.0

315.0
1.0
1.0

333.0
1.0
1.0

371.25
1.0
1.0

405.75
1.0
1.0

423.75
1.0
1.0

433.5
1.0
1.0

442.5
1.0
1.0

451.5
1.0
1.0

459.75
1.0
1.0

487.5
1.0
1.0

549.0
1.0
1.0

558.75
1.0
1.0

594.75
1.0
1.0

613.5
1.0
1.0

622.5
1.0
1.0

630.0
1.0
1.0

639.0
1.0
1.0

668.25
1.0
1.0

684.75
1.0
1.0

695.25
1.0
1.0

704.25
1.0
1.0

