3158.0
4.8
1.0

3167.5
4.8
1.0

3185.0
4.8
1.0

3195.0
4.8
1.0

3215.5
4.8
1.0

3225.5
4.8
1.0

3243.5
4.8
1.0

3273.5
4.8
1.0

3330.5
4.8
1.0

3348.5
4.8
1.0

3379.5
4.8
1.0

3399.0
4.8
1.0

3418.5
4.8
1.0

3428.5
4.8
1.0

3439.5
4.8
1.0

3479.5
4.8
1.0

3488.5
4.8
1.0

3514.0
4.8
1.0

3532.5
4.8
1.0

3542.5
4.8
1.0

3551.0
4.8
1.0

3561.0
4.8
1.0

3591.5
4.8
1.0

3641.0
4.8
1.0

3651.5
4.8
1.0

3708.5
4.8
1.0

3755.5
4.8
1.0

3764.0
4.8
1.0

3819.0
4.8
1.0

3839.0
4.8
1.0

3865.0
4.8
1.0

3875.5
4.8
1.0

3892.0
4.8
1.0

3911.0
4.8
1.0

3931.0
4.8
1.0

3951.0
4.8
1.0

3960.5
4.8
1.0

3968.0
4.8
1.0

3988.0
4.8
1.0

3997.5
4.8
1.0

4024.5
4.8
1.0

4048.5
4.8
1.0

4077.5
4.8
1.0

4094.5
4.8
1.0

4104.5
4.8
1.0

4114.5
4.8
1.0

4123.5
4.8
1.0

4142.0
4.8
1.0

