298.5
1.0
1.0

334.5
1.0
1.0

379.5
1.0
1.0

396.75
1.0
1.0

441.0
1.0
1.0

451.5
1.0
1.0

459.75
1.0
1.0

470.25
1.0
1.0

515.25
1.0
1.0

523.5
1.0
1.0

531.0
1.0
1.0

576.75
1.0
1.0

612.75
1.0
1.0

657.0
1.0
1.0

694.5
1.0
1.0

702.0
1.0
1.0

749.25
1.0
1.0

765.0
1.0
1.0

802.5
1.0
1.0

847.5
1.0
1.0

864.0
1.0
1.0

893.25
1.0
1.0

1009.5
1.0
1.0

1019.25
1.0
1.0

1035.0
1.0
1.0

1053.0
1.0
1.0

1073.25
1.0
1.0

1109.25
1.0
1.0

1836.75
1.0
1.0

1874.25
1.0
1.0

1891.5
1.0
1.0

2044.5
1.0
1.0

2124.75
1.0
1.0

2152.5
1.0
1.0

2162.25
1.0
1.0

2169.0
1.0
1.0

2180.25
1.0
1.0

2206.5
1.0
1.0

2223.75
1.0
1.0

2233.5
1.0
1.0

2270.25
1.0
1.0

2288.25
1.0
1.0

2313.0
1.0
1.0

2358.0
1.0
1.0

2385.75
1.0
1.0

2441.25
1.0
1.0

2493.75
1.0
1.0

2502.75
1.0
1.0

2520.0
1.0
1.0

2529.0
1.0
1.0

2574.75
1.0
1.0

2593.5
1.0
1.0

2602.5
1.0
1.0

2610.75
1.0
1.0

2629.5
1.0
1.0

2637.0
1.0
1.0

