1120.75
2.0
1.0

1164.25
2.0
1.0

1185.25
2.0
1.0

1210.75
2.0
1.0

1245.25
2.0
1.0

1282.0
2.0
1.0

1309.0
2.0
1.0

1344.25
2.0
1.0

1389.25
2.0
1.0

1400.5
2.0
1.0

1417.0
2.0
1.0

1471.75
2.0
1.0

1515.25
2.0
1.0

1561.0
2.0
1.0

1570.75
2.0
1.0

1633.0
2.0
1.0

1805.5
2.0
1.0

1823.5
2.0
1.0

2667.25
2.0
1.0

2677.0
2.0
1.0

2713.0
2.0
1.0

2804.5
2.0
1.0

2921.5
2.0
1.0

2926.75
2.0
1.0

2937.25
2.0
1.0

2957.5
2.0
1.0

3000.25
2.0
1.0

3046.75
2.0
1.0

3162.25
2.0
1.0

3172.75
2.0
1.0

3199.75
2.0
1.0

3219.25
2.0
1.0

3243.25
2.0
1.0

3306.25
2.0
1.0

3316.0
2.0
1.0

3325.75
2.0
1.0

