1127.5
2.0
1.0

1138.0
2.0
1.0

1183.0
2.0
1.0

1244.5
2.0
1.0

1272.25
2.0
1.0

1300.75
2.0
1.0

1345.0
2.0
1.0

1363.0
2.0
1.0

1433.5
2.0
1.0

1499.5
2.0
1.0

1507.0
2.0
1.0

1578.25
2.0
1.0

1597.0
2.0
1.0

1606.75
2.0
1.0

1640.5
2.0
1.0

1661.5
2.0
1.0

1813.0
2.0
1.0

1822.75
2.0
1.0

2713.75
2.0
1.0

2785.75
2.0
1.0

2813.5
2.0
1.0

2821.0
2.0
1.0

2830.75
2.0
1.0

2840.5
2.0
1.0

2865.25
2.0
1.0

2882.5
2.0
1.0

2965.0
2.0
1.0

2974.75
2.0
1.0

3001.0
2.0
1.0

3061.75
2.0
1.0

3091.75
2.0
1.0

3180.25
2.0
1.0

3207.25
2.0
1.0

3280.0
2.0
1.0

3325.0
2.0
1.0

3333.25
2.0
1.0

