1156.25
1.5
1.0

1174.25
1.5
1.0

1183.25
1.5
1.0

1283.0
1.5
1.0

1352.75
1.5
1.0

1398.5
1.5
1.0

1443.5
1.5
1.0

1543.25
1.5
1.0

1589.0
1.5
1.0

1595.75
1.5
1.0

1604.0
1.5
1.0

1623.5
1.5
1.0

1678.25
1.5
1.0

1698.5
1.5
1.0

1742.0
1.5
1.0

1777.25
1.5
1.0

1794.5
1.5
1.0

1811.0
1.5
1.0

2687.75
1.5
1.0

2730.5
1.5
1.0

2758.25
1.5
1.0

2785.25
1.5
1.0

2804.75
1.5
1.0

2839.25
1.5
1.0

2846.0
1.5
1.0

2902.25
1.5
1.0

2909.75
1.5
1.0

2939.0
1.5
1.0

3039.5
1.5
1.0

3056.0
1.5
1.0

3080.75
1.5
1.0

3164.75
1.5
1.0

3189.5
1.5
1.0

3217.25
1.5
1.0

3225.5
1.5
1.0

3299.0
1.5
1.0

