37.5
1.0
1.0

82.5
1.0
1.0

100.5
1.0
1.0

110.25
1.0
1.0

128.25
1.0
1.0

135.0
1.0
1.0

154.5
1.0
1.0

200.25
1.0
1.0

207.0
1.0
1.0

235.5
1.0
1.0

243.75
1.0
1.0

270.0
1.0
1.0

280.5
1.0
1.0

288.0
1.0
1.0

333.0
1.0
1.0

353.25
1.0
1.0

369.0
1.0
1.0

380.25
1.0
1.0

423.75
1.0
1.0

433.5
1.0
1.0

452.25
1.0
1.0

461.25
1.0
1.0

477.75
1.0
1.0

486.75
1.0
1.0

506.25
1.0
1.0

533.25
1.0
1.0

540.75
1.0
1.0

550.5
1.0
1.0

560.25
1.0
1.0

595.5
1.0
1.0

640.5
1.0
1.0

648.0
1.0
1.0

659.25
1.0
1.0

666.75
1.0
1.0

693.75
1.0
1.0

702.75
1.0
1.0

