11.25
1.0
1.0

27.0
1.0
1.0

54.0
1.0
1.0

65.25
1.0
1.0

72.75
1.0
1.0

82.5
1.0
1.0

99.0
1.0
1.0

109.5
1.0
1.0

137.25
1.0
1.0

144.75
1.0
1.0

153.75
1.0
1.0

162.0
1.0
1.0

180.0
1.0
1.0

190.5
1.0
1.0

208.5
1.0
1.0

218.25
1.0
1.0

243.75
1.0
1.0

252.75
1.0
1.0

261.0
1.0
1.0

298.5
1.0
1.0

307.5
1.0
1.0

333.75
1.0
1.0

378.75
1.0
1.0

387.75
1.0
1.0

443.25
1.0
1.0

461.25
1.0
1.0

488.25
1.0
1.0

497.25
1.0
1.0

531.0
1.0
1.0

576.75
1.0
1.0

586.5
1.0
1.0

640.5
1.0
1.0

650.25
1.0
1.0

658.5
1.0
1.0

666.0
1.0
1.0

695.25
1.0
1.0

