288.75
1.0
1.0

316.5
1.0
1.0

326.25
1.0
1.0

351.75
1.0
1.0

360.0
1.0
1.0

371.25
1.0
1.0

405.0
1.0
1.0

414.75
1.0
1.0

441.75
1.0
1.0

452.25
1.0
1.0

487.5
1.0
1.0

495.0
1.0
1.0

522.0
1.0
1.0

532.5
1.0
1.0

578.25
1.0
1.0

585.0
1.0
1.0

641.25
1.0
1.0

659.25
1.0
1.0

720.75
1.0
1.0

739.5
1.0
1.0

747.75
1.0
1.0

776.25
1.0
1.0

785.25
1.0
1.0

794.25
1.0
1.0

810.75
1.0
1.0

828.75
1.0
1.0

848.25
1.0
1.0

855.0
1.0
1.0

882.75
1.0
1.0

902.25
1.0
1.0

927.0
1.0
1.0

947.25
1.0
1.0

954.0
1.0
1.0

964.5
1.0
1.0

974.25
1.0
1.0

981.75
1.0
1.0

1827.75
1.0
1.0

1837.5
1.0
1.0

1882.5
1.0
1.0

1890.75
1.0
1.0

1901.25
1.0
1.0

1928.25
1.0
1.0

1936.5
1.0
1.0

1962.0
1.0
1.0

1989.0
1.0
1.0

2008.5
1.0
1.0

2016.0
1.0
1.0

2034.75
1.0
1.0

2061.0
1.0
1.0

2072.25
1.0
1.0

2088.0
1.0
1.0

2098.5
1.0
1.0

2134.5
1.0
1.0

2151.0
1.0
1.0

2178.0
1.0
1.0

2196.75
1.0
1.0

2206.5
1.0
1.0

2214.75
1.0
1.0

2234.25
1.0
1.0

2243.25
1.0
1.0

2250.0
1.0
1.0

2295.75
1.0
1.0

2324.25
1.0
1.0

2358.0
1.0
1.0

2376.75
1.0
1.0

2385.75
1.0
1.0

2405.25
1.0
1.0

2441.25
1.0
1.0

2484.0
1.0
1.0

2493.75
1.0
1.0

2502.75
1.0
1.0

2512.5
1.0
1.0

