1000.5
1.0
1.0

1089.75
1.0
1.0

1118.25
1.0
1.0

1154.25
1.0
1.0

1161.75
1.0
1.0

1170.75
1.0
1.0

1199.25
1.0
1.0

1217.25
1.0
1.0

1269.0
1.0
1.0

1307.25
1.0
1.0

1369.5
1.0
1.0

1377.0
1.0
1.0

1386.0
1.0
1.0

1422.0
1.0
1.0

1451.25
1.0
1.0

1504.5
1.0
1.0

1557.0
1.0
1.0

1576.5
1.0
1.0

1584.0
1.0
1.0

1593.75
1.0
1.0

1631.25
1.0
1.0

1649.25
1.0
1.0

1667.25
1.0
1.0

1719.75
1.0
1.0

1755.75
1.0
1.0

1773.75
1.0
1.0

1783.5
1.0
1.0

1819.5
1.0
1.0

2538.0
1.0
1.0

2592.0
1.0
1.0

2656.5
1.0
1.0

2763.0
1.0
1.0

2781.75
1.0
1.0

2835.75
1.0
1.0

2845.5
1.0
1.0

2853.0
1.0
1.0

2864.25
1.0
1.0

2890.5
1.0
1.0

2926.5
1.0
1.0

2944.5
1.0
1.0

2952.75
1.0
1.0

2962.5
1.0
1.0

2981.25
1.0
1.0

3105.75
1.0
1.0

3114.0
1.0
1.0

3150.75
1.0
1.0

3186.0
1.0
1.0

3222.0
1.0
1.0

3242.25
1.0
1.0

3258.75
1.0
1.0

3276.75
1.0
1.0

3303.0
1.0
1.0

3312.75
1.0
1.0

3321.0
1.0
1.0

3332.25
1.0
1.0

3358.5
1.0
1.0

