2032.5
4.8
1.0

2040.0
4.8
1.0

2069.5
4.8
1.0

2108.0
4.8
1.0

2117.5
4.8
1.0

2126.5
4.8
1.0

2185.5
4.8
1.0

2205.0
4.8
1.0

2222.5
4.8
1.0

2232.0
4.8
1.0

2259.0
4.8
1.0

2292.5
4.8
1.0

2300.5
4.8
1.0

2309.5
4.8
1.0

2318.0
4.8
1.0

2334.5
4.8
1.0

2380.0
4.8
1.0

2416.5
4.8
1.0

2436.0
4.8
1.0

2454.5
4.8
1.0

2475.5
4.8
1.0

2484.5
4.8
1.0

2504.0
4.8
1.0

2523.0
4.8
1.0

2543.5
4.8
1.0

2563.0
4.8
1.0

2601.0
4.8
1.0

2610.0
4.8
1.0

2621.0
4.8
1.0

2631.0
4.8
1.0

2660.5
4.8
1.0

2668.0
4.8
1.0

2686.5
4.8
1.0

2714.5
4.8
1.0

2725.5
4.8
1.0

2744.0
4.8
1.0

2770.5
4.8
1.0

2804.0
4.8
1.0

2821.5
4.8
1.0

2831.0
4.8
1.0

2879.0
4.8
1.0

2887.0
4.8
1.0

2916.5
4.8
1.0

2935.0
4.8
1.0

2945.0
4.8
1.0

2965.0
4.8
1.0

2993.0
4.8
1.0

3002.5
4.8
1.0

