288.0
1.0
1.0

299.25
1.0
1.0

325.5
1.0
1.0

361.5
1.0
1.0

369.75
1.0
1.0

388.5
1.0
1.0

396.75
1.0
1.0

423.0
1.0
1.0

451.5
1.0
1.0

468.0
1.0
1.0

486.0
1.0
1.0

497.25
1.0
1.0

504.0
1.0
1.0

558.75
1.0
1.0

578.25
1.0
1.0

586.5
1.0
1.0

621.0
1.0
1.0

630.0
1.0
1.0

659.25
1.0
1.0

693.0
1.0
1.0

720.75
1.0
1.0

731.25
1.0
1.0

747.0
1.0
1.0

756.75
1.0
1.0

793.5
1.0
1.0

801.75
1.0
1.0

819.75
1.0
1.0

828.75
1.0
1.0

848.25
1.0
1.0

857.25
1.0
1.0

864.0
1.0
1.0

882.0
1.0
1.0

928.5
1.0
1.0

937.5
1.0
1.0

954.75
1.0
1.0

963.75
1.0
1.0

999.0
1.0
1.0

1027.5
1.0
1.0

1035.75
1.0
1.0

1064.25
1.0
1.0

1071.0
1.0
1.0

1116.0
1.0
1.0

1154.25
1.0
1.0

1171.5
1.0
1.0

1181.25
1.0
1.0

1189.5
1.0
1.0

1197.75
1.0
1.0

1251.0
1.0
1.0

1269.75
1.0
1.0

1279.5
1.0
1.0

1288.5
1.0
1.0

1296.0
1.0
1.0

1316.25
1.0
1.0

1323.75
1.0
1.0

1341.75
1.0
1.0

1352.25
1.0
1.0

1395.75
1.0
1.0

1431.75
1.0
1.0

1449.0
1.0
1.0

1486.5
1.0
1.0

1494.75
1.0
1.0

1521.0
1.0
1.0

1550.25
1.0
1.0

1585.5
1.0
1.0

1611.0
1.0
1.0

1620.75
1.0
1.0

1629.75
1.0
1.0

1638.75
1.0
1.0

1674.0
1.0
1.0

1684.5
1.0
1.0

1692.75
1.0
1.0

1702.5
1.0
1.0

