307.5
1.0
1.0

316.5
1.0
1.0

333.0
1.0
1.0

343.5
1.0
1.0

351.0
1.0
1.0

407.25
1.0
1.0

416.25
1.0
1.0

433.5
1.0
1.0

441.75
1.0
1.0

460.5
1.0
1.0

513.75
1.0
1.0

522.75
1.0
1.0

531.0
1.0
1.0

550.5
1.0
1.0

567.75
1.0
1.0

596.25
1.0
1.0

603.0
1.0
1.0

612.75
1.0
1.0

648.0
1.0
1.0

667.5
1.0
1.0

675.75
1.0
1.0

684.75
1.0
1.0

702.75
1.0
1.0

713.25
1.0
1.0

767.25
1.0
1.0

774.0
1.0
1.0

785.25
1.0
1.0

837.0
1.0
1.0

891.0
1.0
1.0

900.75
1.0
1.0

909.75
1.0
1.0

918.0
1.0
1.0

945.0
1.0
1.0

974.25
1.0
1.0

983.25
1.0
1.0

992.25
1.0
1.0

1010.25
1.0
1.0

1017.0
1.0
1.0

1055.25
1.0
1.0

1082.25
1.0
1.0

1089.0
1.0
1.0

1098.75
1.0
1.0

1109.25
1.0
1.0

1134.0
1.0
1.0

1143.75
1.0
1.0

1162.5
1.0
1.0

1206.0
1.0
1.0

1215.75
1.0
1.0

1225.5
1.0
1.0

1242.0
1.0
1.0

1260.0
1.0
1.0

1306.5
1.0
1.0

1361.25
1.0
1.0

1369.5
1.0
1.0

1379.25
1.0
1.0

1386.0
1.0
1.0

1405.5
1.0
1.0

1414.5
1.0
1.0

1441.5
1.0
1.0

1458.0
1.0
1.0

1468.5
1.0
1.0

1476.0
1.0
1.0

1503.75
1.0
1.0

1532.25
1.0
1.0

1541.25
1.0
1.0

1559.25
1.0
1.0

1567.5
1.0
1.0

1593.0
1.0
1.0

1602.75
1.0
1.0

1649.25
1.0
1.0

1658.25
1.0
1.0

1665.0
1.0
1.0

