1719.0
1.0
1.0

1730.25
1.0
1.0

1737.75
1.0
1.0

1756.5
1.0
1.0

1784.25
1.0
1.0

1809.75
1.0
1.0

1818.75
1.0
1.0

1855.5
1.0
1.0

1882.5
1.0
1.0

1899.75
1.0
1.0

1936.5
1.0
1.0

2008.5
1.0
1.0

2125.5
1.0
1.0

2133.75
1.0
1.0

2151.75
1.0
1.0

2179.5
1.0
1.0

2205.0
1.0
1.0

2215.5
1.0
1.0

2224.5
1.0
1.0

2297.25
1.0
1.0

2359.5
1.0
1.0

2367.75
1.0
1.0

2394.75
1.0
1.0

2448.0
1.0
1.0

2484.0
1.0
1.0

2493.0
1.0
1.0

2511.0
1.0
1.0

2521.5
1.0
1.0

2556.0
1.0
1.0

2592.0
1.0
1.0

2639.25
1.0
1.0

2675.25
1.0
1.0

2746.5
1.0
1.0

2754.75
1.0
1.0

2826.75
1.0
1.0

2846.25
1.0
1.0

2881.5
1.0
1.0

2889.0
1.0
1.0

2899.5
1.0
1.0

2962.5
1.0
1.0

2981.25
1.0
1.0

3026.25
1.0
1.0

3033.75
1.0
1.0

3096.75
1.0
1.0

3105.0
1.0
1.0

3116.25
1.0
1.0

3143.25
1.0
1.0

3196.5
1.0
1.0

3204.75
1.0
1.0

3215.25
1.0
1.0

3233.25
1.0
1.0

3240.75
1.0
1.0

3285.75
1.0
1.0

3305.25
1.0
1.0

3341.25
1.0
1.0

3358.5
1.0
1.0

