317.5
2.0
1.0

400.0
2.0
1.0

427.75
2.0
1.0

435.25
2.0
1.0

455.5
2.0
1.0

463.75
2.0
1.0

499.0
2.0
1.0

517.0
2.0
1.0

528.25
2.0
1.0

607.75
2.0
1.0

623.5
2.0
1.0

678.25
2.0
1.0

734.5
2.0
1.0

811.75
2.0
1.0

830.5
2.0
1.0

911.5
2.0
1.0

921.25
2.0
1.0

994.0
2.0
1.0

1039.0
2.0
1.0

1066.0
2.0
1.0

1172.5
2.0
1.0

1190.5
2.0
1.0

1237.0
2.0
1.0

1255.0
2.0
1.0

1300.0
2.0
1.0

1329.25
2.0
1.0

1432.75
2.0
1.0

1442.5
2.0
1.0

1471.0
2.0
1.0

1487.5
2.0
1.0

1515.25
2.0
1.0

1525.75
2.0
1.0

1553.5
2.0
1.0

1624.75
2.0
1.0

1631.5
2.0
1.0

1662.25
2.0
1.0

