299.5
2.0
1.0

317.5
2.0
1.0

400.0
2.0
1.0

606.25
2.0
1.0

617.5
2.0
1.0

624.25
2.0
1.0

652.0
2.0
1.0

661.0
2.0
1.0

704.5
2.0
1.0

759.25
2.0
1.0

777.25
2.0
1.0

788.5
2.0
1.0

874.75
2.0
1.0

922.75
2.0
1.0

931.0
2.0
1.0

967.75
2.0
1.0

986.5
2.0
1.0

992.5
2.0
1.0

1002.25
2.0
1.0

1085.5
2.0
1.0

1092.25
2.0
1.0

1113.25
2.0
1.0

1149.25
2.0
1.0

1219.75
2.0
1.0

1281.25
2.0
1.0

1310.5
2.0
1.0

1352.5
2.0
1.0

1435.75
2.0
1.0

1452.25
2.0
1.0

1490.5
2.0
1.0

1525.0
2.0
1.0

1552.75
2.0
1.0

1614.25
2.0
1.0

1626.25
2.0
1.0

1632.25
2.0
1.0

1660.75
2.0
1.0

