29.25
1.0
1.0

36.75
1.0
1.0

45.0
1.0
1.0

64.5
1.0
1.0

101.25
1.0
1.0

117.75
1.0
1.0

126.75
1.0
1.0

145.5
1.0
1.0

171.75
1.0
1.0

198.75
1.0
1.0

234.0
1.0
1.0

254.25
1.0
1.0

280.5
1.0
1.0

297.75
1.0
1.0

306.0
1.0
1.0

315.75
1.0
1.0

326.25
1.0
1.0

344.25
1.0
1.0

387.0
1.0
1.0

396.0
1.0
1.0

406.5
1.0
1.0

452.25
1.0
1.0

459.0
1.0
1.0

479.25
1.0
1.0

495.75
1.0
1.0

515.25
1.0
1.0

524.25
1.0
1.0

540.0
1.0
1.0

551.25
1.0
1.0

558.75
1.0
1.0

595.5
1.0
1.0

612.75
1.0
1.0

640.5
1.0
1.0

675.75
1.0
1.0

694.5
1.0
1.0

703.5
1.0
1.0

