126.5
4.8
1.0

136.5
4.8
1.0

180.5
4.8
1.0

190.5
4.8
1.0

198.5
4.8
1.0

207.0
4.8
1.0

245.5
4.8
1.0

284.5
4.8
1.0

303.0
4.8
1.0

312.0
4.8
1.0

323.0
4.8
1.0

331.5
4.8
1.0

371.5
4.8
1.0

380.0
4.8
1.0

399.5
4.8
1.0

428.0
4.8
1.0

447.0
4.8
1.0

490.5
4.8
1.0

545.5
4.8
1.0

555.5
4.8
1.0

610.0
4.8
1.0

621.5
4.8
1.0

641.0
4.8
1.0

661.5
4.8
1.0

671.5
4.8
1.0

689.5
4.8
1.0

714.5
4.8
1.0

722.0
4.8
1.0

733.0
4.8
1.0

751.0
4.8
1.0

761.0
4.8
1.0

770.5
4.8
1.0

788.5
4.8
1.0

806.0
4.8
1.0

825.5
4.8
1.0

835.0
4.8
1.0

855.0
4.8
1.0

874.5
4.8
1.0

883.5
4.8
1.0

902.0
4.8
1.0

933.5
4.8
1.0

942.5
4.8
1.0

950.0
4.8
1.0

977.5
4.8
1.0

987.0
4.8
1.0

1023.5
4.8
1.0

1032.0
4.8
1.0

1043.5
4.8
1.0

