10.5
4.8
1.0

57.0
4.8
1.0

67.5
4.8
1.0

95.0
4.8
1.0

104.5
4.8
1.0

135.5
4.8
1.0

174.0
4.8
1.0

195.0
4.8
1.0

213.5
4.8
1.0

242.5
4.8
1.0

261.0
4.8
1.0

268.5
4.8
1.0

277.5
4.8
1.0

296.0
4.8
1.0

316.5
4.8
1.0

324.5
4.8
1.0

351.5
4.8
1.0

381.5
4.8
1.0

390.0
4.8
1.0

398.5
4.8
1.0

416.0
4.8
1.0

455.5
4.8
1.0

464.0
4.8
1.0

472.0
4.8
1.0

511.0
4.8
1.0

547.0
4.8
1.0

566.0
4.8
1.0

595.0
4.8
1.0

604.0
4.8
1.0

622.5
4.8
1.0

660.0
4.8
1.0

671.5
4.8
1.0

690.5
4.8
1.0

729.5
4.8
1.0

739.0
4.8
1.0

768.0
4.8
1.0

786.0
4.8
1.0

795.0
4.8
1.0

805.5
4.8
1.0

831.0
4.8
1.0

840.0
4.8
1.0

848.5
4.8
1.0

866.5
4.8
1.0

885.5
4.8
1.0

894.0
4.8
1.0

904.0
4.8
1.0

930.0
4.8
1.0

939.0
4.8
1.0

