2031.0
4.8
1.0

2041.0
4.8
1.0

2100.5
4.8
1.0

2108.0
4.8
1.0

2118.5
4.8
1.0

2137.0
4.8
1.0

2155.5
4.8
1.0

2165.5
4.8
1.0

2182.0
4.8
1.0

2209.0
4.8
1.0

2236.5
4.8
1.0

2252.0
4.8
1.0

2271.5
4.8
1.0

2316.0
4.8
1.0

2369.0
4.8
1.0

2376.0
4.8
1.0

2411.0
4.8
1.0

2418.5
4.8
1.0

2464.5
4.8
1.0

2474.5
4.8
1.0

2492.5
4.8
1.0

2500.0
4.8
1.0

2529.5
4.8
1.0

2539.5
4.8
1.0

2548.5
4.8
1.0

2558.0
4.8
1.0

2607.0
4.8
1.0

2615.5
4.8
1.0

2635.5
4.8
1.0

2665.5
4.8
1.0

2685.5
4.8
1.0

2713.0
4.8
1.0

2733.0
4.8
1.0

2759.5
4.8
1.0

2776.5
4.8
1.0

2784.0
4.8
1.0

2792.0
4.8
1.0

2800.5
4.8
1.0

2817.5
4.8
1.0

2827.0
4.8
1.0

2844.0
4.8
1.0

2852.0
4.8
1.0

2895.5
4.8
1.0

2904.5
4.8
1.0

2930.5
4.8
1.0

2939.5
4.8
1.0

2948.5
4.8
1.0

2958.0
4.8
1.0

