2197.5
4.8
1.0

2207.0
4.8
1.0

2214.0
4.8
1.0

2263.0
4.8
1.0

2272.5
4.8
1.0

2309.5
4.8
1.0

2318.5
4.8
1.0

2329.0
4.8
1.0

2338.5
4.8
1.0

2385.5
4.8
1.0

2423.5
4.8
1.0

2441.0
4.8
1.0

2451.5
4.8
1.0

2478.0
4.8
1.0

2486.0
4.8
1.0

2495.0
4.8
1.0

2505.0
4.8
1.0

2541.0
4.8
1.0

2578.5
4.8
1.0

2609.5
4.8
1.0

2618.0
4.8
1.0

2648.0
4.8
1.0

2659.0
4.8
1.0

2678.0
4.8
1.0

2689.5
4.8
1.0

2744.5
4.8
1.0

2762.5
4.8
1.0

2770.5
4.8
1.0

2779.5
4.8
1.0

2788.0
4.8
1.0

2814.0
4.8
1.0

2831.0
4.8
1.0

2885.0
4.8
1.0

2903.0
4.8
1.0

2920.5
4.8
1.0

2975.0
4.8
1.0

2994.0
4.8
1.0

3011.5
4.8
1.0

3021.5
4.8
1.0

3030.5
4.8
1.0

3054.0
4.8
1.0

3062.0
4.8
1.0

3071.5
4.8
1.0

3080.5
4.8
1.0

3096.0
4.8
1.0

3114.5
4.8
1.0

3142.5
4.8
1.0

3150.0
4.8
1.0

