81.0
4.8
1.0

100.5
4.8
1.0

118.5
4.8
1.0

127.0
4.8
1.0

147.0
4.8
1.0

197.0
4.8
1.0

204.5
4.8
1.0

230.0
4.8
1.0

249.5
4.8
1.0

277.0
4.8
1.0

304.5
4.8
1.0

342.5
4.8
1.0

352.0
4.8
1.0

360.0
4.8
1.0

369.5
4.8
1.0

397.0
4.8
1.0

430.0
4.8
1.0

459.5
4.8
1.0

468.5
4.8
1.0

487.0
4.8
1.0

516.0
4.8
1.0

527.0
4.8
1.0

544.0
4.8
1.0

553.0
4.8
1.0

562.0
4.8
1.0

570.5
4.8
1.0

587.5
4.8
1.0

623.5
4.8
1.0

641.5
4.8
1.0

659.0
4.8
1.0

688.5
4.8
1.0

697.0
4.8
1.0

707.0
4.8
1.0

724.0
4.8
1.0

767.0
4.8
1.0

793.5
4.8
1.0

820.5
4.8
1.0

849.5
4.8
1.0

869.0
4.8
1.0

914.0
4.8
1.0

923.0
4.8
1.0

938.0
4.8
1.0

955.0
4.8
1.0

965.0
4.8
1.0

975.0
4.8
1.0

995.0
4.8
1.0

1024.5
4.8
1.0

1035.5
4.8
1.0

3038.5
4.8
1.0

3049.5
4.8
1.0

3066.0
4.8
1.0

3075.0
4.8
1.0

3105.5
4.8
1.0

3115.0
4.8
1.0

3171.5
4.8
1.0

3198.5
4.8
1.0

3218.5
4.8
1.0

3245.5
4.8
1.0

3282.0
4.8
1.0

3301.0
4.8
1.0

3321.5
4.8
1.0

3331.0
4.8
1.0

3340.5
4.8
1.0

3385.5
4.8
1.0

3395.0
4.8
1.0

3404.0
4.8
1.0

3423.5
4.8
1.0

3433.5
4.8
1.0

3442.5
4.8
1.0

3498.5
4.8
1.0

3527.0
4.8
1.0

3535.5
4.8
1.0

3554.5
4.8
1.0

3575.5
4.8
1.0

3595.5
4.8
1.0

3605.0
4.8
1.0

3622.0
4.8
1.0

3650.0
4.8
1.0

3669.0
4.8
1.0

3678.5
4.8
1.0

3689.0
4.8
1.0

3699.5
4.8
1.0

3726.5
4.8
1.0

3763.5
4.8
1.0

3773.0
4.8
1.0

3782.0
4.8
1.0

3793.5
4.8
1.0

3810.0
4.8
1.0

3821.0
4.8
1.0

3850.0
4.8
1.0

3869.5
4.8
1.0

3898.0
4.8
1.0

3907.0
4.8
1.0

3926.5
4.8
1.0

3961.0
4.8
1.0

3981.0
4.8
1.0

