1063.0
4.8
1.0

1081.0
4.8
1.0

1124.5
4.8
1.0

1247.0
4.8
1.0

1297.0
4.8
1.0

1306.0
4.8
1.0

1335.5
4.8
1.0

1345.0
4.8
1.0

1385.5
4.8
1.0

1413.5
4.8
1.0

1422.0
4.8
1.0

1481.5
4.8
1.0

1490.5
4.8
1.0

1501.5
4.8
1.0

1521.5
4.8
1.0

1576.0
4.8
1.0

1584.0
4.8
1.0

1601.5
4.8
1.0

1618.5
4.8
1.0

1626.0
4.8
1.0

1682.0
4.8
1.0

1692.0
4.8
1.0

1702.0
4.8
1.0

1731.0
4.8
1.0

1757.5
4.8
1.0

1806.5
4.8
1.0

1815.5
4.8
1.0

1854.5
4.8
1.0

1939.5
4.8
1.0

1948.5
4.8
1.0

1967.5
4.8
1.0

1995.5
4.8
1.0

2033.0
4.8
1.0

2041.0
4.8
1.0

2134.0
4.8
1.0

2153.0
4.8
1.0

2163.0
4.8
1.0

2189.0
4.8
1.0

2209.5
4.8
1.0

2266.5
4.8
1.0

2275.0
4.8
1.0

2293.0
4.8
1.0

2312.5
4.8
1.0

2321.0
4.8
1.0

2379.0
4.8
1.0

2395.0
4.8
1.0

2405.0
4.8
1.0

2439.5
4.8
1.0

2449.0
4.8
1.0

2516.0
4.8
1.0

2552.0
4.8
1.0

2597.5
4.8
1.0

2635.5
4.8
1.0

2655.5
4.8
1.0

2713.5
4.8
1.0

2752.5
4.8
1.0

2762.5
4.8
1.0

2790.5
4.8
1.0

2816.0
4.8
1.0

2844.5
4.8
1.0

2954.0
4.8
1.0

2972.0
4.8
1.0

2981.0
4.8
1.0

2988.5
4.8
1.0

