1071.0
4.8
1.0

1109.0
4.8
1.0

1160.5
4.8
1.0

1171.5
4.8
1.0

1190.5
4.8
1.0

1229.0
4.8
1.0

1256.5
4.8
1.0

1267.5
4.8
1.0

1325.0
4.8
1.0

1354.5
4.8
1.0

1365.5
4.8
1.0

1374.5
4.8
1.0

1395.0
4.8
1.0

1462.0
4.8
1.0

1530.5
4.8
1.0

1540.5
4.8
1.0

1549.5
4.8
1.0

1558.0
4.8
1.0

1645.5
4.8
1.0

1654.5
4.8
1.0

1673.5
4.8
1.0

1711.5
4.8
1.0

1721.5
4.8
1.0

1767.0
4.8
1.0

1835.0
4.8
1.0

1864.5
4.8
1.0

1874.5
4.8
1.0

1895.0
4.8
1.0

1912.5
4.8
1.0

1930.5
4.8
1.0

2015.0
4.8
1.0

2022.0
4.8
1.0

2049.5
4.8
1.0

2075.5
4.8
1.0

2094.0
4.8
1.0

2115.0
4.8
1.0

2125.5
4.8
1.0

2145.0
4.8
1.0

2178.0
4.8
1.0

2248.0
4.8
1.0

2303.5
4.8
1.0

2330.0
4.8
1.0

2339.5
4.8
1.0

2348.5
4.8
1.0

2412.5
4.8
1.0

2458.5
4.8
1.0

2497.5
4.8
1.0

2507.5
4.8
1.0

2562.0
4.8
1.0

2580.0
4.8
1.0

2625.0
4.8
1.0

2645.5
4.8
1.0

2664.0
4.8
1.0

2674.0
4.8
1.0

2703.0
4.8
1.0

2722.5
4.8
1.0

2742.5
4.8
1.0

2782.5
4.8
1.0

2800.5
4.8
1.0

2825.5
4.8
1.0

2870.5
4.8
1.0

2908.0
4.8
1.0

2963.0
4.8
1.0

2999.5
4.8
1.0

