115.8
4.8
1.0

143.3
4.8
1.0

182.3
4.8
1.0

192.3
4.8
1.0

226.8
4.8
1.0

273.3
4.8
1.0

291.3
4.8
1.0

318.8
4.8
1.0

383.8
4.8
1.0

392.3
4.8
1.0

446.3
4.8
1.0

503.8
4.8
1.0

540.8
4.8
1.0

601.3
4.8
1.0

655.8
4.8
1.0

674.8
4.8
1.0

755.8
4.8
1.0

763.8
4.8
1.0

779.8
4.8
1.0

809.3
4.8
1.0

864.8
4.8
1.0

883.8
4.8
1.0

934.8
4.8
1.0

1020.8
4.8
1.0

3014.3
4.8
1.0

3062.8
4.8
1.0

3156.8
4.8
1.0

3166.8
4.8
1.0

3185.8
4.8
1.0

3232.3
4.8
1.0

3260.8
4.8
1.0

3269.8
4.8
1.0

3352.8
4.8
1.0

3419.8
4.8
1.0

3474.8
4.8
1.0

3484.3
4.8
1.0

3512.3
4.8
1.0

3551.3
4.8
1.0

3619.3
4.8
1.0

3636.8
4.8
1.0

3665.3
4.8
1.0

3713.3
4.8
1.0

3722.8
4.8
1.0

3807.8
4.8
1.0

3837.8
4.8
1.0

3884.3
4.8
1.0

3949.8
4.8
1.0

3957.8
4.8
1.0

