1130.8
4.8
1.0

1311.3
4.8
1.0

1341.8
4.8
1.0

1350.3
4.8
1.0

1391.3
4.8
1.0

1506.3
4.8
1.0

1580.8
4.8
1.0

1606.3
4.8
1.0

1623.8
4.8
1.0

1688.3
4.8
1.0

1698.3
4.8
1.0

1735.8
4.8
1.0

1763.8
4.8
1.0

1954.3
4.8
1.0

1972.8
4.8
1.0

2001.8
4.8
1.0

2045.8
4.8
1.0

2140.3
4.8
1.0

2167.8
4.8
1.0

2271.8
4.8
1.0

2299.3
4.8
1.0

2317.8
4.8
1.0

2401.3
4.8
1.0

2444.8
4.8
1.0

2558.3
4.8
1.0

2603.8
4.8
1.0

2641.3
4.8
1.0

2718.8
4.8
1.0

2850.3
4.8
1.0

2958.8
4.8
1.0

2977.8
4.8
1.0

2985.8
4.8
1.0

