1049.8
4.8
1.0

1058.8
4.8
1.0

1138.8
4.8
1.0

1156.8
4.8
1.0

1204.8
4.8
1.0

1214.3
4.8
1.0

1476.8
4.8
1.0

1573.3
4.8
1.0

1640.3
4.8
1.0

1752.3
4.8
1.0

1792.8
4.8
1.0

1802.8
4.8
1.0

1850.8
4.8
1.0

1927.3
4.8
1.0

1962.8
4.8
1.0

1982.3
4.8
1.0

2063.8
4.8
1.0

2262.8
4.8
1.0

2288.8
4.8
1.0

2427.3
4.8
1.0

2435.8
4.8
1.0

2474.3
4.8
1.0

2532.3
4.8
1.0

2593.8
4.8
1.0

2859.8
4.8
1.0

2867.8
4.8
1.0

2886.8
4.8
1.0

2896.8
4.8
1.0

2923.8
4.8
1.0

2933.3
4.8
1.0

2941.8
4.8
1.0

2950.8
4.8
1.0

