1067.8
4.8
1.0

1087.3
4.8
1.0

1253.3
4.8
1.0

1303.3
4.8
1.0

1418.3
4.8
1.0

1428.3
4.8
1.0

1487.3
4.8
1.0

1496.3
4.8
1.0

1527.8
4.8
1.0

1588.8
4.8
1.0

1631.8
4.8
1.0

1706.8
4.8
1.0

1811.8
4.8
1.0

1820.8
4.8
1.0

1860.3
4.8
1.0

1944.8
4.8
1.0

2037.8
4.8
1.0

2158.8
4.8
1.0

2195.3
4.8
1.0

2215.3
4.8
1.0

2279.8
4.8
1.0

2326.8
4.8
1.0

2383.8
4.8
1.0

2409.8
4.8
1.0

2454.8
4.8
1.0

2522.3
4.8
1.0

2661.8
4.8
1.0

2758.3
4.8
1.0

2768.8
4.8
1.0

2796.3
4.8
1.0

2821.8
4.8
1.0

2994.3
4.8
1.0

