1386.5
4.8
1.0

1422.0
4.8
1.0

1488.5
4.8
1.0

1517.5
4.8
1.0

1536.0
4.8
1.0

1575.5
4.8
1.0

1585.0
4.8
1.0

1613.0
4.8
1.0

1638.5
4.8
1.0

1676.0
4.8
1.0

1687.5
4.8
1.0

1806.0
4.8
1.0

1896.0
4.8
1.0

1904.0
4.8
1.0

1912.0
4.8
1.0

1950.5
4.8
1.0

1970.5
4.8
1.0

1998.0
4.8
1.0

2017.0
4.8
1.0

2054.0
4.8
1.0

2064.5
4.8
1.0

2073.5
4.8
1.0

2100.0
4.8
1.0

2109.0
4.8
1.0

2116.5
4.8
1.0

2127.5
4.8
1.0

2172.5
4.8
1.0

2220.5
4.8
1.0

2228.0
4.8
1.0

2237.0
4.8
1.0

2247.5
4.8
1.0

2284.5
4.8
1.0

3309.0
4.8
1.0

3336.0
4.8
1.0

3367.0
4.8
1.0

3374.0
4.8
1.0

3385.0
4.8
1.0

3415.5
4.8
1.0

3424.0
4.8
1.0

3433.5
4.8
1.0

3450.5
4.8
1.0

3470.5
4.8
1.0

3563.0
4.8
1.0

3580.5
4.8
1.0

3607.5
4.8
1.0

3617.0
4.8
1.0

3725.0
4.8
1.0

3781.0
4.8
1.0

3800.0
4.8
1.0

3829.0
4.8
1.0

3854.5
4.8
1.0

3862.0
4.8
1.0

3928.0
4.8
1.0

3947.5
4.8
1.0

3977.5
4.8
1.0

4049.0
4.8
1.0

4066.5
4.8
1.0

4104.0
4.8
1.0

4153.0
4.8
1.0

4171.0
4.8
1.0

4188.5
4.8
1.0

4199.0
4.8
1.0

4209.5
4.8
1.0

4218.0
4.8
1.0

