80.0
4.8
1.0

96.0
4.8
1.0

104.0
4.8
1.0

142.0
4.8
1.0

160.0
4.8
1.0

168.5
4.8
1.0

178.5
4.8
1.0

198.0
4.8
1.0

223.5
4.8
1.0

243.5
4.8
1.0

263.5
4.8
1.0

292.0
4.8
1.0

303.5
4.8
1.0

313.0
4.8
1.0

330.0
4.8
1.0

339.5
4.8
1.0

375.0
4.8
1.0

413.5
4.8
1.0

440.5
4.8
1.0

449.5
4.8
1.0

476.5
4.8
1.0

505.0
4.8
1.0

514.0
4.8
1.0

531.5
4.8
1.0

540.5
4.8
1.0

549.0
4.8
1.0

558.0
4.8
1.0

599.5
4.8
1.0

647.5
4.8
1.0

656.5
4.8
1.0

674.5
4.8
1.0

714.5
4.8
1.0

732.0
4.8
1.0

760.0
4.8
1.0

769.0
4.8
1.0

785.0
4.8
1.0

802.5
4.8
1.0

813.0
4.8
1.0

822.5
4.8
1.0

830.0
4.8
1.0

879.0
4.8
1.0

923.5
4.8
1.0

943.0
4.8
1.0

950.0
4.8
1.0

959.5
4.8
1.0

969.0
4.8
1.0

1015.5
4.8
1.0

1025.5
4.8
1.0

2035.0
4.8
1.0

2043.0
4.8
1.0

2053.5
4.8
1.0

2062.0
4.8
1.0

2109.5
4.8
1.0

2118.0
4.8
1.0

2126.0
4.8
1.0

2161.0
4.8
1.0

2197.0
4.8
1.0

2205.5
4.8
1.0

2222.5
4.8
1.0

2233.5
4.8
1.0

2252.5
4.8
1.0

2271.5
4.8
1.0

2280.0
4.8
1.0

2289.0
4.8
1.0

2309.5
4.8
1.0

2345.5
4.8
1.0

2354.0
4.8
1.0

2362.5
4.8
1.0

2381.5
4.8
1.0

2429.0
4.8
1.0

2486.5
4.8
1.0

2496.5
4.8
1.0

2527.5
4.8
1.0

2536.5
4.8
1.0

2575.5
4.8
1.0

2601.5
4.8
1.0

2610.5
4.8
1.0

2631.0
4.8
1.0

2639.0
4.8
1.0

2692.0
4.8
1.0

2709.5
4.8
1.0

2719.5
4.8
1.0

2736.5
4.8
1.0

2763.0
4.8
1.0

2811.5
4.8
1.0

2821.0
4.8
1.0

2836.0
4.8
1.0

2844.0
4.8
1.0

2880.5
4.8
1.0

2888.0
4.8
1.0

2897.5
4.8
1.0

2917.5
4.8
1.0

2926.0
4.8
1.0

2944.5
4.8
1.0

2953.5
4.8
1.0

2962.5
4.8
1.0

