1259.0
4.8
1.0

1289.5
4.8
1.0

1316.0
4.8
1.0

1335.0
4.8
1.0

1344.0
4.8
1.0

1363.5
4.8
1.0

1392.0
4.8
1.0

1456.0
4.8
1.0

1477.0
4.8
1.0

1514.0
4.8
1.0

1523.0
4.8
1.0

1558.0
4.8
1.0

1639.5
4.8
1.0

1678.5
4.8
1.0

1686.5
4.8
1.0

1703.0
4.8
1.0

1720.5
4.8
1.0

1783.0
4.8
1.0

1862.0
4.8
1.0

1901.0
4.8
1.0

1919.5
4.8
1.0

1928.0
4.8
1.0

1937.0
4.8
1.0

2005.5
4.8
1.0

2015.5
4.8
1.0

2033.5
4.8
1.0

2071.5
4.8
1.0

2110.5
4.8
1.0

2119.0
4.8
1.0

2138.0
4.8
1.0

2159.0
4.8
1.0

2169.5
4.8
1.0

3199.5
4.8
1.0

3233.0
4.8
1.0

3263.0
4.8
1.0

3320.5
4.8
1.0

3382.5
4.8
1.0

3391.0
4.8
1.0

3409.5
4.8
1.0

3428.5
4.8
1.0

3436.0
4.8
1.0

3453.0
4.8
1.0

3508.5
4.8
1.0

3525.5
4.8
1.0

3591.5
4.8
1.0

3627.5
4.8
1.0

3637.0
4.8
1.0

3664.0
4.8
1.0

3718.0
4.8
1.0

3727.5
4.8
1.0

3746.0
4.8
1.0

3775.5
4.8
1.0

3792.0
4.8
1.0

3870.5
4.8
1.0

3890.5
4.8
1.0

3901.0
4.8
1.0

3920.5
4.8
1.0

3928.5
4.8
1.0

3952.5
4.8
1.0

4053.0
4.8
1.0

4063.0
4.8
1.0

4081.5
4.8
1.0

4099.5
4.8
1.0

4145.5
4.8
1.0

