381.0
4.8
1.0

417.0
4.8
1.0

426.5
4.8
1.0

457.5
4.8
1.0

466.5
4.8
1.0

476.0
4.8
1.0

501.0
4.8
1.0

516.5
4.8
1.0

527.0
4.8
1.0

555.5
4.8
1.0

565.5
4.8
1.0

575.5
4.8
1.0

594.0
4.8
1.0

629.0
4.8
1.0

638.0
4.8
1.0

662.5
4.8
1.0

716.5
4.8
1.0

724.5
4.8
1.0

745.0
4.8
1.0

753.5
4.8
1.0

773.5
4.8
1.0

783.5
4.8
1.0

792.5
4.8
1.0

801.0
4.8
1.0

816.0
4.8
1.0

834.5
4.8
1.0

842.0
4.8
1.0

850.5
4.8
1.0

869.0
4.8
1.0

888.0
4.8
1.0

924.5
4.8
1.0

952.5
4.8
1.0

1002.5
4.8
1.0

1013.0
4.8
1.0

1043.5
4.8
1.0

1053.5
4.8
1.0

1062.0
4.8
1.0

1081.0
4.8
1.0

1116.5
4.8
1.0

1126.5
4.8
1.0

1182.0
4.8
1.0

1238.5
4.8
1.0

1247.5
4.8
1.0

1256.0
4.8
1.0

1265.0
4.8
1.0

1291.5
4.8
1.0

1309.0
4.8
1.0

1328.5
4.8
1.0

2311.0
4.8
1.0

2320.0
4.8
1.0

2331.5
4.8
1.0

2340.5
4.8
1.0

2359.0
4.8
1.0

2378.5
4.8
1.0

2399.5
4.8
1.0

2408.0
4.8
1.0

2443.0
4.8
1.0

2490.0
4.8
1.0

2500.5
4.8
1.0

2545.0
4.8
1.0

2554.5
4.8
1.0

2583.0
4.8
1.0

2592.0
4.8
1.0

2601.5
4.8
1.0

2621.0
4.8
1.0

2638.0
4.8
1.0

2649.5
4.8
1.0

2667.0
4.8
1.0

2674.5
4.8
1.0

2693.0
4.8
1.0

2702.5
4.8
1.0

2721.5
4.8
1.0

2749.0
4.8
1.0

2758.0
4.8
1.0

2779.5
4.8
1.0

2789.5
4.8
1.0

2799.0
4.8
1.0

2814.0
4.8
1.0

2851.5
4.8
1.0

2861.5
4.8
1.0

2888.0
4.8
1.0

2896.5
4.8
1.0

2905.5
4.8
1.0

2915.0
4.8
1.0

2961.5
4.8
1.0

3009.5
4.8
1.0

3018.0
4.8
1.0

3037.0
4.8
1.0

3083.5
4.8
1.0

3111.0
4.8
1.0

3168.5
4.8
1.0

3185.0
4.8
1.0

3212.0
4.8
1.0

3221.0
4.8
1.0

3251.0
4.8
1.0

3260.5
4.8
1.0

