1391.8
1.5
1.0

1580.3
1.5
1.0

1590.8
1.5
1.0

1617.8
1.5
1.0

1643.8
1.5
1.0

1909.3
1.5
1.0

1917.8
1.5
1.0

2003.8
1.5
1.0

2069.3
1.5
1.0

2078.8
1.5
1.0

2104.8
1.5
1.0

2113.8
1.5
1.0

2122.3
1.5
1.0

2133.3
1.5
1.0

2178.3
1.5
1.0

2252.3
1.5
1.0

3371.8
1.5
1.0

3420.3
1.5
1.0

3428.8
1.5
1.0

3439.8
1.5
1.0

3456.8
1.5
1.0

3612.8
1.5
1.0

3623.3
1.5
1.0

3731.3
1.5
1.0

3806.3
1.5
1.0

3859.8
1.5
1.0

3933.8
1.5
1.0

3953.3
1.5
1.0

4071.8
1.5
1.0

4110.3
1.5
1.0

4214.8
1.5
1.0

4222.8
1.5
1.0

