118.8
1.5
1.0

138.3
1.5
1.0

156.8
1.5
1.0

219.3
1.5
1.0

279.3
1.5
1.0

327.3
1.5
1.0

361.3
1.5
1.0

371.8
1.5
1.0

398.8
1.5
1.0

427.8
1.5
1.0

473.8
1.5
1.0

571.3
1.5
1.0

579.8
1.5
1.0

595.3
1.5
1.0

632.3
1.5
1.0

671.8
1.5
1.0

728.8
1.5
1.0

798.3
1.5
1.0

855.8
1.5
1.0

874.3
1.5
1.0

893.3
1.5
1.0

918.8
1.5
1.0

939.3
1.5
1.0

985.3
1.5
1.0

2104.8
1.5
1.0

2139.8
1.5
1.0

2176.3
1.5
1.0

2185.8
1.5
1.0

2193.8
1.5
1.0

2248.3
1.5
1.0

2267.3
1.5
1.0

2333.8
1.5
1.0

2341.3
1.5
1.0

2395.8
1.5
1.0

2414.3
1.5
1.0

2465.8
1.5
1.0

2522.3
1.5
1.0

2561.8
1.5
1.0

2597.8
1.5
1.0

2626.3
1.5
1.0

2678.8
1.5
1.0

2688.3
1.5
1.0

2759.8
1.5
1.0

2788.3
1.5
1.0

2798.3
1.5
1.0

2832.8
1.5
1.0

2940.3
1.5
1.0

2983.8
1.5
1.0

