1342.8
1.5
1.0

1367.8
1.5
1.0

1382.8
1.5
1.0

1400.8
1.5
1.0

1532.8
1.5
1.0

1561.3
1.5
1.0

1635.8
1.5
1.0

1663.3
1.5
1.0

1673.3
1.5
1.0

1755.3
1.5
1.0

1838.3
1.5
1.0

1847.8
1.5
1.0

1862.8
1.5
1.0

1966.8
1.5
1.0

2158.8
1.5
1.0

2270.3
1.5
1.0

3297.3
1.5
1.0

3523.3
1.5
1.0

3595.8
1.5
1.0

3603.8
1.5
1.0

3661.8
1.5
1.0

3711.3
1.5
1.0

3768.8
1.5
1.0

3824.8
1.5
1.0

3841.3
1.5
1.0

3905.3
1.5
1.0

3972.3
1.5
1.0

3999.8
1.5
1.0

4100.3
1.5
1.0

4138.3
1.5
1.0

4148.8
1.5
1.0

4259.8
1.5
1.0

