287.8
1.5
1.0

316.3
1.5
1.0

342.3
1.5
1.0

396.8
1.5
1.0

416.3
1.5
1.0

445.3
1.5
1.0

521.8
1.5
1.0

558.8
1.5
1.0

588.3
1.5
1.0

632.8
1.5
1.0

641.8
1.5
1.0

698.3
1.5
1.0

718.8
1.5
1.0

812.3
1.5
1.0

841.3
1.5
1.0

859.8
1.5
1.0

971.3
1.5
1.0

1038.8
1.5
1.0

1115.8
1.5
1.0

1125.8
1.5
1.0

1160.8
1.5
1.0

1171.8
1.5
1.0

1225.8
1.5
1.0

1234.3
1.5
1.0

2245.8
1.5
1.0

2413.3
1.5
1.0

2450.8
1.5
1.0

2461.8
1.5
1.0

2506.8
1.5
1.0

2525.3
1.5
1.0

2543.8
1.5
1.0

2599.8
1.5
1.0

2676.8
1.5
1.0

2736.8
1.5
1.0

2754.8
1.5
1.0

2803.3
1.5
1.0

2823.8
1.5
1.0

2841.8
1.5
1.0

2888.8
1.5
1.0

2945.3
1.5
1.0

2997.8
1.5
1.0

3025.8
1.5
1.0

3043.8
1.5
1.0

3061.3
1.5
1.0

3109.3
1.5
1.0

3118.8
1.5
1.0

3139.3
1.5
1.0

3184.8
1.5
1.0

