1343.5
4.8
1.0

1353.5
4.8
1.0

1388.5
4.8
1.0

1407.5
4.8
1.0

1417.5
4.8
1.0

1427.5
4.8
1.0

1447.0
4.8
1.0

1456.0
4.8
1.0

1485.0
4.8
1.0

1494.5
4.8
1.0

1503.5
4.8
1.0

1532.0
4.8
1.0

1541.5
4.8
1.0

1550.0
4.8
1.0

1568.0
4.8
1.0

1577.0
4.8
1.0

1587.0
4.8
1.0

1632.5
4.8
1.0

1663.5
4.8
1.0

1710.5
4.8
1.0

1737.0
4.8
1.0

1764.5
4.8
1.0

1819.0
4.8
1.0

1826.0
4.8
1.0

1853.5
4.8
1.0

1871.0
4.8
1.0

1889.5
4.8
1.0

1899.5
4.8
1.0

1909.0
4.8
1.0

1925.0
4.8
1.0

1932.0
4.8
1.0

1943.5
4.8
1.0

1960.5
4.8
1.0

1988.5
4.8
1.0

2015.5
4.8
1.0

2025.0
4.8
1.0

2034.0
4.8
1.0

2053.5
4.8
1.0

2113.5
4.8
1.0

2143.0
4.8
1.0

2160.0
4.8
1.0

2190.5
4.8
1.0

2198.0
4.8
1.0

2209.0
4.8
1.0

2234.0
4.8
1.0

2273.0
4.8
1.0

2283.5
4.8
1.0

2302.0
4.8
1.0

2318.5
4.8
1.0

2328.0
4.8
1.0

2336.0
4.8
1.0

2371.0
4.8
1.0

2401.5
4.8
1.0

2421.5
4.8
1.0

2430.5
4.8
1.0

2458.5
4.8
1.0

2476.0
4.8
1.0

2512.0
4.8
1.0

2531.5
4.8
1.0

2541.0
4.8
1.0

2586.0
4.8
1.0

2595.0
4.8
1.0

2602.0
4.8
1.0

2631.0
4.8
1.0

2640.0
4.8
1.0

2648.5
4.8
1.0

2702.0
4.8
1.0

2711.5
4.8
1.0

2720.0
4.8
1.0

2758.0
4.8
1.0

2767.0
4.8
1.0

2776.0
4.8
1.0

2831.5
4.8
1.0

2861.5
4.8
1.0

2881.5
4.8
1.0

2930.5
4.8
1.0

2938.0
4.8
1.0

2957.5
4.8
1.0

2966.5
4.8
1.0

2982.0
4.8
1.0

2993.5
4.8
1.0

3002.0
4.8
1.0

3041.5
4.8
1.0

3069.0
4.8
1.0

3099.5
4.8
1.0

3109.5
4.8
1.0

3129.5
4.8
1.0

3138.5
4.8
1.0

3167.5
4.8
1.0

3177.5
4.8
1.0

3187.5
4.8
1.0

3197.5
4.8
1.0

3217.5
4.8
1.0

3235.5
4.8
1.0

3271.5
4.8
1.0

3281.5
4.8
1.0

