335.25
1.0
1.0

343.5
1.0
1.0

388.5
1.0
1.0

495.0
1.0
1.0

504.75
1.0
1.0

513.0
1.0
1.0

541.5
1.0
1.0

550.5
1.0
1.0

578.25
1.0
1.0

586.5
1.0
1.0

596.25
1.0
1.0

612.75
1.0
1.0

648.75
1.0
1.0

702.75
1.0
1.0

740.25
1.0
1.0

758.25
1.0
1.0

774.0
1.0
1.0

837.75
1.0
1.0

847.5
1.0
1.0

873.0
1.0
1.0

891.0
1.0
1.0

918.0
1.0
1.0

929.25
1.0
1.0

1035.0
1.0
1.0

1080.75
1.0
1.0

1089.75
1.0
1.0

1099.5
1.0
1.0

1107.0
1.0
1.0

1827.0
1.0
1.0

1845.75
1.0
1.0

1874.25
1.0
1.0

1918.5
1.0
1.0

1926.75
1.0
1.0

1945.5
1.0
1.0

1964.25
1.0
1.0

1990.5
1.0
1.0

1998.0
1.0
1.0

2025.0
1.0
1.0

2098.5
1.0
1.0

2160.0
1.0
1.0

2268.0
1.0
1.0

2315.25
1.0
1.0

2323.5
1.0
1.0

2332.5
1.0
1.0

2340.0
1.0
1.0

2376.75
1.0
1.0

2413.5
1.0
1.0

2423.25
1.0
1.0

2457.0
1.0
1.0

2475.75
1.0
1.0

2530.5
1.0
1.0

2574.0
1.0
1.0

2583.0
1.0
1.0

2601.75
1.0
1.0

2619.75
1.0
1.0

2630.25
1.0
1.0

