1089.5
1.5
1.0

1161.5
1.5
1.0

1179.5
1.5
1.0

1199.0
1.5
1.0

1244.75
1.5
1.0

1252.25
1.5
1.0

1261.25
1.5
1.0

1304.0
1.5
1.0

1360.25
1.5
1.0

1415.0
1.5
1.0

1475.75
1.5
1.0

1493.75
1.5
1.0

1539.5
1.5
1.0

1629.5
1.5
1.0

1649.75
1.5
1.0

1655.75
1.5
1.0

1685.0
1.5
1.0

1691.0
1.5
1.0

1731.5
1.5
1.0

1757.0
1.5
1.0

1835.75
1.5
1.0

2681.75
1.5
1.0

2790.5
1.5
1.0

2845.25
1.5
1.0

2861.75
1.5
1.0

2981.0
1.5
1.0

2997.5
1.5
1.0

3023.75
1.5
1.0

3052.25
1.5
1.0

3097.25
1.5
1.0

3107.75
1.5
1.0

3133.25
1.5
1.0

3142.25
1.5
1.0

3152.75
1.5
1.0

3187.25
1.5
1.0

3196.25
1.5
1.0

3203.75
1.5
1.0

3258.5
1.5
1.0

3295.25
1.5
1.0

3348.5
1.5
1.0

3385.25
1.5
1.0

3459.5
1.5
1.0

