381.3
1.5
1.0

397.3
1.5
1.0

435.3
1.5
1.0

507.8
1.5
1.0

596.8
1.5
1.0

759.3
1.5
1.0

792.8
1.5
1.0

847.3
1.5
1.0

857.3
1.5
1.0

905.8
1.5
1.0

970.8
1.5
1.0

1013.8
1.5
1.0

1097.8
1.5
1.0

1163.8
1.5
1.0

1179.3
1.5
1.0

1293.8
1.5
1.0

3322.8
1.5
1.0

3435.8
1.5
1.0

3509.3
1.5
1.0

3526.3
1.5
1.0

3551.3
1.5
1.0

3569.3
1.5
1.0

3686.8
1.5
1.0

3759.8
1.5
1.0

3776.8
1.5
1.0

3831.8
1.5
1.0

3921.3
1.5
1.0

4014.3
1.5
1.0

4050.3
1.5
1.0

4078.3
1.5
1.0

4094.8
1.5
1.0

4159.3
1.5
1.0

