404.8
1.5
1.0

473.3
1.5
1.0

499.3
1.5
1.0

514.8
1.5
1.0

534.8
1.5
1.0

543.8
1.5
1.0

622.8
1.5
1.0

748.8
1.5
1.0

776.8
1.5
1.0

785.3
1.5
1.0

867.3
1.5
1.0

1021.3
1.5
1.0

1079.3
1.5
1.0

1106.8
1.5
1.0

1244.8
1.5
1.0

1264.8
1.5
1.0

3452.8
1.5
1.0

3463.3
1.5
1.0

3517.3
1.5
1.0

3598.3
1.5
1.0

3650.3
1.5
1.0

3669.8
1.5
1.0

3695.3
1.5
1.0

3703.3
1.5
1.0

3749.3
1.5
1.0

3822.8
1.5
1.0

3839.8
1.5
1.0

3865.3
1.5
1.0

4061.3
1.5
1.0

4087.3
1.5
1.0

4193.3
1.5
1.0

4203.3
1.5
1.0

