462.3
1.5
1.0

482.8
1.5
1.0

613.8
1.5
1.0

641.8
1.5
1.0

648.8
1.5
1.0

684.8
1.5
1.0

950.3
1.5
1.0

1005.8
1.5
1.0

1030.8
1.5
1.0

1050.8
1.5
1.0

1059.8
1.5
1.0

1127.8
1.5
1.0

1170.8
1.5
1.0

1216.8
1.5
1.0

1255.3
1.5
1.0

1273.8
1.5
1.0

3305.8
1.5
1.0

3332.8
1.5
1.0

3351.8
1.5
1.0

3379.8
1.5
1.0

3386.8
1.5
1.0

3427.3
1.5
1.0

3606.8
1.5
1.0

3676.8
1.5
1.0

3767.3
1.5
1.0

3796.8
1.5
1.0

3884.8
1.5
1.0

3939.8
1.5
1.0

3995.3
1.5
1.0

4025.3
1.5
1.0

4177.3
1.5
1.0

4185.3
1.5
1.0

