11.5
4.8
1.0

21.5
4.8
1.0

30.0
4.8
1.0

38.5
4.8
1.0

65.5
4.8
1.0

75.5
4.8
1.0

84.5
4.8
1.0

102.5
4.8
1.0

112.0
4.8
1.0

140.0
4.8
1.0

185.0
4.8
1.0

194.5
4.8
1.0

221.0
4.8
1.0

230.0
4.8
1.0

276.5
4.8
1.0

284.0
4.8
1.0

312.0
4.8
1.0

321.5
4.8
1.0

330.0
4.8
1.0

354.5
4.8
1.0

382.5
4.8
1.0

401.5
4.8
1.0

411.0
4.8
1.0

436.5
4.8
1.0

445.0
4.8
1.0

454.0
4.8
1.0

481.5
4.8
1.0

490.0
4.8
1.0

507.0
4.8
1.0

549.0
4.8
1.0

584.5
4.8
1.0

604.0
4.8
1.0

615.5
4.8
1.0

642.0
4.8
1.0

652.5
4.8
1.0

662.0
4.8
1.0

698.0
4.8
1.0

737.0
4.8
1.0

747.5
4.8
1.0

785.0
4.8
1.0

818.0
4.8
1.0

829.5
4.8
1.0

839.0
4.8
1.0

849.0
4.8
1.0

885.0
4.8
1.0

894.0
4.8
1.0

904.0
4.8
1.0

946.0
4.8
1.0

