2275.5
4.8
1.0

2293.5
4.8
1.0

2313.5
4.8
1.0

2373.5
4.8
1.0

2382.5
4.8
1.0

2412.0
4.8
1.0

2423.5
4.8
1.0

2477.5
4.8
1.0

2507.0
4.8
1.0

2517.5
4.8
1.0

2573.5
4.8
1.0

2583.0
4.8
1.0

2624.5
4.8
1.0

2635.0
4.8
1.0

2718.5
4.8
1.0

2726.5
4.8
1.0

2755.0
4.8
1.0

2781.5
4.8
1.0

2838.5
4.8
1.0

2868.5
4.8
1.0

2931.5
4.8
1.0

2941.0
4.8
1.0

2948.0
4.8
1.0

2958.0
4.8
1.0

2977.0
4.8
1.0

2995.0
4.8
1.0

3022.0
4.8
1.0

3041.5
4.8
1.0

3071.5
4.8
1.0

3113.0
4.8
1.0

3122.0
4.8
1.0

3130.0
4.8
1.0

