2207.0
4.8
1.0

2216.0
4.8
1.0

2235.5
4.8
1.0

2264.5
4.8
1.0

2302.0
4.8
1.0

2353.0
4.8
1.0

2392.5
4.8
1.0

2440.0
4.8
1.0

2448.5
4.8
1.0

2466.5
4.8
1.0

2535.5
4.8
1.0

2563.5
4.8
1.0

2591.0
4.8
1.0

2606.0
4.8
1.0

2654.0
4.8
1.0

2681.0
4.8
1.0

2708.5
4.8
1.0

2764.5
4.8
1.0

2791.0
4.8
1.0

2801.5
4.8
1.0

2819.5
4.8
1.0

2876.5
4.8
1.0

2885.5
4.8
1.0

2895.5
4.8
1.0

2905.0
4.8
1.0

2985.5
4.8
1.0

3051.0
4.8
1.0

3061.5
4.8
1.0

3088.0
4.8
1.0

3096.0
4.8
1.0

3139.0
4.8
1.0

3148.5
4.8
1.0

