2052.0
4.8
1.0

2071.0
4.8
1.0

2090.0
4.8
1.0

2118.0
4.8
1.0

2184.5
4.8
1.0

2316.0
4.8
1.0

2334.5
4.8
1.0

2388.0
4.8
1.0

2396.5
4.8
1.0

2407.5
4.8
1.0

2416.0
4.8
1.0

2434.5
4.8
1.0

2444.0
4.8
1.0

2453.0
4.8
1.0

2463.5
4.8
1.0

2482.0
4.8
1.0

2492.5
4.8
1.0

2503.5
4.8
1.0

2564.5
4.8
1.0

2585.0
4.8
1.0

2691.5
4.8
1.0

2701.5
4.8
1.0

2710.0
4.8
1.0

2754.0
4.8
1.0

2828.5
4.8
1.0

2847.5
4.8
1.0

2867.5
4.8
1.0

2933.5
4.8
1.0

2952.0
4.8
1.0

2979.0
4.8
1.0

2996.5
4.8
1.0

3006.5
4.8
1.0

