2.25
1.0
1.0

27.0
1.0
1.0

45.75
1.0
1.0

64.5
1.0
1.0

72.75
1.0
1.0

81.75
1.0
1.0

90.75
1.0
1.0

110.25
1.0
1.0

128.25
1.0
1.0

137.25
1.0
1.0

181.5
1.0
1.0

191.25
1.0
1.0

200.25
1.0
1.0

252.75
1.0
1.0

261.0
1.0
1.0

270.0
1.0
1.0

315.75
1.0
1.0

362.25
1.0
1.0

406.5
1.0
1.0

414.0
1.0
1.0

425.25
1.0
1.0

432.75
1.0
1.0

452.25
1.0
1.0

459.75
1.0
1.0

488.25
1.0
1.0

515.25
1.0
1.0

524.25
1.0
1.0

568.5
1.0
1.0

577.5
1.0
1.0

585.0
1.0
1.0

614.25
1.0
1.0

630.75
1.0
1.0

640.5
1.0
1.0

648.75
1.0
1.0

657.75
1.0
1.0

676.5
1.0
1.0

