1019.25
1.0
1.0

1054.5
1.0
1.0

1062.75
1.0
1.0

1125.0
1.0
1.0

1134.0
1.0
1.0

1143.0
1.0
1.0

1215.0
1.0
1.0

1235.25
1.0
1.0

1242.0
1.0
1.0

1251.75
1.0
1.0

1287.0
1.0
1.0

1296.75
1.0
1.0

1341.75
1.0
1.0

1377.0
1.0
1.0

1415.25
1.0
1.0

1433.25
1.0
1.0

1440.75
1.0
1.0

1494.75
1.0
1.0

1530.0
1.0
1.0

1550.25
1.0
1.0

1558.5
1.0
1.0

1603.5
1.0
1.0

1613.25
1.0
1.0

1648.5
1.0
1.0

1675.5
1.0
1.0

1685.25
1.0
1.0

1730.25
1.0
1.0

1792.5
1.0
1.0

1827.75
1.0
1.0

1845.75
1.0
1.0

1855.5
1.0
1.0

1908.75
1.0
1.0

1919.25
1.0
1.0

1928.25
1.0
1.0

1971.0
1.0
1.0

2000.25
1.0
1.0

2017.5
1.0
1.0

2088.0
1.0
1.0

2144.25
1.0
1.0

2189.25
1.0
1.0

2261.25
1.0
1.0

2269.5
1.0
1.0

2313.75
1.0
1.0

2331.0
1.0
1.0

2387.25
1.0
1.0

2422.5
1.0
1.0

2448.0
1.0
1.0

2486.25
1.0
1.0

2493.75
1.0
1.0

2503.5
1.0
1.0

2511.0
1.0
1.0

2567.25
1.0
1.0

2601.75
1.0
1.0

2620.5
1.0
1.0

2629.5
1.0
1.0

2637.0
1.0
1.0

