289.5
1.0
1.0

299.25
1.0
1.0

308.25
1.0
1.0

326.25
1.0
1.0

344.25
1.0
1.0

380.25
1.0
1.0

389.25
1.0
1.0

397.5
1.0
1.0

405.75
1.0
1.0

451.5
1.0
1.0

459.0
1.0
1.0

513.75
1.0
1.0

558.0
1.0
1.0

604.5
1.0
1.0

621.75
1.0
1.0

659.25
1.0
1.0

666.75
1.0
1.0

684.0
1.0
1.0

712.5
1.0
1.0

738.75
1.0
1.0

747.75
1.0
1.0

776.25
1.0
1.0

803.25
1.0
1.0

820.5
1.0
1.0

829.5
1.0
1.0

847.5
1.0
1.0

864.75
1.0
1.0

873.0
1.0
1.0

882.0
1.0
1.0

900.0
1.0
1.0

918.0
1.0
1.0

937.5
1.0
1.0

947.25
1.0
1.0

973.5
1.0
1.0

982.5
1.0
1.0

991.5
1.0
1.0

2683.5
1.0
1.0

2702.25
1.0
1.0

2718.75
1.0
1.0

2727.75
1.0
1.0

2763.0
1.0
1.0

2772.0
1.0
1.0

2790.75
1.0
1.0

2818.5
1.0
1.0

2828.25
1.0
1.0

2836.5
1.0
1.0

2871.0
1.0
1.0

2926.5
1.0
1.0

2935.5
1.0
1.0

2961.0
1.0
1.0

2972.25
1.0
1.0

2979.75
1.0
1.0

2988.75
1.0
1.0

3016.5
1.0
1.0

3042.75
1.0
1.0

3053.25
1.0
1.0

3069.75
1.0
1.0

3088.5
1.0
1.0

3097.5
1.0
1.0

3114.75
1.0
1.0

3150.75
1.0
1.0

3170.25
1.0
1.0

3177.75
1.0
1.0

3187.5
1.0
1.0

3195.0
1.0
1.0

3249.75
1.0
1.0

3267.0
1.0
1.0

3277.5
1.0
1.0

3287.25
1.0
1.0

3313.5
1.0
1.0

3321.75
1.0
1.0

3348.0
1.0
1.0

