301.0
2.0
1.0

310.75
2.0
1.0

346.75
2.0
1.0

462.25
2.0
1.0

516.25
2.0
1.0

625.75
2.0
1.0

663.25
2.0
1.0

780.25
2.0
1.0

805.75
2.0
1.0

823.0
2.0
1.0

833.5
2.0
1.0

876.25
2.0
1.0

904.0
2.0
1.0

941.5
2.0
1.0

950.5
2.0
1.0

976.0
2.0
1.0

985.0
2.0
1.0

994.75
2.0
1.0

2687.5
2.0
1.0

2706.25
2.0
1.0

2721.25
2.0
1.0

2775.25
2.0
1.0

2872.75
2.0
1.0

2928.25
2.0
1.0

2963.5
2.0
1.0

2992.0
2.0
1.0

3055.75
2.0
1.0

3090.25
2.0
1.0

3099.25
2.0
1.0

3152.5
2.0
1.0

3173.5
2.0
1.0

3271.0
2.0
1.0

3279.25
2.0
1.0

3290.5
2.0
1.0

3324.25
2.0
1.0

3351.25
2.0
1.0

