344.5
2.0
1.0

379.75
2.0
1.0

463.75
2.0
1.0

490.75
2.0
1.0

526.75
2.0
1.0

543.25
2.0
1.0

562.0
2.0
1.0

660.25
2.0
1.0

688.0
2.0
1.0

707.5
2.0
1.0

751.75
2.0
1.0

760.0
2.0
1.0

767.5
2.0
1.0

778.0
2.0
1.0

797.5
2.0
1.0

805.0
2.0
1.0

841.0
2.0
1.0

985.75
2.0
1.0

2710.75
2.0
1.0

2721.25
2.0
1.0

2777.5
2.0
1.0

2839.0
2.0
1.0

2857.0
2.0
1.0

2881.75
2.0
1.0

2928.25
2.0
1.0

2947.75
2.0
1.0

2956.0
2.0
1.0

3018.25
2.0
1.0

3037.0
2.0
1.0

3072.25
2.0
1.0

3135.25
2.0
1.0

3243.25
2.0
1.0

3263.5
2.0
1.0

3280.0
2.0
1.0

3300.25
2.0
1.0

3353.5
2.0
1.0

