2402.0
4.8
1.0

2410.5
4.8
1.0

2434.0
4.8
1.0

2452.5
4.8
1.0

2551.0
4.8
1.0

2560.0
4.8
1.0

2570.0
4.8
1.0

2580.0
4.8
1.0

2635.5
4.8
1.0

2653.5
4.8
1.0

2680.0
4.8
1.0

2710.0
4.8
1.0

2719.5
4.8
1.0

2757.0
4.8
1.0

2777.0
4.8
1.0

2787.5
4.8
1.0

2796.5
4.8
1.0

2822.5
4.8
1.0

2867.0
4.8
1.0

2882.0
4.8
1.0

2890.0
4.8
1.0

2934.0
4.8
1.0

2950.5
4.8
1.0

3010.0
4.8
1.0

3077.0
4.8
1.0

3095.5
4.8
1.0

3115.0
4.8
1.0

3133.5
4.8
1.0

3152.0
4.8
1.0

3162.0
4.8
1.0

3173.0
4.8
1.0

3228.5
4.8
1.0

3246.0
4.8
1.0

3263.0
4.8
1.0

3357.5
4.8
1.0

3384.0
4.8
1.0

3394.5
4.8
1.0

3405.5
4.8
1.0

3450.0
4.8
1.0

3459.0
4.8
1.0

3574.5
4.8
1.0

3594.0
4.8
1.0

3650.5
4.8
1.0

3685.0
4.8
1.0

3702.5
4.8
1.0

3713.5
4.8
1.0

3748.0
4.8
1.0

3765.5
4.8
1.0

3782.5
4.8
1.0

3811.5
4.8
1.0

3829.5
4.8
1.0

3839.0
4.8
1.0

3858.5
4.8
1.0

3909.5
4.8
1.0

3919.0
4.8
1.0

3928.5
4.8
1.0

4008.0
4.8
1.0

4016.5
4.8
1.0

4032.5
4.8
1.0

4052.5
4.8
1.0

4116.0
4.8
1.0

4162.0
4.8
1.0

4193.5
4.8
1.0

4203.5
4.8
1.0

4283.5
4.8
1.0

4292.0
4.8
1.0

4329.0
4.8
1.0

4338.0
4.8
1.0

4354.0
4.8
1.0

4363.0
4.8
1.0

4390.0
4.8
1.0

4398.5
4.8
1.0

4415.0
4.8
1.0

4442.0
4.8
1.0

4450.0
4.8
1.0

4458.5
4.8
1.0

4469.5
4.8
1.0

4554.5
4.8
1.0

4574.0
4.8
1.0

4583.5
4.8
1.0

