2426.5
4.8
1.0

2445.0
4.8
1.0

2470.5
4.8
1.0

2488.5
4.8
1.0

2504.5
4.8
1.0

2515.5
4.8
1.0

2533.0
4.8
1.0

2541.0
4.8
1.0

2599.0
4.8
1.0

2644.0
4.8
1.0

2701.0
4.8
1.0

2728.0
4.8
1.0

2766.0
4.8
1.0

2815.0
4.8
1.0

2830.0
4.8
1.0

2838.5
4.8
1.0

2849.0
4.8
1.0

2857.5
4.8
1.0

2899.5
4.8
1.0

2926.5
4.8
1.0

3001.0
4.8
1.0

3019.0
4.8
1.0

3029.5
4.8
1.0

3039.0
4.8
1.0

3048.0
4.8
1.0

3066.5
4.8
1.0

3104.5
4.8
1.0

3125.0
4.8
1.0

3142.5
4.8
1.0

3183.0
4.8
1.0

3192.5
4.8
1.0

3202.5
4.8
1.0

3211.5
4.8
1.0

3297.5
4.8
1.0

3317.0
4.8
1.0

3327.0
4.8
1.0

3346.0
4.8
1.0

3367.5
4.8
1.0

3425.0
4.8
1.0

3468.0
4.8
1.0

3506.0
4.8
1.0

3534.5
4.8
1.0

3565.0
4.8
1.0

3631.5
4.8
1.0

3658.0
4.8
1.0

3676.5
4.8
1.0

3723.5
4.8
1.0

3733.0
4.8
1.0

3756.0
4.8
1.0

3774.0
4.8
1.0

3791.0
4.8
1.0

3868.5
4.8
1.0

3879.0
4.8
1.0

3899.0
4.8
1.0

3946.5
4.8
1.0

3962.0
4.8
1.0

3989.5
4.8
1.0

3999.5
4.8
1.0

4024.5
4.8
1.0

4042.5
4.8
1.0

4060.5
4.8
1.0

4107.0
4.8
1.0

4125.0
4.8
1.0

4173.0
4.8
1.0

4230.0
4.8
1.0

4238.0
4.8
1.0

4256.5
4.8
1.0

4300.0
4.8
1.0

4309.0
4.8
1.0

4347.0
4.8
1.0

4371.0
4.8
1.0

4406.5
4.8
1.0

4425.5
4.8
1.0

4434.5
4.8
1.0

4498.0
4.8
1.0

4517.0
4.8
1.0

4527.5
4.8
1.0

4537.0
4.8
1.0

4565.0
4.8
1.0

4592.5
4.8
1.0

