2048.8
4.8
1.0

2058.3
4.8
1.0

2069.3
4.8
1.0

2170.3
4.8
1.0

2201.8
4.8
1.0

2211.8
4.8
1.0

2388.3
4.8
1.0

2488.8
4.8
1.0

2508.3
4.8
1.0

2555.8
4.8
1.0

2584.3
4.8
1.0

2724.8
4.8
1.0

2734.3
4.8
1.0

2877.8
4.8
1.0

2952.3
4.8
1.0

2979.8
4.8
1.0

3032.8
4.8
1.0

3059.3
4.8
1.0

3125.3
4.8
1.0

3281.8
4.8
1.0

3319.8
4.8
1.0

3328.8
4.8
1.0

3367.3
4.8
1.0

3426.8
4.8
1.0

3475.8
4.8
1.0

3493.8
4.8
1.0

3533.3
4.8
1.0

3672.8
4.8
1.0

3769.8
4.8
1.0

3855.8
4.8
1.0

3863.3
4.8
1.0

3920.3
4.8
1.0

