2407.3
4.8
1.0

2440.3
4.8
1.0

2556.8
4.8
1.0

2576.3
4.8
1.0

2724.8
4.8
1.0

2783.3
4.8
1.0

2792.8
4.8
1.0

2802.8
4.8
1.0

2894.8
4.8
1.0

2939.3
4.8
1.0

3014.8
4.8
1.0

3083.3
4.8
1.0

3121.3
4.8
1.0

3139.8
4.8
1.0

3179.3
4.8
1.0

3251.8
4.8
1.0

3269.3
4.8
1.0

3390.3
4.8
1.0

3400.8
4.8
1.0

3464.8
4.8
1.0

3580.3
4.8
1.0

3655.3
4.8
1.0

3689.8
4.8
1.0

3718.3
4.8
1.0

3752.8
4.8
1.0

3864.3
4.8
1.0

3914.8
4.8
1.0

3924.3
4.8
1.0

4021.8
4.8
1.0

4057.8
4.8
1.0

4168.3
4.8
1.0

4289.8
4.8
1.0

4296.8
4.8
1.0

4335.3
4.8
1.0

4343.8
4.8
1.0

4367.8
4.8
1.0

4403.8
4.8
1.0

4447.8
4.8
1.0

4474.3
4.8
1.0

4578.8
4.8
1.0

