2493.8
4.8
1.0

2510.8
4.8
1.0

2537.8
4.8
1.0

2604.8
4.8
1.0

2648.8
4.8
1.0

2707.3
4.8
1.0

2844.3
4.8
1.0

2863.8
4.8
1.0

2905.3
4.8
1.0

3024.3
4.8
1.0

3034.8
4.8
1.0

3053.3
4.8
1.0

3072.3
4.8
1.0

3148.8
4.8
1.0

3188.3
4.8
1.0

3207.8
4.8
1.0

3322.3
4.8
1.0

3333.3
4.8
1.0

3352.3
4.8
1.0

3430.8
4.8
1.0

3540.3
4.8
1.0

3570.8
4.8
1.0

3663.3
4.8
1.0

3728.8
4.8
1.0

3796.3
4.8
1.0

3874.3
4.8
1.0

3904.8
4.8
1.0

3994.8
4.8
1.0

4048.3
4.8
1.0

4066.8
4.8
1.0

4112.8
4.8
1.0

4130.3
4.8
1.0

4178.3
4.8
1.0

4235.3
4.8
1.0

4314.3
4.8
1.0

4431.8
4.8
1.0

4439.8
4.8
1.0

4504.3
4.8
1.0

4523.3
4.8
1.0

4532.3
4.8
1.0

