177.3
4.8
1.0

224.3
4.8
1.0

243.8
4.8
1.0

271.8
4.8
1.0

279.8
4.8
1.0

289.3
4.8
1.0

308.3
4.8
1.0

326.8
4.8
1.0

447.3
4.8
1.0

528.3
4.8
1.0

575.3
4.8
1.0

584.3
4.8
1.0

603.8
4.8
1.0

720.8
4.8
1.0

794.8
4.8
1.0

804.3
4.8
1.0

843.3
4.8
1.0

891.3
4.8
1.0

964.3
4.8
1.0

984.3
4.8
1.0

994.3
4.8
1.0

1022.3
4.8
1.0

1061.8
4.8
1.0

1096.8
4.8
1.0

1210.8
4.8
1.0

1220.8
4.8
1.0

1231.3
4.8
1.0

1240.3
4.8
1.0

1268.8
4.8
1.0

1278.3
4.8
1.0

1426.3
4.8
1.0

1456.3
4.8
1.0

1485.8
4.8
1.0

1501.3
4.8
1.0

1510.3
4.8
1.0

1548.8
4.8
1.0

1575.3
4.8
1.0

1593.3
4.8
1.0

1611.8
4.8
1.0

1684.8
4.8
1.0

1721.3
4.8
1.0

1759.3
4.8
1.0

1796.8
4.8
1.0

1805.8
4.8
1.0

1850.3
4.8
1.0

1860.3
4.8
1.0

1871.3
4.8
1.0

1897.8
4.8
1.0

1983.3
4.8
1.0

2039.8
4.8
1.0

2048.3
4.8
1.0

2065.8
4.8
1.0

2110.8
4.8
1.0

2160.8
4.8
1.0

2242.8
4.8
1.0

2251.8
4.8
1.0

2277.8
4.8
1.0

2325.8
4.8
1.0

2334.8
4.8
1.0

2398.8
4.8
1.0

