166.8
4.8
1.0

186.3
4.8
1.0

215.3
4.8
1.0

252.3
4.8
1.0

261.8
4.8
1.0

299.3
4.8
1.0

317.8
4.8
1.0

334.8
4.8
1.0

353.3
4.8
1.0

371.8
4.8
1.0

399.8
4.8
1.0

491.8
4.8
1.0

500.8
4.8
1.0

519.3
4.8
1.0

593.3
4.8
1.0

633.3
4.8
1.0

650.3
4.8
1.0

690.3
4.8
1.0

737.8
4.8
1.0

774.3
4.8
1.0

813.8
4.8
1.0

833.3
4.8
1.0

935.8
4.8
1.0

955.3
4.8
1.0

1052.3
4.8
1.0

1069.8
4.8
1.0

1078.3
4.8
1.0

1104.8
4.8
1.0

1201.8
4.8
1.0

1248.8
4.8
1.0

1331.3
4.8
1.0

1339.8
4.8
1.0

1349.3
4.8
1.0

1378.8
4.8
1.0

1406.8
4.8
1.0

1492.8
4.8
1.0

1538.3
4.8
1.0

1559.3
4.8
1.0

1567.3
4.8
1.0

1656.3
4.8
1.0

1768.8
4.8
1.0

1778.3
4.8
1.0

1813.8
4.8
1.0

1821.8
4.8
1.0

1830.3
4.8
1.0

1926.8
4.8
1.0

1936.3
4.8
1.0

2057.8
4.8
1.0

2074.3
4.8
1.0

2120.3
4.8
1.0

2130.3
4.8
1.0

2140.8
4.8
1.0

2150.3
4.8
1.0

2177.3
4.8
1.0

2260.3
4.8
1.0

2296.3
4.8
1.0

2344.3
4.8
1.0

2353.8
4.8
1.0

2372.3
4.8
1.0

2389.3
4.8
1.0

