2467.8
4.8
1.0

2485.3
4.8
1.0

2594.3
4.8
1.0

2613.8
4.8
1.0

2667.8
4.8
1.0

2676.3
4.8
1.0

2696.3
4.8
1.0

2752.8
4.8
1.0

2879.8
4.8
1.0

2922.3
4.8
1.0

2966.8
4.8
1.0

3090.8
4.8
1.0

3225.3
4.8
1.0

3243.8
4.8
1.0

3258.8
4.8
1.0

3285.8
4.8
1.0

3293.8
4.8
1.0

3342.3
4.8
1.0

3381.3
4.8
1.0

3502.8
4.8
1.0

3591.8
4.8
1.0

3607.8
4.8
1.0

3616.3
4.8
1.0

3626.3
4.8
1.0

3672.3
4.8
1.0

3807.8
4.8
1.0

3825.3
4.8
1.0

3894.3
4.8
1.0

3942.8
4.8
1.0

3959.8
4.8
1.0

3984.8
4.8
1.0

4158.3
4.8
1.0

4189.3
4.8
1.0

4218.3
4.8
1.0

4227.3
4.8
1.0

4279.8
4.8
1.0

4324.3
4.8
1.0

4484.8
4.8
1.0

4494.3
4.8
1.0

4551.3
4.8
1.0

