306.0
1.0
1.0

325.5
1.0
1.0

433.5
1.0
1.0

452.25
1.0
1.0

550.5
1.0
1.0

612.75
1.0
1.0

648.75
1.0
1.0

657.75
1.0
1.0

684.75
1.0
1.0

695.25
1.0
1.0

712.5
1.0
1.0

722.25
1.0
1.0

730.5
1.0
1.0

810.75
1.0
1.0

819.0
1.0
1.0

828.0
1.0
1.0

864.75
1.0
1.0

882.0
1.0
1.0

927.75
1.0
1.0

947.25
1.0
1.0

965.25
1.0
1.0

974.25
1.0
1.0

1036.5
1.0
1.0

1054.5
1.0
1.0

1080.0
1.0
1.0

1089.75
1.0
1.0

1098.75
1.0
1.0

1107.0
1.0
1.0

1847.25
1.0
1.0

1873.5
1.0
1.0

1881.75
1.0
1.0

1892.25
1.0
1.0

1953.75
1.0
1.0

1962.75
1.0
1.0

1991.25
1.0
1.0

2053.5
1.0
1.0

2062.5
1.0
1.0

2070.75
1.0
1.0

2097.75
1.0
1.0

2144.25
1.0
1.0

2180.25
1.0
1.0

2223.75
1.0
1.0

2251.5
1.0
1.0

2259.0
1.0
1.0

2305.5
1.0
1.0

2341.5
1.0
1.0

2360.25
1.0
1.0

2385.75
1.0
1.0

2421.0
1.0
1.0

2467.5
1.0
1.0

2495.25
1.0
1.0

2502.75
1.0
1.0

2513.25
1.0
1.0

2540.25
1.0
1.0

2548.5
1.0
1.0

2639.25
1.0
1.0

