1118.25
1.0
1.0

1127.25
1.0
1.0

1181.25
1.0
1.0

1190.25
1.0
1.0

1199.25
1.0
1.0

1216.5
1.0
1.0

1224.0
1.0
1.0

1251.75
1.0
1.0

1260.75
1.0
1.0

1298.25
1.0
1.0

1324.5
1.0
1.0

1342.5
1.0
1.0

1352.25
1.0
1.0

1397.25
1.0
1.0

1414.5
1.0
1.0

1423.5
1.0
1.0

1478.25
1.0
1.0

1485.75
1.0
1.0

1503.75
1.0
1.0

1512.0
1.0
1.0

1539.75
1.0
1.0

1549.5
1.0
1.0

1559.25
1.0
1.0

1568.25
1.0
1.0

1584.75
1.0
1.0

1621.5
1.0
1.0

1631.25
1.0
1.0

1647.75
1.0
1.0

1665.75
1.0
1.0

1683.75
1.0
1.0

1746.0
1.0
1.0

1757.25
1.0
1.0

1773.0
1.0
1.0

1784.25
1.0
1.0

1791.0
1.0
1.0

1802.25
1.0
1.0

2656.5
1.0
1.0

2709.0
1.0
1.0

2763.75
1.0
1.0

2792.25
1.0
1.0

2800.5
1.0
1.0

2809.5
1.0
1.0

2826.75
1.0
1.0

2845.5
1.0
1.0

2863.5
1.0
1.0

2872.5
1.0
1.0

2890.5
1.0
1.0

2900.25
1.0
1.0

2917.5
1.0
1.0

2925.0
1.0
1.0

2953.5
1.0
1.0

2979.0
1.0
1.0

2988.75
1.0
1.0

2998.5
1.0
1.0

3035.25
1.0
1.0

3042.75
1.0
1.0

3080.25
1.0
1.0

3123.0
1.0
1.0

3143.25
1.0
1.0

3196.5
1.0
1.0

3206.25
1.0
1.0

3214.5
1.0
1.0

3232.5
1.0
1.0

3259.5
1.0
1.0

3267.75
1.0
1.0

3277.5
1.0
1.0

3287.25
1.0
1.0

3312.0
1.0
1.0

3321.0
1.0
1.0

3330.75
1.0
1.0

3341.25
1.0
1.0

3348.75
1.0
1.0

