1.0
4.8
1.0

8.0
4.8
1.0

26.0
4.8
1.0

35.0
4.8
1.0

55.5
4.8
1.0

75.5
4.8
1.0

84.0
4.8
1.0

113.5
4.8
1.0

142.0
4.8
1.0

150.0
4.8
1.0

179.0
4.8
1.0

189.0
4.8
1.0

214.5
4.8
1.0

224.0
4.8
1.0

263.0
4.8
1.0

272.5
4.8
1.0

290.5
4.8
1.0

328.5
4.8
1.0

352.5
4.8
1.0

379.5
4.8
1.0

434.5
4.8
1.0

453.0
4.8
1.0

472.0
4.8
1.0

490.0
4.8
1.0

499.5
4.8
1.0

535.5
4.8
1.0

545.0
4.8
1.0

564.5
4.8
1.0

584.0
4.8
1.0

620.0
4.8
1.0

628.0
4.8
1.0

637.5
4.8
1.0

665.0
4.8
1.0

685.0
4.8
1.0

723.0
4.8
1.0

742.5
4.8
1.0

768.5
4.8
1.0

788.0
4.8
1.0

804.5
4.8
1.0

812.5
4.8
1.0

833.5
4.8
1.0

851.5
4.8
1.0

860.5
4.8
1.0

870.0
4.8
1.0

888.0
4.8
1.0

898.5
4.8
1.0

917.0
4.8
1.0

927.0
4.8
1.0

