1120.75
2.0
1.0

1155.25
2.0
1.0

1173.25
2.0
1.0

1192.75
2.0
1.0

1218.25
2.0
1.0

1297.75
2.0
1.0

1399.0
2.0
1.0

1410.25
2.0
1.0

1427.5
2.0
1.0

1441.75
2.0
1.0

1543.0
2.0
1.0

1570.75
2.0
1.0

1580.5
2.0
1.0

1624.0
2.0
1.0

1633.75
2.0
1.0

1653.25
2.0
1.0

1695.25
2.0
1.0

1776.25
2.0
1.0

2677.75
2.0
1.0

2713.0
2.0
1.0

2729.5
2.0
1.0

2767.0
2.0
1.0

2819.5
2.0
1.0

2867.5
2.0
1.0

2904.25
2.0
1.0

2957.5
2.0
1.0

3011.5
2.0
1.0

3047.5
2.0
1.0

3054.25
2.0
1.0

3143.5
2.0
1.0

3154.0
2.0
1.0

3217.75
2.0
1.0

3226.75
2.0
1.0

3253.75
2.0
1.0

3327.25
2.0
1.0

3342.25
2.0
1.0

