1129.0
2.0
1.0

1201.0
2.0
1.0

1273.0
2.0
1.0

1315.75
2.0
1.0

1327.0
2.0
1.0

1345.75
2.0
1.0

1379.5
2.0
1.0

1452.25
2.0
1.0

1471.0
2.0
1.0

1481.5
2.0
1.0

1505.5
2.0
1.0

1553.5
2.0
1.0

1640.5
2.0
1.0

1687.75
2.0
1.0

1714.0
2.0
1.0

1766.5
2.0
1.0

1804.0
2.0
1.0

1821.25
2.0
1.0

2695.0
2.0
1.0

2704.0
2.0
1.0

2756.5
2.0
1.0

2777.5
2.0
1.0

2812.75
2.0
1.0

2848.75
2.0
1.0

2894.5
2.0
1.0

2929.75
2.0
1.0

2947.0
2.0
1.0

3071.5
2.0
1.0

3082.75
2.0
1.0

3127.0
2.0
1.0

3188.5
2.0
1.0

3208.0
2.0
1.0

3246.25
2.0
1.0

3279.25
2.0
1.0

3318.25
2.0
1.0

3334.0
2.0
1.0

