0.75
1.0
1.0

9.75
1.0
1.0

54.75
1.0
1.0

65.25
1.0
1.0

73.5
1.0
1.0

118.5
1.0
1.0

126.0
1.0
1.0

173.25
1.0
1.0

209.25
1.0
1.0

226.5
1.0
1.0

235.5
1.0
1.0

243.0
1.0
1.0

261.0
1.0
1.0

279.0
1.0
1.0

288.0
1.0
1.0

316.5
1.0
1.0

324.75
1.0
1.0

342.0
1.0
1.0

369.0
1.0
1.0

379.5
1.0
1.0

387.75
1.0
1.0

406.5
1.0
1.0

423.0
1.0
1.0

450.0
1.0
1.0

486.75
1.0
1.0

496.5
1.0
1.0

504.0
1.0
1.0

524.25
1.0
1.0

550.5
1.0
1.0

567.0
1.0
1.0

577.5
1.0
1.0

605.25
1.0
1.0

631.5
1.0
1.0

648.0
1.0
1.0

659.25
1.0
1.0

685.5
1.0
1.0

