3154.0
4.8
1.0

3163.5
4.8
1.0

3182.5
4.8
1.0

3199.0
4.8
1.0

3228.5
4.8
1.0

3265.5
4.8
1.0

3274.5
4.8
1.0

3285.5
4.8
1.0

3304.5
4.8
1.0

3313.5
4.8
1.0

3323.0
4.8
1.0

3340.0
4.8
1.0

3379.0
4.8
1.0

3387.0
4.8
1.0

3395.0
4.8
1.0

3413.5
4.8
1.0

3423.0
4.8
1.0

3438.5
4.8
1.0

3465.0
4.8
1.0

3480.0
4.8
1.0

3489.0
4.8
1.0

3497.5
4.8
1.0

3507.0
4.8
1.0

3550.5
4.8
1.0

3592.5
4.8
1.0

3609.5
4.8
1.0

3628.0
4.8
1.0

3671.5
4.8
1.0

3681.0
4.8
1.0

3701.0
4.8
1.0

3720.5
4.8
1.0

3729.5
4.8
1.0

3739.5
4.8
1.0

3748.0
4.8
1.0

3803.5
4.8
1.0

3858.5
4.8
1.0

3868.0
4.8
1.0

3919.5
4.8
1.0

3928.0
4.8
1.0

3946.5
4.8
1.0

3956.0
4.8
1.0

3973.0
4.8
1.0

3982.5
4.8
1.0

3998.0
4.8
1.0

4006.5
4.8
1.0

4049.0
4.8
1.0

4058.5
4.8
1.0

4069.0
4.8
1.0

