3019.5
4.8
1.0

3039.0
4.8
1.0

3067.0
4.8
1.0

3077.0
4.8
1.0

3087.0
4.8
1.0

3134.0
4.8
1.0

3142.5
4.8
1.0

3160.0
4.8
1.0

3179.0
4.8
1.0

3224.5
4.8
1.0

3268.5
4.8
1.0

3276.0
4.8
1.0

3285.0
4.8
1.0

3295.5
4.8
1.0

3323.5
4.8
1.0

3332.0
4.8
1.0

3367.0
4.8
1.0

3377.5
4.8
1.0

3395.5
4.8
1.0

3404.0
4.8
1.0

3423.5
4.8
1.0

3433.5
4.8
1.0

3443.0
4.8
1.0

3471.5
4.8
1.0

3516.5
4.8
1.0

3563.5
4.8
1.0

3572.5
4.8
1.0

3609.0
4.8
1.0

3618.5
4.8
1.0

3634.0
4.8
1.0

3652.0
4.8
1.0

3710.0
4.8
1.0

3739.5
4.8
1.0

3774.0
4.8
1.0

3785.0
4.8
1.0

3805.5
4.8
1.0

3814.5
4.8
1.0

3832.0
4.8
1.0

3849.5
4.8
1.0

3858.0
4.8
1.0

3867.0
4.8
1.0

3887.5
4.8
1.0

3896.5
4.8
1.0

3905.0
4.8
1.0

3914.5
4.8
1.0

3943.0
4.8
1.0

3958.5
4.8
1.0

3969.5
4.8
1.0

