9.75
1.0
1.0

37.5
1.0
1.0

81.75
1.0
1.0

108.75
1.0
1.0

118.5
1.0
1.0

153.0
1.0
1.0

162.0
1.0
1.0

200.25
1.0
1.0

207.75
1.0
1.0

218.25
1.0
1.0

226.5
1.0
1.0

244.5
1.0
1.0

262.5
1.0
1.0

272.25
1.0
1.0

288.75
1.0
1.0

315.0
1.0
1.0

344.25
1.0
1.0

351.0
1.0
1.0

380.25
1.0
1.0

387.75
1.0
1.0

396.0
1.0
1.0

414.0
1.0
1.0

432.75
1.0
1.0

469.5
1.0
1.0

477.0
1.0
1.0

495.0
1.0
1.0

524.25
1.0
1.0

532.5
1.0
1.0

540.75
1.0
1.0

549.75
1.0
1.0

577.5
1.0
1.0

587.25
1.0
1.0

596.25
1.0
1.0

631.5
1.0
1.0

677.25
1.0
1.0

685.5
1.0
1.0

702.75
1.0
1.0

738.0
1.0
1.0

756.75
1.0
1.0

775.5
1.0
1.0

783.75
1.0
1.0

794.25
1.0
1.0

