1.5
1.0
1.0

11.25
1.0
1.0

27.75
1.0
1.0

55.5
1.0
1.0

64.5
1.0
1.0

117.0
1.0
1.0

128.25
1.0
1.0

137.25
1.0
1.0

154.5
1.0
1.0

172.5
1.0
1.0

207.75
1.0
1.0

216.0
1.0
1.0

271.5
1.0
1.0

280.5
1.0
1.0

288.75
1.0
1.0

298.5
1.0
1.0

316.5
1.0
1.0

335.25
1.0
1.0

351.0
1.0
1.0

369.0
1.0
1.0

387.0
1.0
1.0

425.25
1.0
1.0

452.25
1.0
1.0

486.0
1.0
1.0

497.25
1.0
1.0

551.25
1.0
1.0

567.0
1.0
1.0

587.25
1.0
1.0

603.0
1.0
1.0

630.0
1.0
1.0

648.0
1.0
1.0

658.5
1.0
1.0

668.25
1.0
1.0

676.5
1.0
1.0

694.5
1.0
1.0

704.25
1.0
1.0

