279.5
4.8
1.0

297.0
4.8
1.0

332.5
4.8
1.0

353.0
4.8
1.0

363.0
4.8
1.0

398.5
4.8
1.0

434.0
4.8
1.0

442.0
4.8
1.0

450.5
4.8
1.0

478.5
4.8
1.0

509.5
4.8
1.0

518.5
4.8
1.0

529.5
4.8
1.0

539.0
4.8
1.0

572.0
4.8
1.0

582.5
4.8
1.0

601.0
4.8
1.0

654.5
4.8
1.0

664.5
4.8
1.0

703.0
4.8
1.0

721.0
4.8
1.0

731.5
4.8
1.0

751.0
4.8
1.0

789.5
4.8
1.0

809.5
4.8
1.0

835.5
4.8
1.0

853.0
4.8
1.0

863.5
4.8
1.0

873.5
4.8
1.0

913.5
4.8
1.0

923.0
4.8
1.0

951.5
4.8
1.0

970.0
4.8
1.0

981.5
4.8
1.0

1018.5
4.8
1.0

1044.0
4.8
1.0

1063.5
4.8
1.0

1081.5
4.8
1.0

1100.5
4.8
1.0

1110.5
4.8
1.0

1119.5
4.8
1.0

1138.0
4.8
1.0

1154.0
4.8
1.0

1163.0
4.8
1.0

1183.5
4.8
1.0

1192.5
4.8
1.0

1203.0
4.8
1.0

1212.0
4.8
1.0

