1.5
1.0
1.0

9.0
1.0
1.0

37.5
1.0
1.0

54.75
1.0
1.0

63.0
1.0
1.0

99.75
1.0
1.0

119.25
1.0
1.0

153.75
1.0
1.0

163.5
1.0
1.0

209.25
1.0
1.0

217.5
1.0
1.0

252.0
1.0
1.0

262.5
1.0
1.0

281.25
1.0
1.0

317.25
1.0
1.0

326.25
1.0
1.0

344.25
1.0
1.0

360.75
1.0
1.0

387.0
1.0
1.0

397.5
1.0
1.0

405.75
1.0
1.0

414.75
1.0
1.0

460.5
1.0
1.0

469.5
1.0
1.0

504.0
1.0
1.0

513.75
1.0
1.0

551.25
1.0
1.0

558.75
1.0
1.0

585.75
1.0
1.0

613.5
1.0
1.0

631.5
1.0
1.0

648.0
1.0
1.0

657.75
1.0
1.0

675.75
1.0
1.0

684.0
1.0
1.0

702.75
1.0
1.0

