2215.5
4.8
1.0

2234.0
4.8
1.0

2285.5
4.8
1.0

2305.0
4.8
1.0

2444.5
4.8
1.0

2455.5
4.8
1.0

2464.0
4.8
1.0

2530.0
4.8
1.0

2583.0
4.8
1.0

2603.0
4.8
1.0

2621.5
4.8
1.0

2686.0
4.8
1.0

2695.0
4.8
1.0

2705.5
4.8
1.0

2723.5
4.8
1.0

2761.0
4.8
1.0

2790.0
4.8
1.0

2799.0
4.8
1.0

2835.5
4.8
1.0

2845.5
4.8
1.0

2884.5
4.8
1.0

2892.0
4.8
1.0

2998.0
4.8
1.0

3006.5
4.8
1.0

3015.0
4.8
1.0

3060.5
4.8
1.0

3069.5
4.8
1.0

3079.0
4.8
1.0

3099.5
4.8
1.0

3108.0
4.8
1.0

3165.5
4.8
1.0

3175.5
4.8
1.0

