2058.5
4.8
1.0

2067.0
4.8
1.0

2115.0
4.8
1.0

2143.0
4.8
1.0

2189.5
4.8
1.0

2208.0
4.8
1.0

2245.0
4.8
1.0

2253.5
4.8
1.0

2327.5
4.8
1.0

2346.5
4.8
1.0

2426.5
4.8
1.0

2442.0
4.8
1.0

2450.0
4.8
1.0

2479.0
4.8
1.0

2507.5
4.8
1.0

2585.0
4.8
1.0

2621.5
4.8
1.0

2638.0
4.8
1.0

2646.5
4.8
1.0

2684.0
4.8
1.0

2694.0
4.8
1.0

2712.0
4.8
1.0

2768.5
4.8
1.0

2787.5
4.8
1.0

2814.5
4.8
1.0

2825.0
4.8
1.0

2879.0
4.8
1.0

2929.0
4.8
1.0

2938.5
4.8
1.0

2949.5
4.8
1.0

2968.5
4.8
1.0

3014.5
4.8
1.0

