18.75
1.0
1.0

27.0
1.0
1.0

38.25
1.0
1.0

72.0
1.0
1.0

90.75
1.0
1.0

128.25
1.0
1.0

162.75
1.0
1.0

171.75
1.0
1.0

190.5
1.0
1.0

200.25
1.0
1.0

217.5
1.0
1.0

244.5
1.0
1.0

252.75
1.0
1.0

271.5
1.0
1.0

288.75
1.0
1.0

306.75
1.0
1.0

333.0
1.0
1.0

344.25
1.0
1.0

360.0
1.0
1.0

378.75
1.0
1.0

397.5
1.0
1.0

452.25
1.0
1.0

459.0
1.0
1.0

477.75
1.0
1.0

495.75
1.0
1.0

513.75
1.0
1.0

524.25
1.0
1.0

577.5
1.0
1.0

587.25
1.0
1.0

595.5
1.0
1.0

603.75
1.0
1.0

648.75
1.0
1.0

657.0
1.0
1.0

677.25
1.0
1.0

684.0
1.0
1.0

703.5
1.0
1.0

