0.75
1.0
1.0

45.0
1.0
1.0

54.75
1.0
1.0

63.0
1.0
1.0

81.0
1.0
1.0

119.25
1.0
1.0

127.5
1.0
1.0

135.75
1.0
1.0

153.0
1.0
1.0

180.75
1.0
1.0

189.0
1.0
1.0

216.0
1.0
1.0

225.75
1.0
1.0

234.0
1.0
1.0

243.75
1.0
1.0

299.25
1.0
1.0

316.5
1.0
1.0

370.5
1.0
1.0

379.5
1.0
1.0

387.75
1.0
1.0

414.75
1.0
1.0

425.25
1.0
1.0

469.5
1.0
1.0

477.75
1.0
1.0

504.0
1.0
1.0

513.75
1.0
1.0

523.5
1.0
1.0

549.0
1.0
1.0

558.75
1.0
1.0

576.75
1.0
1.0

603.75
1.0
1.0

622.5
1.0
1.0

632.25
1.0
1.0

641.25
1.0
1.0

649.5
1.0
1.0

666.0
1.0
1.0

675.0
1.0
1.0

694.5
1.0
1.0

702.75
1.0
1.0

747.0
1.0
1.0

765.75
1.0
1.0

784.5
1.0
1.0

