21.0
4.8
1.0

70.0
4.8
1.0

79.5
4.8
1.0

106.5
4.8
1.0

152.0
4.8
1.0

192.5
4.8
1.0

211.0
4.8
1.0

219.5
4.8
1.0

238.5
4.8
1.0

254.5
4.8
1.0

264.5
4.8
1.0

274.0
4.8
1.0

292.5
4.8
1.0

332.5
4.8
1.0

341.0
4.8
1.0

358.0
4.8
1.0

374.5
4.8
1.0

393.0
4.8
1.0

410.5
4.8
1.0

418.5
4.8
1.0

428.5
4.8
1.0

438.0
4.8
1.0

468.5
4.8
1.0

489.5
4.8
1.0

506.5
4.8
1.0

552.5
4.8
1.0

610.5
4.8
1.0

618.0
4.8
1.0

664.0
4.8
1.0

672.0
4.8
1.0

683.0
4.8
1.0

692.0
4.8
1.0

709.0
4.8
1.0

717.0
4.8
1.0

727.5
4.8
1.0

737.5
4.8
1.0

754.5
4.8
1.0

795.0
4.8
1.0

802.5
4.8
1.0

811.5
4.8
1.0

859.5
4.8
1.0

869.5
4.8
1.0

878.5
4.8
1.0

914.5
4.8
1.0

925.5
4.8
1.0

953.5
4.8
1.0

963.5
4.8
1.0

973.5
4.8
1.0

