2191.0
4.8
1.0

2230.0
4.8
1.0

2248.5
4.8
1.0

2257.0
4.8
1.0

2273.5
4.8
1.0

2282.0
4.8
1.0

2300.5
4.8
1.0

2318.0
4.8
1.0

2356.5
4.8
1.0

2375.5
4.8
1.0

2421.0
4.8
1.0

2440.0
4.8
1.0

2491.5
4.8
1.0

2536.5
4.8
1.0

2546.5
4.8
1.0

2629.5
4.8
1.0

2658.0
4.8
1.0

2667.0
4.8
1.0

2702.5
4.8
1.0

2730.0
4.8
1.0

2739.0
4.8
1.0

2774.0
4.8
1.0

2811.0
4.8
1.0

2841.5
4.8
1.0

2976.0
4.8
1.0

2985.0
4.8
1.0

3049.5
4.8
1.0

3068.0
4.8
1.0

3078.5
4.8
1.0

3106.0
4.8
1.0

3117.5
4.8
1.0

3136.0
4.8
1.0

