2045.0
4.8
1.0

2063.0
4.8
1.0

2081.5
4.8
1.0

2090.5
4.8
1.0

2117.0
4.8
1.0

2182.0
4.8
1.0

2190.5
4.8
1.0

2199.5
4.8
1.0

2225.5
4.8
1.0

2262.0
4.8
1.0

2331.0
4.8
1.0

2349.0
4.8
1.0

2356.5
4.8
1.0

2478.0
4.8
1.0

2530.0
4.8
1.0

2602.5
4.8
1.0

2621.0
4.8
1.0

2628.5
4.8
1.0

2639.5
4.8
1.0

2668.5
4.8
1.0

2679.5
4.8
1.0

2726.0
4.8
1.0

2735.0
4.8
1.0

2771.0
4.8
1.0

2781.5
4.8
1.0

2801.5
4.8
1.0

2811.5
4.8
1.0

2887.0
4.8
1.0

2924.0
4.8
1.0

2960.0
4.8
1.0

2969.5
4.8
1.0

2995.0
4.8
1.0

