2027.5
4.8
1.0

2047.0
4.8
1.0

2084.0
4.8
1.0

2100.5
4.8
1.0

2134.0
4.8
1.0

2151.5
4.8
1.0

2216.5
4.8
1.0

2251.5
4.8
1.0

2271.0
4.8
1.0

2310.0
4.8
1.0

2387.5
4.8
1.0

2463.0
4.8
1.0

2480.5
4.8
1.0

2506.0
4.8
1.0

2573.0
4.8
1.0

2583.0
4.8
1.0

2593.0
4.8
1.0

2602.5
4.8
1.0

2640.0
4.8
1.0

2656.5
4.8
1.0

2667.5
4.8
1.0

2687.0
4.8
1.0

2706.5
4.8
1.0

2717.5
4.8
1.0

2792.5
4.8
1.0

2830.5
4.8
1.0

2838.0
4.8
1.0

2855.5
4.8
1.0

2875.5
4.8
1.0

2932.0
4.8
1.0

2951.0
4.8
1.0

2997.0
4.8
1.0

