3147.0
4.8
1.0

3157.0
4.8
1.0

3165.0
4.8
1.0

3184.0
4.8
1.0

3218.0
4.8
1.0

3239.5
4.8
1.0

3249.5
4.8
1.0

3296.0
4.8
1.0

3304.0
4.8
1.0

3323.5
4.8
1.0

3370.5
4.8
1.0

3381.5
4.8
1.0

3399.0
4.8
1.0

3454.5
4.8
1.0

3482.0
4.8
1.0

3510.0
4.8
1.0

3528.5
4.8
1.0

3544.5
4.8
1.0

3553.0
4.8
1.0

3563.5
4.8
1.0

3593.0
4.8
1.0

3617.5
4.8
1.0

3657.5
4.8
1.0

3666.5
4.8
1.0

3704.5
4.8
1.0

3714.5
4.8
1.0

3734.5
4.8
1.0

3744.0
4.8
1.0

3772.5
4.8
1.0

3790.5
4.8
1.0

3800.0
4.8
1.0

3810.5
4.8
1.0

3835.5
4.8
1.0

3863.0
4.8
1.0

3882.0
4.8
1.0

3891.0
4.8
1.0

3900.0
4.8
1.0

3935.0
4.8
1.0

3945.0
4.8
1.0

3965.5
4.8
1.0

3982.5
4.8
1.0

3993.5
4.8
1.0

4003.5
4.8
1.0

4023.0
4.8
1.0

4062.5
4.8
1.0

4072.0
4.8
1.0

4080.5
4.8
1.0

4106.5
4.8
1.0

