3177.5
4.8
1.0

3186.5
4.8
1.0

3225.5
4.8
1.0

3234.0
4.8
1.0

3242.0
4.8
1.0

3250.5
4.8
1.0

3288.5
4.8
1.0

3314.5
4.8
1.0

3341.0
4.8
1.0

3351.0
4.8
1.0

3371.5
4.8
1.0

3398.5
4.8
1.0

3442.5
4.8
1.0

3491.0
4.8
1.0

3510.0
4.8
1.0

3520.0
4.8
1.0

3558.0
4.8
1.0

3576.0
4.8
1.0

3585.5
4.8
1.0

3595.5
4.8
1.0

3615.5
4.8
1.0

3643.5
4.8
1.0

3661.0
4.8
1.0

3681.0
4.8
1.0

3688.0
4.8
1.0

3698.5
4.8
1.0

3708.5
4.8
1.0

3744.0
4.8
1.0

3762.0
4.8
1.0

3781.0
4.8
1.0

3798.5
4.8
1.0

3808.5
4.8
1.0

3827.5
4.8
1.0

3836.0
4.8
1.0

3873.5
4.8
1.0

3926.5
4.8
1.0

3936.5
4.8
1.0

3946.5
4.8
1.0

3967.5
4.8
1.0

3985.5
4.8
1.0

3994.5
4.8
1.0

4004.0
4.8
1.0

4028.0
4.8
1.0

4037.5
4.8
1.0

4046.0
4.8
1.0

4055.5
4.8
1.0

4085.5
4.8
1.0

4130.5
4.8
1.0

