3178.0
4.8
1.0

3196.0
4.8
1.0

3234.5
4.8
1.0

3243.0
4.8
1.0

3292.0
4.8
1.0

3308.0
4.8
1.0

3317.5
4.8
1.0

3371.0
4.8
1.0

3400.0
4.8
1.0

3442.5
4.8
1.0

3452.5
4.8
1.0

3471.5
4.8
1.0

3508.0
4.8
1.0

3534.5
4.8
1.0

3572.0
4.8
1.0

3590.0
4.8
1.0

3608.0
4.8
1.0

3738.5
4.8
1.0

3756.0
4.8
1.0

3819.0
4.8
1.0

3863.0
4.8
1.0

3883.5
4.8
1.0

3903.5
4.8
1.0

3931.0
4.8
1.0

3940.5
4.8
1.0

3948.0
4.8
1.0

4032.5
4.8
1.0

4040.0
4.8
1.0

4065.5
4.8
1.0

4093.5
4.8
1.0

4102.0
4.8
1.0

4113.0
4.8
1.0

