11.25
1.0
1.0

29.25
1.0
1.0

63.0
1.0
1.0

90.0
1.0
1.0

117.75
1.0
1.0

162.75
1.0
1.0

189.0
1.0
1.0

199.5
1.0
1.0

227.25
1.0
1.0

235.5
1.0
1.0

245.25
1.0
1.0

253.5
1.0
1.0

306.0
1.0
1.0

315.75
1.0
1.0

325.5
1.0
1.0

333.0
1.0
1.0

352.5
1.0
1.0

370.5
1.0
1.0

387.0
1.0
1.0

406.5
1.0
1.0

425.25
1.0
1.0

443.25
1.0
1.0

451.5
1.0
1.0

495.0
1.0
1.0

513.75
1.0
1.0

522.0
1.0
1.0

531.0
1.0
1.0

542.25
1.0
1.0

595.5
1.0
1.0

604.5
1.0
1.0

621.0
1.0
1.0

631.5
1.0
1.0

658.5
1.0
1.0

666.0
1.0
1.0

694.5
1.0
1.0

704.25
1.0
1.0

