0.75
1.0
1.0

10.5
1.0
1.0

18.75
1.0
1.0

45.0
1.0
1.0

55.5
1.0
1.0

63.0
1.0
1.0

73.5
1.0
1.0

101.25
1.0
1.0

109.5
1.0
1.0

144.75
1.0
1.0

173.25
1.0
1.0

180.75
1.0
1.0

234.0
1.0
1.0

252.75
1.0
1.0

262.5
1.0
1.0

281.25
1.0
1.0

316.5
1.0
1.0

352.5
1.0
1.0

361.5
1.0
1.0

369.75
1.0
1.0

378.75
1.0
1.0

416.25
1.0
1.0

423.75
1.0
1.0

469.5
1.0
1.0

486.0
1.0
1.0

515.25
1.0
1.0

524.25
1.0
1.0

560.25
1.0
1.0

594.0
1.0
1.0

603.75
1.0
1.0

621.75
1.0
1.0

631.5
1.0
1.0

640.5
1.0
1.0

657.75
1.0
1.0

666.75
1.0
1.0

695.25
1.0
1.0

