0.0
1.0
1.0

27.75
1.0
1.0

46.5
1.0
1.0

91.5
1.0
1.0

118.5
1.0
1.0

155.25
1.0
1.0

191.25
1.0
1.0

209.25
1.0
1.0

226.5
1.0
1.0

243.75
1.0
1.0

252.0
1.0
1.0

261.75
1.0
1.0

298.5
1.0
1.0

306.75
1.0
1.0

315.0
1.0
1.0

333.0
1.0
1.0

360.75
1.0
1.0

389.25
1.0
1.0

396.75
1.0
1.0

405.75
1.0
1.0

414.0
1.0
1.0

433.5
1.0
1.0

459.75
1.0
1.0

487.5
1.0
1.0

495.0
1.0
1.0

504.0
1.0
1.0

551.25
1.0
1.0

558.0
1.0
1.0

568.5
1.0
1.0

576.75
1.0
1.0

613.5
1.0
1.0

621.0
1.0
1.0

659.25
1.0
1.0

666.0
1.0
1.0

694.5
1.0
1.0

703.5
1.0
1.0

