2024.5
4.8
1.0

2034.5
4.8
1.0

2051.5
4.8
1.0

2089.0
4.8
1.0

2117.5
4.8
1.0

2126.5
4.8
1.0

2174.5
4.8
1.0

2230.0
4.8
1.0

2238.5
4.8
1.0

2247.5
4.8
1.0

2257.0
4.8
1.0

2297.0
4.8
1.0

2307.5
4.8
1.0

2317.5
4.8
1.0

2364.5
4.8
1.0

2384.5
4.8
1.0

2411.5
4.8
1.0

2420.5
4.8
1.0

2439.5
4.8
1.0

2456.0
4.8
1.0

2465.0
4.8
1.0

2473.5
4.8
1.0

2490.0
4.8
1.0

2507.0
4.8
1.0

2516.5
4.8
1.0

2527.5
4.8
1.0

2537.5
4.8
1.0

2584.0
4.8
1.0

2592.5
4.8
1.0

2608.0
4.8
1.0

2617.5
4.8
1.0

2627.5
4.8
1.0

2665.5
4.8
1.0

2694.0
4.8
1.0

2702.0
4.8
1.0

2749.0
4.8
1.0

2758.5
4.8
1.0

2785.5
4.8
1.0

2795.5
4.8
1.0

2822.5
4.8
1.0

2851.0
4.8
1.0

2861.5
4.8
1.0

2879.0
4.8
1.0

2899.0
4.8
1.0

2916.5
4.8
1.0

2933.0
4.8
1.0

2943.0
4.8
1.0

2952.5
4.8
1.0

