1011.75
1.0
1.0

1029.75
1.0
1.0

1039.5
1.0
1.0

1092.0
1.0
1.0

1129.5
1.0
1.0

1138.5
1.0
1.0

1191.0
1.0
1.0

1220.25
1.0
1.0

1245.0
1.0
1.0

1274.25
1.0
1.0

1299.0
1.0
1.0

1309.5
1.0
1.0

1346.25
1.0
1.0

1389.0
1.0
1.0

1443.0
1.0
1.0

1452.75
1.0
1.0

1461.0
1.0
1.0

1481.25
1.0
1.0

1489.5
1.0
1.0

1497.0
1.0
1.0

1506.75
1.0
1.0

1542.75
1.0
1.0

1562.25
1.0
1.0

1652.25
1.0
1.0

1706.25
1.0
1.0

1722.0
1.0
1.0

1750.5
1.0
1.0

1803.75
1.0
1.0

1823.25
1.0
1.0

1839.0
1.0
1.0

1848.75
1.0
1.0

1866.0
1.0
1.0

1929.0
1.0
1.0

1974.75
1.0
1.0

1985.25
1.0
1.0

1994.25
1.0
1.0

2001.0
1.0
1.0

2039.25
1.0
1.0

2046.0
1.0
1.0

2065.5
1.0
1.0

2074.5
1.0
1.0

2100.75
1.0
1.0

2145.75
1.0
1.0

2165.25
1.0
1.0

2181.0
1.0
1.0

2262.75
1.0
1.0

2281.5
1.0
1.0

2289.75
1.0
1.0

2307.75
1.0
1.0

2343.75
1.0
1.0

2433.0
1.0
1.0

2478.75
1.0
1.0

2532.75
1.0
1.0

2551.5
1.0
1.0

2578.5
1.0
1.0

2632.5
1.0
1.0

