1374.8
1.5
1.0

1395.8
1.5
1.0

1443.8
1.5
1.0

1480.3
1.5
1.0

1499.8
1.5
1.0

1536.3
1.5
1.0

1664.8
1.5
1.0

1722.8
1.5
1.0

1759.8
1.5
1.0

1777.3
1.5
1.0

1811.8
1.5
1.0

1848.3
1.5
1.0

1914.3
1.5
1.0

1933.3
1.5
1.0

2085.8
1.5
1.0

2105.3
1.5
1.0

2122.3
1.5
1.0

2184.8
1.5
1.0

2193.8
1.5
1.0

2211.8
1.5
1.0

2291.3
1.5
1.0

2308.8
1.5
1.0

2318.8
1.5
1.0

2328.3
1.5
1.0

2419.8
1.5
1.0

2435.8
1.5
1.0

2443.3
1.5
1.0

2468.8
1.5
1.0

2516.8
1.5
1.0

2571.8
1.5
1.0

2599.3
1.5
1.0

2608.3
1.5
1.0

2626.8
1.5
1.0

2636.8
1.5
1.0

2657.3
1.5
1.0

2693.8
1.5
1.0

2720.3
1.5
1.0

2740.8
1.5
1.0

2780.8
1.5
1.0

2797.8
1.5
1.0

2850.3
1.5
1.0

2859.8
1.5
1.0

2893.3
1.5
1.0

2973.3
1.5
1.0

2992.3
1.5
1.0

3048.8
1.5
1.0

3095.3
1.5
1.0

3113.8
1.5
1.0

