291.8
1.5
1.0

396.8
1.5
1.0

462.8
1.5
1.0

509.3
1.5
1.0

556.8
1.5
1.0

602.3
1.5
1.0

708.8
1.5
1.0

746.3
1.5
1.0

803.8
1.5
1.0

812.8
1.5
1.0

919.3
1.5
1.0

974.3
1.5
1.0

1022.3
1.5
1.0

1074.8
1.5
1.0

1102.3
1.5
1.0

1184.8
1.5
1.0

3149.3
1.5
1.0

3301.3
1.5
1.0

3309.8
1.5
1.0

3485.3
1.5
1.0

3605.8
1.5
1.0

3662.8
1.5
1.0

3745.3
1.5
1.0

3880.8
1.5
1.0

3889.3
1.5
1.0

3924.3
1.5
1.0

3933.8
1.5
1.0

3996.3
1.5
1.0

4013.8
1.5
1.0

4032.3
1.5
1.0

4051.3
1.5
1.0

4107.3
1.5
1.0

