254.8
1.5
1.0

325.8
1.5
1.0

362.8
1.5
1.0

518.8
1.5
1.0

592.3
1.5
1.0

620.8
1.5
1.0

636.8
1.5
1.0

645.8
1.5
1.0

699.8
1.5
1.0

774.8
1.5
1.0

831.8
1.5
1.0

859.8
1.5
1.0

1002.8
1.5
1.0

1048.3
1.5
1.0

1083.3
1.5
1.0

1177.3
1.5
1.0

3176.3
1.5
1.0

3237.3
1.5
1.0

3245.8
1.5
1.0

3290.8
1.5
1.0

3326.8
1.5
1.0

3354.3
1.5
1.0

3373.3
1.5
1.0

3390.3
1.5
1.0

3438.3
1.5
1.0

3672.3
1.5
1.0

3764.3
1.5
1.0

3773.3
1.5
1.0

3801.8
1.5
1.0

3840.3
1.5
1.0

4005.8
1.5
1.0

4067.3
1.5
1.0

