381.8
1.5
1.0

503.3
1.5
1.0

532.3
1.5
1.0

581.8
1.5
1.0

617.8
1.5
1.0

785.3
1.5
1.0

848.3
1.5
1.0

887.8
1.5
1.0

965.3
1.5
1.0

1021.8
1.5
1.0

1080.8
1.5
1.0

1139.8
1.5
1.0

1191.8
1.5
1.0

1244.3
1.5
1.0

1301.3
1.5
1.0

1311.8
1.5
1.0

3329.3
1.5
1.0

3358.3
1.5
1.0

3456.8
1.5
1.0

3516.3
1.5
1.0

3547.8
1.5
1.0

3565.8
1.5
1.0

3622.3
1.5
1.0

3632.8
1.5
1.0

3642.3
1.5
1.0

3702.8
1.5
1.0

3788.3
1.5
1.0

3844.3
1.5
1.0

4065.8
1.5
1.0

4110.3
1.5
1.0

4119.3
1.5
1.0

4174.8
1.5
1.0

