263.8
1.5
1.0

309.8
1.5
1.0

352.3
1.5
1.0

371.8
1.5
1.0

387.8
1.5
1.0

415.8
1.5
1.0

573.8
1.5
1.0

611.8
1.5
1.0

783.8
1.5
1.0

876.3
1.5
1.0

965.8
1.5
1.0

995.3
1.5
1.0

1057.3
1.5
1.0

1093.3
1.5
1.0

1156.8
1.5
1.0

1193.3
1.5
1.0

3229.8
1.5
1.0

3263.3
1.5
1.0

3281.8
1.5
1.0

3539.8
1.5
1.0

3566.3
1.5
1.0

3596.3
1.5
1.0

3625.3
1.5
1.0

3633.8
1.5
1.0

3682.3
1.5
1.0

3700.8
1.5
1.0

3727.3
1.5
1.0

3754.3
1.5
1.0

3860.3
1.5
1.0

4022.8
1.5
1.0

4077.3
1.5
1.0

4096.3
1.5
1.0

