2984.5
4.8
1.0

3011.0
4.8
1.0

3056.5
4.8
1.0

3082.0
4.8
1.0

3110.5
4.8
1.0

3118.0
4.8
1.0

3171.0
4.8
1.0

3207.0
4.8
1.0

3254.5
4.8
1.0

3264.5
4.8
1.0

3275.5
4.8
1.0

3293.5
4.8
1.0

3383.5
4.8
1.0

3392.0
4.8
1.0

3401.5
4.8
1.0

3486.0
4.8
1.0

3528.0
4.8
1.0

3564.5
4.8
1.0

3603.0
4.8
1.0

3611.5
4.8
1.0

3621.5
4.8
1.0

3641.0
4.8
1.0

3668.5
4.8
1.0

3706.5
4.8
1.0

3743.0
4.8
1.0

3790.0
4.8
1.0

3826.0
4.8
1.0

3844.5
4.8
1.0

3863.5
4.8
1.0

3873.5
4.8
1.0

3883.0
4.8
1.0

3930.0
4.8
1.0

