3228.5
4.8
1.0

3237.0
4.8
1.0

3247.0
4.8
1.0

3256.0
4.8
1.0

3285.0
4.8
1.0

3329.0
4.8
1.0

3347.5
4.8
1.0

3356.0
4.8
1.0

3365.5
4.8
1.0

3375.0
4.8
1.0

3403.0
4.8
1.0

3429.5
4.8
1.0

3438.0
4.8
1.0

3475.5
4.8
1.0

3502.0
4.8
1.0

3519.0
4.8
1.0

3543.0
4.8
1.0

3553.5
4.8
1.0

3588.0
4.8
1.0

3615.5
4.8
1.0

3683.5
4.8
1.0

3693.0
4.8
1.0

3721.0
4.8
1.0

3892.5
4.8
1.0

3957.0
4.8
1.0

3966.5
4.8
1.0

3985.5
4.8
1.0

3994.5
4.8
1.0

4021.0
4.8
1.0

4047.5
4.8
1.0

4056.5
4.8
1.0

4103.0
4.8
1.0

