1259.0
4.8
1.0

1289.5
4.8
1.0

1316.0
4.8
1.0

1335.0
4.8
1.0

1344.0
4.8
1.0

1363.5
4.8
1.0

1392.0
4.8
1.0

1456.0
4.8
1.0

1477.0
4.8
1.0

1514.0
4.8
1.0

1523.0
4.8
1.0

1558.0
4.8
1.0

1639.5
4.8
1.0

1678.5
4.8
1.0

1686.5
4.8
1.0

1703.0
4.8
1.0

1720.5
4.8
1.0

1783.0
4.8
1.0

1862.0
4.8
1.0

1901.0
4.8
1.0

1919.5
4.8
1.0

1928.0
4.8
1.0

1937.0
4.8
1.0

2005.5
4.8
1.0

2015.5
4.8
1.0

2033.5
4.8
1.0

2071.5
4.8
1.0

2110.5
4.8
1.0

2119.0
4.8
1.0

2138.0
4.8
1.0

2159.0
4.8
1.0

2169.5
4.8
1.0

