2200.0
4.8
1.0

2218.0
4.8
1.0

2256.5
4.8
1.0

2273.5
4.8
1.0

2319.0
4.8
1.0

2328.0
4.8
1.0

2346.5
4.8
1.0

2357.0
4.8
1.0

2426.0
4.8
1.0

2435.5
4.8
1.0

2488.0
4.8
1.0

2507.5
4.8
1.0

2524.0
4.8
1.0

2541.0
4.8
1.0

2550.0
4.8
1.0

2604.5
4.8
1.0

2613.0
4.8
1.0

2647.0
4.8
1.0

2665.5
4.8
1.0

2695.5
4.8
1.0

2704.0
4.8
1.0

2743.5
4.8
1.0

2785.0
4.8
1.0

2820.5
4.8
1.0

2846.5
4.8
1.0

2887.0
4.8
1.0

3021.0
4.8
1.0

3038.0
4.8
1.0

3047.5
4.8
1.0

3056.0
4.8
1.0

3066.0
4.8
1.0

3100.0
4.8
1.0

