2227.0
4.8
1.0

2237.5
4.8
1.0

2247.5
4.8
1.0

2309.0
4.8
1.0

2364.0
4.8
1.0

2418.0
4.8
1.0

2444.0
4.8
1.0

2532.0
4.8
1.0

2579.0
4.8
1.0

2587.5
4.8
1.0

2596.0
4.8
1.0

2621.0
4.8
1.0

2630.0
4.8
1.0

2656.0
4.8
1.0

2685.0
4.8
1.0

2722.0
4.8
1.0

2760.5
4.8
1.0

2776.0
4.8
1.0

2794.0
4.8
1.0

2828.0
4.8
1.0

2854.5
4.8
1.0

2862.0
4.8
1.0

2906.0
4.8
1.0

2949.5
4.8
1.0

2978.5
4.8
1.0

2996.0
4.8
1.0

3004.0
4.8
1.0

3012.0
4.8
1.0

3075.0
4.8
1.0

3084.5
4.8
1.0

3119.5
4.8
1.0

3129.5
4.8
1.0

