1066.0
4.8
1.0

1074.5
4.8
1.0

1082.0
4.8
1.0

1106.0
4.8
1.0

1122.0
4.8
1.0

1133.0
4.8
1.0

1150.5
4.8
1.0

1161.5
4.8
1.0

1198.0
4.8
1.0

1206.0
4.8
1.0

1225.5
4.8
1.0

1242.5
4.8
1.0

1250.0
4.8
1.0

1268.0
4.8
1.0

1315.5
4.8
1.0

1325.0
4.8
1.0

1334.5
4.8
1.0

1342.5
4.8
1.0

1370.5
4.8
1.0

1378.0
4.8
1.0

1409.0
4.8
1.0

1418.0
4.8
1.0

1437.0
4.8
1.0

1447.5
4.8
1.0

1475.0
4.8
1.0

1492.0
4.8
1.0

1508.0
4.8
1.0

1525.0
4.8
1.0

1535.0
4.8
1.0

1554.0
4.8
1.0

1565.0
4.8
1.0

1623.5
4.8
1.0

1653.5
4.8
1.0

1673.0
4.8
1.0

1680.5
4.8
1.0

1698.0
4.8
1.0

1718.5
4.8
1.0

1736.5
4.8
1.0

1746.0
4.8
1.0

1794.0
4.8
1.0

1848.5
4.8
1.0

1859.5
4.8
1.0

1869.0
4.8
1.0

1876.0
4.8
1.0

1911.0
4.8
1.0

1959.0
4.8
1.0

1968.5
4.8
1.0

1998.0
4.8
1.0

2018.5
4.8
1.0

2029.5
4.8
1.0

2076.0
4.8
1.0

2084.0
4.8
1.0

2138.5
4.8
1.0

2155.5
4.8
1.0

2164.0
4.8
1.0

2192.0
4.8
1.0

2229.0
4.8
1.0

2236.5
4.8
1.0

2254.5
4.8
1.0

2263.0
4.8
1.0

2320.5
4.8
1.0

2346.5
4.8
1.0

2355.5
4.8
1.0

2365.0
4.8
1.0

2393.0
4.8
1.0

2418.0
4.8
1.0

2427.0
4.8
1.0

2455.0
4.8
1.0

2465.0
4.8
1.0

2484.5
4.8
1.0

2504.0
4.8
1.0

2543.5
4.8
1.0

2552.0
4.8
1.0

2608.5
4.8
1.0

2635.0
4.8
1.0

2655.0
4.8
1.0

2664.0
4.8
1.0

2683.0
4.8
1.0

2691.5
4.8
1.0

2725.5
4.8
1.0

2744.0
4.8
1.0

2762.0
4.8
1.0

2789.0
4.8
1.0

2798.5
4.8
1.0

2807.0
4.8
1.0

2824.5
4.8
1.0

2835.0
4.8
1.0

2854.5
4.8
1.0

2885.0
4.8
1.0

2910.5
4.8
1.0

2918.5
4.8
1.0

2927.0
4.8
1.0

2936.0
4.8
1.0

2952.0
4.8
1.0

2960.0
4.8
1.0

2969.5
4.8
1.0

