101.0
4.8
1.0

137.5
4.8
1.0

191.5
4.8
1.0

230.5
4.8
1.0

294.0
4.8
1.0

315.5
4.8
1.0

325.0
4.8
1.0

335.5
4.8
1.0

354.5
4.8
1.0

383.5
4.8
1.0

392.0
4.8
1.0

503.5
4.8
1.0

538.0
4.8
1.0

577.0
4.8
1.0

587.0
4.8
1.0

594.0
4.8
1.0

602.0
4.8
1.0

618.5
4.8
1.0

628.0
4.8
1.0

657.5
4.8
1.0

685.5
4.8
1.0

694.5
4.8
1.0

742.5
4.8
1.0

806.5
4.8
1.0

824.0
4.8
1.0

878.0
4.8
1.0

894.0
4.8
1.0

902.0
4.8
1.0

931.5
4.8
1.0

941.0
4.8
1.0

949.0
4.8
1.0

959.0
4.8
1.0

2978.5
4.8
1.0

3027.5
4.8
1.0

3036.5
4.8
1.0

3052.0
4.8
1.0

3061.5
4.8
1.0

3071.0
4.8
1.0

3080.0
4.8
1.0

3152.5
4.8
1.0

3162.0
4.8
1.0

3252.5
4.8
1.0

3261.0
4.8
1.0

3289.5
4.8
1.0

3317.0
4.8
1.0

3418.0
4.8
1.0

3455.0
4.8
1.0

3475.0
4.8
1.0

3484.0
4.8
1.0

3560.5
4.8
1.0

3569.5
4.8
1.0

3579.5
4.8
1.0

3618.5
4.8
1.0

3634.5
4.8
1.0

3645.5
4.8
1.0

3662.0
4.8
1.0

3705.0
4.8
1.0

3758.0
4.8
1.0

3802.5
4.8
1.0

3831.5
4.8
1.0

3871.5
4.8
1.0

3889.5
4.8
1.0

3917.0
4.8
1.0

3927.5
4.8
1.0

