81.5
4.8
1.0

108.5
4.8
1.0

117.0
4.8
1.0

181.5
4.8
1.0

201.5
4.8
1.0

221.0
4.8
1.0

240.0
4.8
1.0

256.5
4.8
1.0

305.5
4.8
1.0

372.5
4.8
1.0

403.0
4.8
1.0

411.5
4.8
1.0

421.0
4.8
1.0

428.5
4.8
1.0

473.5
4.8
1.0

483.0
4.8
1.0

493.5
4.8
1.0

530.0
4.8
1.0

559.0
4.8
1.0

568.0
4.8
1.0

675.5
4.8
1.0

704.5
4.8
1.0

715.5
4.8
1.0

725.0
4.8
1.0

734.0
4.8
1.0

786.5
4.8
1.0

833.5
4.8
1.0

886.5
4.8
1.0

966.5
4.8
1.0

987.5
4.8
1.0

996.0
4.8
1.0

1004.0
4.8
1.0

3089.5
4.8
1.0

3098.5
4.8
1.0

3106.5
4.8
1.0

3136.5
4.8
1.0

3173.0
4.8
1.0

3213.5
4.8
1.0

3223.5
4.8
1.0

3299.0
4.8
1.0

3307.5
4.8
1.0

3326.0
4.8
1.0

3342.0
4.8
1.0

3382.5
4.8
1.0

3390.5
4.8
1.0

3409.5
4.8
1.0

3426.0
4.8
1.0

3434.0
4.8
1.0

3465.5
4.8
1.0

3492.5
4.8
1.0

3503.5
4.8
1.0

3540.5
4.8
1.0

3588.5
4.8
1.0

3670.5
4.8
1.0

3680.5
4.8
1.0

3696.0
4.8
1.0

3714.5
4.8
1.0

3732.5
4.8
1.0

3766.0
4.8
1.0

3793.5
4.8
1.0

3821.0
4.8
1.0

3851.0
4.8
1.0

3860.0
4.8
1.0

3880.5
4.8
1.0

