1063.8
4.8
1.0

1095.3
4.8
1.0

1119.3
4.8
1.0

1146.3
4.8
1.0

1176.8
4.8
1.0

1187.8
4.8
1.0

1220.3
4.8
1.0

1285.3
4.8
1.0

1356.3
4.8
1.0

1367.8
4.8
1.0

1471.3
4.8
1.0

1489.8
4.8
1.0

1504.8
4.8
1.0

1588.8
4.8
1.0

1618.8
4.8
1.0

1772.3
4.8
1.0

1781.3
4.8
1.0

1808.8
4.8
1.0

1819.3
4.8
1.0

1836.8
4.8
1.0

1925.3
4.8
1.0

1935.8
4.8
1.0

1954.3
4.8
1.0

2015.3
4.8
1.0

2044.8
4.8
1.0

2072.8
4.8
1.0

2098.3
4.8
1.0

2117.3
4.8
1.0

2150.8
4.8
1.0

2224.8
4.8
1.0

2277.3
4.8
1.0

2286.8
4.8
1.0

2296.8
4.8
1.0

2415.3
4.8
1.0

2442.8
4.8
1.0

2450.8
4.8
1.0

2519.3
4.8
1.0

2631.8
4.8
1.0

2650.3
4.8
1.0

2678.3
4.8
1.0

2721.8
4.8
1.0

2740.3
4.8
1.0

2758.3
4.8
1.0

2821.8
4.8
1.0

2850.3
4.8
1.0

2870.8
4.8
1.0

2898.8
4.8
1.0

2907.8
4.8
1.0

