1059.0
4.8
1.0

1127.0
4.8
1.0

1155.5
4.8
1.0

1172.0
4.8
1.0

1182.5
4.8
1.0

1210.5
4.8
1.0

1219.0
4.8
1.0

1291.5
4.8
1.0

1310.0
4.8
1.0

1372.0
4.8
1.0

1389.5
4.8
1.0

1428.0
4.8
1.0

1439.5
4.8
1.0

1467.0
4.8
1.0

1476.0
4.8
1.0

1484.0
4.8
1.0

1505.0
4.8
1.0

1576.0
4.8
1.0

1633.5
4.8
1.0

1650.0
4.8
1.0

1674.0
4.8
1.0

1683.0
4.8
1.0

1702.0
4.8
1.0

1720.5
4.8
1.0

1785.5
4.8
1.0

1825.5
4.8
1.0

1834.0
4.8
1.0

1873.5
4.8
1.0

1883.0
4.8
1.0

1952.5
4.8
1.0

1960.5
4.8
1.0

2014.5
4.8
1.0

