2337.5
4.8
1.0

2410.5
4.8
1.0

2457.5
4.8
1.0

2538.5
4.8
1.0

2547.5
4.8
1.0

2567.5
4.8
1.0

2594.5
4.8
1.0

2644.0
4.8
1.0

2699.0
4.8
1.0

2719.5
4.8
1.0

2803.5
4.8
1.0

2812.5
4.8
1.0

2831.0
4.8
1.0

2849.5
4.8
1.0

2869.0
4.8
1.0

2889.5
4.8
1.0

2908.0
4.8
1.0

2946.0
4.8
1.0

2989.5
4.8
1.0

3015.0
4.8
1.0

3022.5
4.8
1.0

3031.5
4.8
1.0

3050.0
4.8
1.0

3109.5
4.8
1.0

3128.0
4.8
1.0

3147.0
4.8
1.0

3166.0
4.8
1.0

3174.5
4.8
1.0

3218.5
4.8
1.0

3227.0
4.8
1.0

3237.5
4.8
1.0

3300.0
4.8
1.0

3309.0
4.8
1.0

3398.5
4.8
1.0

3407.5
4.8
1.0

3436.0
4.8
1.0

3520.0
4.8
1.0

3537.5
4.8
1.0

3580.5
4.8
1.0

3620.5
4.8
1.0

3661.0
4.8
1.0

3678.0
4.8
1.0

3717.5
4.8
1.0

3737.0
4.8
1.0

3755.5
4.8
1.0

3844.0
4.8
1.0

3861.0
4.8
1.0

3870.5
4.8
1.0

3894.0
4.8
1.0

3902.0
4.8
1.0

3911.5
4.8
1.0

3930.0
4.8
1.0

3966.5
4.8
1.0

3994.0
4.8
1.0

4041.0
4.8
1.0

4048.0
4.8
1.0

4058.0
4.8
1.0

4066.5
4.8
1.0

4161.5
4.8
1.0

4179.5
4.8
1.0

4204.0
4.8
1.0

4213.0
4.8
1.0

4223.0
4.8
1.0

4250.0
4.8
1.0

