1966.75
2.0
1.0

2003.5
2.0
1.0

2020.75
2.0
1.0

2111.5
2.0
1.0

2129.5
2.0
1.0

2198.5
2.0
1.0

2217.25
2.0
1.0

2270.5
2.0
1.0

2289.25
2.0
1.0

2317.0
2.0
1.0

2352.25
2.0
1.0

2372.5
2.0
1.0

2405.5
2.0
1.0

2486.5
2.0
1.0

2548.75
2.0
1.0

2593.75
2.0
1.0

2605.75
2.0
1.0

2648.5
2.0
1.0

2677.0
2.0
1.0

2741.5
2.0
1.0

2791.75
2.0
1.0

2811.25
2.0
1.0

2864.5
2.0
1.0

2884.0
2.0
1.0

2902.0
2.0
1.0

2938.75
2.0
1.0

2992.0
2.0
1.0

3021.25
2.0
1.0

3100.0
2.0
1.0

3145.0
2.0
1.0

3163.0
2.0
1.0

3172.0
2.0
1.0

3278.5
2.0
1.0

3297.25
2.0
1.0

3305.5
2.0
1.0

3361.75
2.0
1.0

