2380.8
1.5
1.0

2424.3
1.5
1.0

2433.3
1.5
1.0

2442.3
1.5
1.0

2452.8
1.5
1.0

2480.8
1.5
1.0

2507.3
1.5
1.0

2516.3
1.5
1.0

2610.3
1.5
1.0

2657.8
1.5
1.0

2674.8
1.5
1.0

2789.3
1.5
1.0

2959.3
1.5
1.0

3104.3
1.5
1.0

3196.8
1.5
1.0

3296.3
1.5
1.0

3496.8
1.5
1.0

3551.8
1.5
1.0

3569.3
1.5
1.0

3577.8
1.5
1.0

3617.3
1.5
1.0

3646.3
1.5
1.0

3656.8
1.5
1.0

3704.3
1.5
1.0

3732.3
1.5
1.0

3779.3
1.5
1.0

4009.8
1.5
1.0

4129.3
1.5
1.0

4147.8
1.5
1.0

4201.3
1.5
1.0

4236.8
1.5
1.0

4246.3
1.5
1.0

