28.5
1.0
1.0

45.0
1.0
1.0

55.5
1.0
1.0

73.5
1.0
1.0

83.25
1.0
1.0

118.5
1.0
1.0

127.5
1.0
1.0

137.25
1.0
1.0

144.0
1.0
1.0

182.25
1.0
1.0

189.0
1.0
1.0

225.0
1.0
1.0

234.0
1.0
1.0

279.0
1.0
1.0

289.5
1.0
1.0

297.0
1.0
1.0

307.5
1.0
1.0

333.0
1.0
1.0

353.25
1.0
1.0

407.25
1.0
1.0

414.0
1.0
1.0

450.75
1.0
1.0

460.5
1.0
1.0

477.75
1.0
1.0

487.5
1.0
1.0

522.0
1.0
1.0

533.25
1.0
1.0

542.25
1.0
1.0

558.0
1.0
1.0

595.5
1.0
1.0

604.5
1.0
1.0

639.75
1.0
1.0

648.0
1.0
1.0

659.25
1.0
1.0

666.75
1.0
1.0

686.25
1.0
1.0

