2027.5
4.8
1.0

2056.0
4.8
1.0

2065.5
4.8
1.0

2095.5
4.8
1.0

2135.5
4.8
1.0

2162.5
4.8
1.0

2181.0
4.8
1.0

2198.5
4.8
1.0

2217.5
4.8
1.0

2246.0
4.8
1.0

2262.5
4.8
1.0

2273.0
4.8
1.0

2283.5
4.8
1.0

2313.0
4.8
1.0

2369.0
4.8
1.0

2377.0
4.8
1.0

2404.0
4.8
1.0

2451.5
4.8
1.0

2460.5
4.8
1.0

2505.0
4.8
1.0

2523.5
4.8
1.0

2533.5
4.8
1.0

2573.0
4.8
1.0

2599.0
4.8
1.0

2629.0
4.8
1.0

2711.0
4.8
1.0

2727.5
4.8
1.0

2808.5
4.8
1.0

2881.0
4.8
1.0

2949.0
4.8
1.0

2957.5
4.8
1.0

2966.0
4.8
1.0

3012.0
4.8
1.0

3023.0
4.8
1.0

3041.5
4.8
1.0

3050.5
4.8
1.0

3114.0
4.8
1.0

3169.0
4.8
1.0

3178.5
4.8
1.0

3198.0
4.8
1.0

3209.0
4.8
1.0

3267.0
4.8
1.0

3328.5
4.8
1.0

3337.0
4.8
1.0

3410.0
4.8
1.0

3427.0
4.8
1.0

3461.5
4.8
1.0

3507.5
4.8
1.0

3570.5
4.8
1.0

3578.0
4.8
1.0

3596.5
4.8
1.0

3607.5
4.8
1.0

3617.5
4.8
1.0

3627.0
4.8
1.0

3655.5
4.8
1.0

3693.0
4.8
1.0

3721.5
4.8
1.0

3768.5
4.8
1.0

3804.0
4.8
1.0

3868.5
4.8
1.0

3887.0
4.8
1.0

3904.5
4.8
1.0

3925.0
4.8
1.0

3949.0
4.8
1.0

