99.0
4.8
1.0

109.5
4.8
1.0

157.0
4.8
1.0

202.0
4.8
1.0

212.0
4.8
1.0

230.0
4.8
1.0

248.0
4.8
1.0

257.5
4.8
1.0

266.5
4.8
1.0

293.0
4.8
1.0

302.0
4.8
1.0

330.5
4.8
1.0

348.0
4.8
1.0

366.5
4.8
1.0

377.0
4.8
1.0

405.5
4.8
1.0

415.5
4.8
1.0

424.5
4.8
1.0

452.0
4.8
1.0

470.5
4.8
1.0

486.5
4.8
1.0

513.0
4.8
1.0

523.5
4.8
1.0

561.5
4.8
1.0

571.0
4.8
1.0

589.0
4.8
1.0

616.5
4.8
1.0

624.0
4.8
1.0

658.5
4.8
1.0

678.0
4.8
1.0

698.0
4.8
1.0

708.5
4.8
1.0

724.5
4.8
1.0

748.0
4.8
1.0

775.0
4.8
1.0

791.0
4.8
1.0

841.5
4.8
1.0

850.5
4.8
1.0

870.0
4.8
1.0

879.5
4.8
1.0

899.5
4.8
1.0

919.5
4.8
1.0

937.0
4.8
1.0

947.0
4.8
1.0

977.0
4.8
1.0

985.0
4.8
1.0

992.5
4.8
1.0

1027.5
4.8
1.0

1065.0
4.8
1.0

1112.5
4.8
1.0

1130.5
4.8
1.0

1151.0
4.8
1.0

1171.0
4.8
1.0

1199.0
4.8
1.0

1208.5
4.8
1.0

1226.0
4.8
1.0

1246.0
4.8
1.0

1292.5
4.8
1.0

1303.0
4.8
1.0

1320.5
4.8
1.0

1339.0
4.8
1.0

1369.5
4.8
1.0

1388.5
4.8
1.0

1408.5
4.8
1.0

1416.0
4.8
1.0

1453.5
4.8
1.0

1463.0
4.8
1.0

1481.0
4.8
1.0

1509.0
4.8
1.0

1518.0
4.8
1.0

1527.0
4.8
1.0

1559.5
4.8
1.0

1586.0
4.8
1.0

1605.0
4.8
1.0

1613.5
4.8
1.0

1633.0
4.8
1.0

1651.0
4.8
1.0

1660.5
4.8
1.0

1670.5
4.8
1.0

1681.0
4.8
1.0

1700.0
4.8
1.0

1737.5
4.8
1.0

1747.5
4.8
1.0

1757.5
4.8
1.0

1775.5
4.8
1.0

1811.5
4.8
1.0

1861.0
4.8
1.0

1881.5
4.8
1.0

1898.0
4.8
1.0

1919.0
4.8
1.0

1928.5
4.8
1.0

1936.5
4.8
1.0

1954.0
4.8
1.0

1980.5
4.8
1.0

2009.0
4.8
1.0

2018.0
4.8
1.0

