2036.0
4.8
1.0

2085.5
4.8
1.0

2115.0
4.8
1.0

2144.5
4.8
1.0

2172.0
4.8
1.0

2208.0
4.8
1.0

2227.5
4.8
1.0

2293.5
4.8
1.0

2303.5
4.8
1.0

2331.0
4.8
1.0

2339.5
4.8
1.0

2348.5
4.8
1.0

2415.5
4.8
1.0

2442.0
4.8
1.0

2478.5
4.8
1.0

2582.5
4.8
1.0

2646.0
4.8
1.0

2664.5
4.8
1.0

2719.0
4.8
1.0

2746.0
4.8
1.0

2756.5
4.8
1.0

2782.0
4.8
1.0

2791.0
4.8
1.0

2799.5
4.8
1.0

2816.0
4.8
1.0

2843.0
4.8
1.0

2853.0
4.8
1.0

2890.5
4.8
1.0

2911.0
4.8
1.0

2939.5
4.8
1.0

2974.5
4.8
1.0

2985.0
4.8
1.0

3033.0
4.8
1.0

3097.0
4.8
1.0

3123.0
4.8
1.0

3131.5
4.8
1.0

3141.5
4.8
1.0

3150.5
4.8
1.0

3219.5
4.8
1.0

3238.5
4.8
1.0

3257.5
4.8
1.0

3287.0
4.8
1.0

3304.0
4.8
1.0

3312.5
4.8
1.0

3363.0
4.8
1.0

3373.0
4.8
1.0

3393.0
4.8
1.0

3400.5
4.8
1.0

3471.0
4.8
1.0

3490.5
4.8
1.0

3498.0
4.8
1.0

3526.0
4.8
1.0

3535.0
4.8
1.0

3544.5
4.8
1.0

3587.5
4.8
1.0

3635.0
4.8
1.0

3645.5
4.8
1.0

3682.5
4.8
1.0

3778.5
4.8
1.0

3786.5
4.8
1.0

3794.5
4.8
1.0

3861.0
4.8
1.0

3895.0
4.8
1.0

3940.5
4.8
1.0

