85.3
4.8
1.0

94.8
4.8
1.0

124.3
4.8
1.0

180.3
4.8
1.0

188.8
4.8
1.0

198.3
4.8
1.0

226.8
4.8
1.0

279.8
4.8
1.0

344.8
4.8
1.0

362.3
4.8
1.0

391.3
4.8
1.0

439.8
4.8
1.0

482.8
4.8
1.0

546.3
4.8
1.0

556.3
4.8
1.0

636.8
4.8
1.0

737.3
4.8
1.0

761.3
4.8
1.0

806.8
4.8
1.0

866.3
4.8
1.0

933.3
4.8
1.0

963.3
4.8
1.0

1013.8
4.8
1.0

1023.8
4.8
1.0

1060.3
4.8
1.0

1185.8
4.8
1.0

1223.8
4.8
1.0

1243.3
4.8
1.0

1270.3
4.8
1.0

1288.3
4.8
1.0

1335.3
4.8
1.0

1364.8
4.8
1.0

1405.3
4.8
1.0

1430.3
4.8
1.0

1449.8
4.8
1.0

1505.3
4.8
1.0

1554.8
4.8
1.0

1600.8
4.8
1.0

1647.8
4.8
1.0

1696.8
4.8
1.0

1714.3
4.8
1.0

1789.3
4.8
1.0

1836.8
4.8
1.0

1847.3
4.8
1.0

1915.8
4.8
1.0

1977.8
4.8
1.0

1994.3
4.8
1.0

2004.3
4.8
1.0

