18.75
1.0
1.0

27.75
1.0
1.0

63.75
1.0
1.0

73.5
1.0
1.0

90.75
1.0
1.0

117.0
1.0
1.0

135.75
1.0
1.0

162.0
1.0
1.0

171.0
1.0
1.0

225.0
1.0
1.0

234.0
1.0
1.0

270.0
1.0
1.0

308.25
1.0
1.0

324.0
1.0
1.0

342.0
1.0
1.0

370.5
1.0
1.0

380.25
1.0
1.0

397.5
1.0
1.0

406.5
1.0
1.0

423.75
1.0
1.0

442.5
1.0
1.0

452.25
1.0
1.0

459.0
1.0
1.0

497.25
1.0
1.0

515.25
1.0
1.0

531.75
1.0
1.0

540.75
1.0
1.0

558.75
1.0
1.0

605.25
1.0
1.0

640.5
1.0
1.0

650.25
1.0
1.0

668.25
1.0
1.0

677.25
1.0
1.0

684.75
1.0
1.0

694.5
1.0
1.0

722.25
1.0
1.0

738.75
1.0
1.0

747.0
1.0
1.0

757.5
1.0
1.0

775.5
1.0
1.0

792.75
1.0
1.0

810.75
1.0
1.0

