81.0
4.8
1.0

90.0
4.8
1.0

100.5
4.8
1.0

111.5
4.8
1.0

147.5
4.8
1.0

164.5
4.8
1.0

210.0
4.8
1.0

219.0
4.8
1.0

228.5
4.8
1.0

236.0
4.8
1.0

261.0
4.8
1.0

341.0
4.8
1.0

379.0
4.8
1.0

424.0
4.8
1.0

432.0
4.8
1.0

478.0
4.8
1.0

496.0
4.8
1.0

514.0
4.8
1.0

525.0
4.8
1.0

534.0
4.8
1.0

568.0
4.8
1.0

624.0
4.8
1.0

721.5
4.8
1.0

738.5
4.8
1.0

813.5
4.8
1.0

842.0
4.8
1.0

851.5
4.8
1.0

897.0
4.8
1.0

904.0
4.8
1.0

912.0
4.8
1.0

977.5
4.8
1.0

997.5
4.8
1.0

3003.5
4.8
1.0

3069.0
4.8
1.0

3078.0
4.8
1.0

3096.5
4.8
1.0

3114.0
4.8
1.0

3122.5
4.8
1.0

3186.0
4.8
1.0

3204.0
4.8
1.0

3213.0
4.8
1.0

3241.5
4.8
1.0

3288.0
4.8
1.0

3356.0
4.8
1.0

3364.0
4.8
1.0

3393.0
4.8
1.0

3402.5
4.8
1.0

3421.5
4.8
1.0

3459.5
4.8
1.0

3570.0
4.8
1.0

3578.0
4.8
1.0

3622.0
4.8
1.0

3630.5
4.8
1.0

3639.5
4.8
1.0

3690.0
4.8
1.0

3709.5
4.8
1.0

3718.0
4.8
1.0

3779.0
4.8
1.0

3805.5
4.8
1.0

3833.5
4.8
1.0

3842.0
4.8
1.0

3869.5
4.8
1.0

3917.0
4.8
1.0

3946.0
4.8
1.0

