156.0
4.8
1.0

182.5
4.8
1.0

202.0
4.8
1.0

245.0
4.8
1.0

252.5
4.8
1.0

271.0
4.8
1.0

280.5
4.8
1.0

321.5
4.8
1.0

330.0
4.8
1.0

415.0
4.8
1.0

451.5
4.8
1.0

471.0
4.8
1.0

507.0
4.8
1.0

560.5
4.8
1.0

578.5
4.8
1.0

606.0
4.8
1.0

649.5
4.8
1.0

675.5
4.8
1.0

711.0
4.8
1.0

730.5
4.8
1.0

795.0
4.8
1.0

803.0
4.8
1.0

823.5
4.8
1.0

871.0
4.8
1.0

878.5
4.8
1.0

920.0
4.8
1.0

940.5
4.8
1.0

950.0
4.8
1.0

958.0
4.8
1.0

987.0
4.8
1.0

1027.0
4.8
1.0

1036.5
4.8
1.0

2993.5
4.8
1.0

3033.5
4.8
1.0

3042.0
4.8
1.0

3050.0
4.8
1.0

3105.0
4.8
1.0

3133.0
4.8
1.0

3143.5
4.8
1.0

3161.5
4.8
1.0

3170.0
4.8
1.0

3178.0
4.8
1.0

3270.5
4.8
1.0

3297.5
4.8
1.0

3317.5
4.8
1.0

3326.5
4.8
1.0

3441.0
4.8
1.0

3468.5
4.8
1.0

3494.5
4.8
1.0

3503.5
4.8
1.0

3523.5
4.8
1.0

3533.5
4.8
1.0

3543.5
4.8
1.0

3586.0
4.8
1.0

3604.5
4.8
1.0

3649.5
4.8
1.0

3743.5
4.8
1.0

3796.0
4.8
1.0

3814.5
4.8
1.0

3850.0
4.8
1.0

3878.0
4.8
1.0

3886.0
4.8
1.0

3927.0
4.8
1.0

3936.5
4.8
1.0

