1062.0
4.8
1.0

1073.5
4.8
1.0

1082.0
4.8
1.0

1093.5
4.8
1.0

1123.5
4.8
1.0

1159.5
4.8
1.0

1178.0
4.8
1.0

1186.0
4.8
1.0

1218.5
4.8
1.0

1234.5
4.8
1.0

1294.5
4.8
1.0

1304.5
4.8
1.0

1325.0
4.8
1.0

1334.0
4.8
1.0

1360.0
4.8
1.0

1371.0
4.8
1.0

1399.5
4.8
1.0

1409.0
4.8
1.0

1419.0
4.8
1.0

1437.0
4.8
1.0

1454.5
4.8
1.0

1489.0
4.8
1.0

1496.0
4.8
1.0

1516.0
4.8
1.0

1524.0
4.8
1.0

1552.5
4.8
1.0

1562.0
4.8
1.0

1570.5
4.8
1.0

1580.0
4.8
1.0

1613.5
4.8
1.0

1622.0
4.8
1.0

1631.5
4.8
1.0

1677.5
4.8
1.0

1725.5
4.8
1.0

1743.5
4.8
1.0

1752.5
4.8
1.0

1760.5
4.8
1.0

1768.5
4.8
1.0

1804.0
4.8
1.0

1813.5
4.8
1.0

1839.0
4.8
1.0

1847.5
4.8
1.0

1867.0
4.8
1.0

1892.0
4.8
1.0

1918.5
4.8
1.0

1957.5
4.8
1.0

1975.5
4.8
1.0

1995.0
4.8
1.0

2024.0
4.8
1.0

2035.5
4.8
1.0

2073.5
4.8
1.0

2092.5
4.8
1.0

2100.0
4.8
1.0

2119.5
4.8
1.0

2129.5
4.8
1.0

2184.5
4.8
1.0

2214.5
4.8
1.0

2266.5
4.8
1.0

2295.5
4.8
1.0

2332.5
4.8
1.0

2341.0
4.8
1.0

2351.0
4.8
1.0

2360.5
4.8
1.0

2388.0
4.8
1.0

2417.5
4.8
1.0

2435.0
4.8
1.0

2445.0
4.8
1.0

2454.5
4.8
1.0

2465.0
4.8
1.0

2495.5
4.8
1.0

2505.5
4.8
1.0

2514.0
4.8
1.0

2543.5
4.8
1.0

2561.0
4.8
1.0

2581.0
4.8
1.0

2617.0
4.8
1.0

2627.0
4.8
1.0

2635.5
4.8
1.0

2674.5
4.8
1.0

2692.5
4.8
1.0

2702.0
4.8
1.0

2713.0
4.8
1.0

2733.0
4.8
1.0

2741.5
4.8
1.0

2761.5
4.8
1.0

2770.0
4.8
1.0

2778.5
4.8
1.0

2786.5
4.8
1.0

2812.0
4.8
1.0

2840.0
4.8
1.0

2860.5
4.8
1.0

2890.0
4.8
1.0

2901.0
4.8
1.0

2946.0
4.8
1.0

2965.5
4.8
1.0

2984.0
4.8
1.0

