1108.3
4.8
1.0

1137.8
4.8
1.0

1155.3
4.8
1.0

1174.3
4.8
1.0

1199.8
4.8
1.0

1231.3
4.8
1.0

1250.3
4.8
1.0

1271.8
4.8
1.0

1290.8
4.8
1.0

1357.8
4.8
1.0

1433.8
4.8
1.0

1485.3
4.8
1.0

1512.8
4.8
1.0

1593.3
4.8
1.0

1601.3
4.8
1.0

1664.3
4.8
1.0

1693.3
4.8
1.0

1711.8
4.8
1.0

1793.8
4.8
1.0

1801.3
4.8
1.0

1827.3
4.8
1.0

1889.3
4.8
1.0

1934.8
4.8
1.0

1971.8
4.8
1.0

2069.3
4.8
1.0

2089.3
4.8
1.0

2152.8
4.8
1.0

2171.3
4.8
1.0

2201.3
4.8
1.0

2210.8
4.8
1.0

2252.8
4.8
1.0

2262.3
4.8
1.0

2280.3
4.8
1.0

2309.8
4.8
1.0

2319.3
4.8
1.0

2376.3
4.8
1.0

2385.3
4.8
1.0

2481.3
4.8
1.0

2490.8
4.8
1.0

2539.8
4.8
1.0

2595.3
4.8
1.0

2612.3
4.8
1.0

2660.8
4.8
1.0

2809.8
4.8
1.0

2857.8
4.8
1.0

2887.3
4.8
1.0

2933.3
4.8
1.0

2943.3
4.8
1.0

