2263.5
4.8
1.0

2291.0
4.8
1.0

2298.0
4.8
1.0

2347.0
4.8
1.0

2402.5
4.8
1.0

2410.0
4.8
1.0

2454.0
4.8
1.0

2481.5
4.8
1.0

2514.0
4.8
1.0

2524.0
4.8
1.0

2543.5
4.8
1.0

2563.0
4.8
1.0

2612.5
4.8
1.0

2688.0
4.8
1.0

2706.0
4.8
1.0

2714.0
4.8
1.0

2768.5
4.8
1.0

2818.0
4.8
1.0

2862.0
4.8
1.0

2880.5
4.8
1.0

2891.5
4.8
1.0

2900.0
4.8
1.0

2944.5
4.8
1.0

3039.0
4.8
1.0

3049.0
4.8
1.0

3067.5
4.8
1.0

3077.5
4.8
1.0

3086.0
4.8
1.0

3103.5
4.8
1.0

3112.5
4.8
1.0

3132.5
4.8
1.0

3142.5
4.8
1.0

