2199.0
4.8
1.0

2216.0
4.8
1.0

2254.5
4.8
1.0

2273.5
4.8
1.0

2337.0
4.8
1.0

2357.5
4.8
1.0

2366.0
4.8
1.0

2383.0
4.8
1.0

2418.0
4.8
1.0

2426.5
4.8
1.0

2435.0
4.8
1.0

2464.5
4.8
1.0

2472.0
4.8
1.0

2498.0
4.8
1.0

2553.0
4.8
1.0

2603.5
4.8
1.0

2643.5
4.8
1.0

2697.5
4.8
1.0

2751.0
4.8
1.0

2788.0
4.8
1.0

2799.5
4.8
1.0

2828.0
4.8
1.0

2844.0
4.8
1.0

2909.0
4.8
1.0

2916.0
4.8
1.0

2953.5
4.8
1.0

2962.5
4.8
1.0

2991.5
4.8
1.0

3018.0
4.8
1.0

3057.5
4.8
1.0

3094.5
4.8
1.0

3153.5
4.8
1.0

