1207.0
4.8
1.0

1217.0
4.8
1.0

1227.5
4.8
1.0

1287.5
4.8
1.0

1296.0
4.8
1.0

1304.5
4.8
1.0

1332.0
4.8
1.0

1369.5
4.8
1.0

1395.0
4.8
1.0

1405.5
4.8
1.0

1414.5
4.8
1.0

1422.0
4.8
1.0

1448.5
4.8
1.0

1464.0
4.8
1.0

1520.5
4.8
1.0

1529.5
4.8
1.0

1538.0
4.8
1.0

1547.0
4.8
1.0

1566.5
4.8
1.0

1593.0
4.8
1.0

1610.5
4.8
1.0

1620.5
4.8
1.0

1646.0
4.8
1.0

1666.5
4.8
1.0

1713.5
4.8
1.0

1749.0
4.8
1.0

1758.0
4.8
1.0

1767.0
4.8
1.0

1776.0
4.8
1.0

1794.0
4.8
1.0

1821.5
4.8
1.0

1839.5
4.8
1.0

1849.0
4.8
1.0

1859.5
4.8
1.0

1886.5
4.8
1.0

1906.5
4.8
1.0

1917.5
4.8
1.0

1927.5
4.8
1.0

1956.0
4.8
1.0

1991.0
4.8
1.0

2034.5
4.8
1.0

2045.0
4.8
1.0

2093.0
4.8
1.0

2102.5
4.8
1.0

2118.0
4.8
1.0

2137.5
4.8
1.0

2146.0
4.8
1.0

2155.5
4.8
1.0

