2003.5
4.8
1.0

2013.0
4.8
1.0

2074.0
4.8
1.0

2083.0
4.8
1.0

2093.5
4.8
1.0

2102.5
4.8
1.0

2121.0
4.8
1.0

2139.0
4.8
1.0

2184.5
4.8
1.0

2221.5
4.8
1.0

2240.5
4.8
1.0

2276.0
4.8
1.0

2302.5
4.8
1.0

2310.0
4.8
1.0

2328.5
4.8
1.0

2356.5
4.8
1.0

2364.0
4.8
1.0

2417.5
4.8
1.0

2426.5
4.8
1.0

2514.5
4.8
1.0

2564.5
4.8
1.0

2613.5
4.8
1.0

2743.5
4.8
1.0

2773.0
4.8
1.0

2783.5
4.8
1.0

2813.5
4.8
1.0

2859.0
4.8
1.0

2869.5
4.8
1.0

2897.0
4.8
1.0

2906.5
4.8
1.0

2917.0
4.8
1.0

2926.0
4.8
1.0

2970.5
4.8
1.0

2979.0
4.8
1.0

3080.5
4.8
1.0

3100.5
4.8
1.0

3147.5
4.8
1.0

3182.0
4.8
1.0

3210.0
4.8
1.0

3219.5
4.8
1.0

3239.0
4.8
1.0

3321.0
4.8
1.0

3350.5
4.8
1.0

3400.0
4.8
1.0

3408.0
4.8
1.0

3416.5
4.8
1.0

3424.0
4.8
1.0

3515.5
4.8
1.0

3561.5
4.8
1.0

3571.5
4.8
1.0

3590.5
4.8
1.0

3607.0
4.8
1.0

3642.0
4.8
1.0

3659.5
4.8
1.0

3695.0
4.8
1.0

3703.5
4.8
1.0

3713.0
4.8
1.0

3751.0
4.8
1.0

3760.5
4.8
1.0

3781.0
4.8
1.0

3838.0
4.8
1.0

3846.0
4.8
1.0

3865.5
4.8
1.0

3909.0
4.8
1.0

