2022.5
4.8
1.0

2112.0
4.8
1.0

2149.5
4.8
1.0

2158.5
4.8
1.0

2176.0
4.8
1.0

2194.5
4.8
1.0

2203.5
4.8
1.0

2292.5
4.8
1.0

2380.0
4.8
1.0

2398.0
4.8
1.0

2434.0
4.8
1.0

2443.0
4.8
1.0

2453.0
4.8
1.0

2463.0
4.8
1.0

2555.5
4.8
1.0

2572.5
4.8
1.0

2583.0
4.8
1.0

2592.5
4.8
1.0

2603.0
4.8
1.0

2622.5
4.8
1.0

2631.5
4.8
1.0

2641.5
4.8
1.0

2680.5
4.8
1.0

2689.0
4.8
1.0

2699.0
4.8
1.0

2726.5
4.8
1.0

2802.5
4.8
1.0

2822.5
4.8
1.0

2849.0
4.8
1.0

2878.0
4.8
1.0

2943.0
4.8
1.0

2961.5
4.8
1.0

2987.0
4.8
1.0

2996.0
4.8
1.0

3014.0
4.8
1.0

3032.5
4.8
1.0

3043.5
4.8
1.0

3061.0
4.8
1.0

3070.5
4.8
1.0

3120.0
4.8
1.0

3128.5
4.8
1.0

3192.0
4.8
1.0

3201.0
4.8
1.0

3273.0
4.8
1.0

3293.5
4.8
1.0

3313.0
4.8
1.0

3331.5
4.8
1.0

3341.5
4.8
1.0

3390.5
4.8
1.0

3434.0
4.8
1.0

3442.0
4.8
1.0

3451.0
4.8
1.0

3479.0
4.8
1.0

3488.0
4.8
1.0

3496.5
4.8
1.0

3505.5
4.8
1.0

3634.5
4.8
1.0

3668.0
4.8
1.0

3723.5
4.8
1.0

3790.5
4.8
1.0

3828.5
4.8
1.0

3892.5
4.8
1.0

3900.0
4.8
1.0

3918.5
4.8
1.0

