2037.3
4.8
1.0

2045.8
4.8
1.0

2217.8
4.8
1.0

2237.3
4.8
1.0

2254.3
4.8
1.0

2263.8
4.8
1.0

2342.8
4.8
1.0

2353.3
4.8
1.0

2377.3
4.8
1.0

2485.8
4.8
1.0

2503.8
4.8
1.0

2530.3
4.8
1.0

2540.3
4.8
1.0

2677.3
4.8
1.0

2723.3
4.8
1.0

2758.8
4.8
1.0

3010.8
4.8
1.0

3028.8
4.8
1.0

3097.3
4.8
1.0

3116.8
4.8
1.0

3161.8
4.8
1.0

3288.8
4.8
1.0

3366.3
4.8
1.0

3386.8
4.8
1.0

3586.3
4.8
1.0

3655.3
4.8
1.0

3682.3
4.8
1.0

3737.8
4.8
1.0

3815.8
4.8
1.0

3860.3
4.8
1.0

3879.8
4.8
1.0

3931.8
4.8
1.0

