120.3
4.8
1.0

165.8
4.8
1.0

184.3
4.8
1.0

368.8
4.8
1.0

395.3
4.8
1.0

405.3
4.8
1.0

467.3
4.8
1.0

538.3
4.8
1.0

546.8
4.8
1.0

586.8
4.8
1.0

595.3
4.8
1.0

636.8
4.8
1.0

676.8
4.8
1.0

725.3
4.8
1.0

752.3
4.8
1.0

771.8
4.8
1.0

779.8
4.8
1.0

815.8
4.8
1.0

851.8
4.8
1.0

899.3
4.8
1.0

925.8
4.8
1.0

954.8
4.8
1.0

974.3
4.8
1.0

994.3
4.8
1.0

1059.8
4.8
1.0

1087.3
4.8
1.0

1113.3
4.8
1.0

1133.8
4.8
1.0

1171.8
4.8
1.0

1207.3
4.8
1.0

1233.8
4.8
1.0

1288.8
4.8
1.0

1373.3
4.8
1.0

1382.3
4.8
1.0

1439.3
4.8
1.0

1496.8
4.8
1.0

1505.8
4.8
1.0

1521.8
4.8
1.0

1556.3
4.8
1.0

1582.3
4.8
1.0

1611.8
4.8
1.0

1658.8
4.8
1.0

1731.8
4.8
1.0

1785.8
4.8
1.0

1802.8
4.8
1.0

1829.3
4.8
1.0

1899.8
4.8
1.0

1963.8
4.8
1.0

