110.8
4.8
1.0

129.8
4.8
1.0

139.8
4.8
1.0

203.8
4.8
1.0

266.3
4.8
1.0

302.8
4.8
1.0

313.3
4.8
1.0

341.8
4.8
1.0

358.3
4.8
1.0

379.3
4.8
1.0

433.3
4.8
1.0

491.3
4.8
1.0

518.3
4.8
1.0

603.8
4.8
1.0

610.8
4.8
1.0

696.3
4.8
1.0

716.8
4.8
1.0

743.8
4.8
1.0

861.8
4.8
1.0

869.8
4.8
1.0

878.3
4.8
1.0

888.3
4.8
1.0

984.8
4.8
1.0

1013.8
4.8
1.0

1050.8
4.8
1.0

1123.8
4.8
1.0

1142.3
4.8
1.0

1152.3
4.8
1.0

1191.3
4.8
1.0

1263.3
4.8
1.0

1278.8
4.8
1.0

1354.3
4.8
1.0

1401.3
4.8
1.0

1486.3
4.8
1.0

1593.8
4.8
1.0

1628.8
4.8
1.0

1638.8
4.8
1.0

1675.3
4.8
1.0

1692.8
4.8
1.0

1747.3
4.8
1.0

1821.3
4.8
1.0

1838.3
4.8
1.0

1908.3
4.8
1.0

1917.3
4.8
1.0

1936.8
4.8
1.0

1973.8
4.8
1.0

1991.3
4.8
1.0

1999.8
4.8
1.0

