2117.8
4.8
1.0

2164.8
4.8
1.0

2181.3
4.8
1.0

2199.3
4.8
1.0

2298.8
4.8
1.0

2403.8
4.8
1.0

2439.3
4.8
1.0

2468.8
4.8
1.0

2561.8
4.8
1.0

2589.3
4.8
1.0

2608.8
4.8
1.0

2627.8
4.8
1.0

2808.3
4.8
1.0

2827.3
4.8
1.0

2854.8
4.8
1.0

2948.3
4.8
1.0

2993.3
4.8
1.0

3019.3
4.8
1.0

3038.8
4.8
1.0

3125.8
4.8
1.0

3207.3
4.8
1.0

3279.3
4.8
1.0

3298.8
4.8
1.0

3336.8
4.8
1.0

3446.8
4.8
1.0

3501.8
4.8
1.0

3511.8
4.8
1.0

3639.8
4.8
1.0

3796.3
4.8
1.0

3834.3
4.8
1.0

3897.8
4.8
1.0

3904.8
4.8
1.0

