18.0
1.0
1.0

27.75
1.0
1.0

36.75
1.0
1.0

54.0
1.0
1.0

82.5
1.0
1.0

118.5
1.0
1.0

172.5
1.0
1.0

191.25
1.0
1.0

198.0
1.0
1.0

216.75
1.0
1.0

235.5
1.0
1.0

253.5
1.0
1.0

263.25
1.0
1.0

271.5
1.0
1.0

289.5
1.0
1.0

297.75
1.0
1.0

325.5
1.0
1.0

342.75
1.0
1.0

352.5
1.0
1.0

371.25
1.0
1.0

388.5
1.0
1.0

416.25
1.0
1.0

425.25
1.0
1.0

443.25
1.0
1.0

495.75
1.0
1.0

504.0
1.0
1.0

515.25
1.0
1.0

540.75
1.0
1.0

550.5
1.0
1.0

558.0
1.0
1.0

567.0
1.0
1.0

612.0
1.0
1.0

621.0
1.0
1.0

649.5
1.0
1.0

657.0
1.0
1.0

666.0
1.0
1.0

