1055.25
1.0
1.0

1062.75
1.0
1.0

1117.5
1.0
1.0

1135.5
1.0
1.0

1170.75
1.0
1.0

1189.5
1.0
1.0

1217.25
1.0
1.0

1226.25
1.0
1.0

1288.5
1.0
1.0

1350.0
1.0
1.0

1378.5
1.0
1.0

1386.75
1.0
1.0

1440.75
1.0
1.0

1449.0
1.0
1.0

1458.75
1.0
1.0

1469.25
1.0
1.0

1505.25
1.0
1.0

1530.0
1.0
1.0

1576.5
1.0
1.0

1604.25
1.0
1.0

1620.0
1.0
1.0

1630.5
1.0
1.0

1658.25
1.0
1.0

1692.75
1.0
1.0

1702.5
1.0
1.0

1784.25
1.0
1.0

1791.75
1.0
1.0

1802.25
1.0
1.0

2548.5
1.0
1.0

2557.5
1.0
1.0

2603.25
1.0
1.0

2656.5
1.0
1.0

2673.0
1.0
1.0

2682.75
1.0
1.0

2693.25
1.0
1.0

2710.5
1.0
1.0

2736.75
1.0
1.0

2747.25
1.0
1.0

2754.75
1.0
1.0

2792.25
1.0
1.0

2916.75
1.0
1.0

2952.0
1.0
1.0

2988.75
1.0
1.0

2997.0
1.0
1.0

3044.25
1.0
1.0

3053.25
1.0
1.0

3088.5
1.0
1.0

3096.0
1.0
1.0

3123.75
1.0
1.0

3151.5
1.0
1.0

3160.5
1.0
1.0

3177.75
1.0
1.0

3195.75
1.0
1.0

3213.75
1.0
1.0

3314.25
1.0
1.0

3349.5
1.0
1.0

