290.25
1.0
1.0

333.75
1.0
1.0

380.25
1.0
1.0

389.25
1.0
1.0

397.5
1.0
1.0

425.25
1.0
1.0

434.25
1.0
1.0

487.5
1.0
1.0

497.25
1.0
1.0

505.5
1.0
1.0

515.25
1.0
1.0

559.5
1.0
1.0

569.25
1.0
1.0

585.75
1.0
1.0

612.0
1.0
1.0

621.0
1.0
1.0

631.5
1.0
1.0

648.75
1.0
1.0

658.5
1.0
1.0

695.25
1.0
1.0

721.5
1.0
1.0

730.5
1.0
1.0

748.5
1.0
1.0

756.0
1.0
1.0

776.25
1.0
1.0

801.0
1.0
1.0

820.5
1.0
1.0

846.75
1.0
1.0

892.5
1.0
1.0

901.5
1.0
1.0

910.5
1.0
1.0

918.75
1.0
1.0

955.5
1.0
1.0

963.75
1.0
1.0

972.75
1.0
1.0

990.75
1.0
1.0

1845.75
1.0
1.0

1854.0
1.0
1.0

1865.25
1.0
1.0

1890.75
1.0
1.0

1899.75
1.0
1.0

1917.75
1.0
1.0

1935.75
1.0
1.0

1946.25
1.0
1.0

1954.5
1.0
1.0

1980.0
1.0
1.0

2009.25
1.0
1.0

2018.25
1.0
1.0

2034.75
1.0
1.0

2061.0
1.0
1.0

2072.25
1.0
1.0

2089.5
1.0
1.0

2115.0
1.0
1.0

2135.25
1.0
1.0

2142.0
1.0
1.0

2151.75
1.0
1.0

2180.25
1.0
1.0

2187.75
1.0
1.0

2205.75
1.0
1.0

2241.0
1.0
1.0

2278.5
1.0
1.0

2313.0
1.0
1.0

2341.5
1.0
1.0

2351.25
1.0
1.0

2396.25
1.0
1.0

2403.0
1.0
1.0

2412.0
1.0
1.0

2459.25
1.0
1.0

2466.0
1.0
1.0

2475.0
1.0
1.0

2513.25
1.0
1.0

2520.75
1.0
1.0

