1009.5
1.0
1.0

1017.75
1.0
1.0

1027.5
1.0
1.0

1035.0
1.0
1.0

1188.0
1.0
1.0

1224.75
1.0
1.0

1251.0
1.0
1.0

1296.0
1.0
1.0

1325.25
1.0
1.0

1368.0
1.0
1.0

1386.75
1.0
1.0

1395.75
1.0
1.0

1404.75
1.0
1.0

1431.75
1.0
1.0

1440.75
1.0
1.0

1451.25
1.0
1.0

1504.5
1.0
1.0

1577.25
1.0
1.0

1602.75
1.0
1.0

1621.5
1.0
1.0

1647.0
1.0
1.0

1665.0
1.0
1.0

1674.75
1.0
1.0

1684.5
1.0
1.0

1701.75
1.0
1.0

1746.0
1.0
1.0

1773.0
1.0
1.0

1802.25
1.0
1.0

2539.5
1.0
1.0

2565.75
1.0
1.0

2574.0
1.0
1.0

2673.0
1.0
1.0

2691.0
1.0
1.0

2710.5
1.0
1.0

2727.0
1.0
1.0

2738.25
1.0
1.0

2755.5
1.0
1.0

2782.5
1.0
1.0

2880.0
1.0
1.0

2891.25
1.0
1.0

2907.0
1.0
1.0

2936.25
1.0
1.0

2961.75
1.0
1.0

2988.75
1.0
1.0

3006.75
1.0
1.0

3015.75
1.0
1.0

3043.5
1.0
1.0

3061.5
1.0
1.0

3159.0
1.0
1.0

3169.5
1.0
1.0

3204.0
1.0
1.0

3213.0
1.0
1.0

3231.0
1.0
1.0

3267.75
1.0
1.0

3322.5
1.0
1.0

3348.0
1.0
1.0

