299.25
1.0
1.0

306.0
1.0
1.0

317.25
1.0
1.0

342.75
1.0
1.0

353.25
1.0
1.0

362.25
1.0
1.0

371.25
1.0
1.0

405.75
1.0
1.0

441.0
1.0
1.0

450.75
1.0
1.0

461.25
1.0
1.0

468.75
1.0
1.0

522.75
1.0
1.0

532.5
1.0
1.0

540.75
1.0
1.0

549.0
1.0
1.0

578.25
1.0
1.0

596.25
1.0
1.0

641.25
1.0
1.0

676.5
1.0
1.0

686.25
1.0
1.0

704.25
1.0
1.0

712.5
1.0
1.0

738.75
1.0
1.0

783.0
1.0
1.0

792.0
1.0
1.0

810.75
1.0
1.0

828.75
1.0
1.0

839.25
1.0
1.0

857.25
1.0
1.0

866.25
1.0
1.0

875.25
1.0
1.0

929.25
1.0
1.0

937.5
1.0
1.0

947.25
1.0
1.0

981.0
1.0
1.0

1828.5
1.0
1.0

1838.25
1.0
1.0

1872.75
1.0
1.0

1882.5
1.0
1.0

1908.75
1.0
1.0

1962.0
1.0
1.0

1971.0
1.0
1.0

1998.0
1.0
1.0

2026.5
1.0
1.0

2044.5
1.0
1.0

2080.5
1.0
1.0

2097.75
1.0
1.0

2107.5
1.0
1.0

2160.75
1.0
1.0

2169.75
1.0
1.0

2198.25
1.0
1.0

2214.0
1.0
1.0

2223.75
1.0
1.0

2232.75
1.0
1.0

2251.5
1.0
1.0

2260.5
1.0
1.0

2288.25
1.0
1.0

2295.0
1.0
1.0

2304.0
1.0
1.0

2322.75
1.0
1.0

2360.25
1.0
1.0

2368.5
1.0
1.0

2376.75
1.0
1.0

2387.25
1.0
1.0

2430.75
1.0
1.0

2439.0
1.0
1.0

2450.25
1.0
1.0

2485.5
1.0
1.0

2494.5
1.0
1.0

2504.25
1.0
1.0

2529.75
1.0
1.0

