299.5
2.0
1.0

337.75
2.0
1.0

354.25
2.0
1.0

417.25
2.0
1.0

473.5
2.0
1.0

501.25
2.0
1.0

545.5
2.0
1.0

562.0
2.0
1.0

617.5
2.0
1.0

632.5
2.0
1.0

679.0
2.0
1.0

695.5
2.0
1.0

715.0
2.0
1.0

770.5
2.0
1.0

901.75
2.0
1.0

913.75
2.0
1.0

958.0
2.0
1.0

976.0
2.0
1.0

1840.0
2.0
1.0

1885.75
2.0
1.0

1911.25
2.0
1.0

1930.75
2.0
1.0

1947.25
2.0
1.0

2001.25
2.0
1.0

2011.75
2.0
1.0

2063.5
2.0
1.0

2074.0
2.0
1.0

2135.5
2.0
1.0

2182.0
2.0
1.0

2190.25
2.0
1.0

2238.25
2.0
1.0

2252.5
2.0
1.0

2280.25
2.0
1.0

2297.5
2.0
1.0

2308.0
2.0
1.0

2361.25
2.0
1.0

