308.0
1.5
1.0

356.0
1.5
1.0

374.75
1.5
1.0

525.5
1.5
1.0

536.75
1.5
1.0

543.5
1.5
1.0

599.75
1.5
1.0

679.25
1.5
1.0

688.25
1.5
1.0

741.5
1.5
1.0

831.5
1.5
1.0

843.5
1.5
1.0

859.25
1.5
1.0

868.25
1.5
1.0

879.5
1.5
1.0

931.25
1.5
1.0

950.0
1.5
1.0

984.5
1.5
1.0

1875.5
1.5
1.0

1884.5
1.5
1.0

1965.5
1.5
1.0

2002.25
1.5
1.0

2048.0
1.5
1.0

2110.25
1.5
1.0

2164.25
1.5
1.0

2172.5
1.5
1.0

2234.75
1.5
1.0

2262.5
1.5
1.0

2291.75
1.5
1.0

2327.0
1.5
1.0

2371.25
1.5
1.0

2378.75
1.5
1.0

2391.5
1.5
1.0

2433.5
1.5
1.0

2488.25
1.5
1.0

2497.25
1.5
1.0

