18.75
1.0
1.0

28.5
1.0
1.0

36.0
1.0
1.0

54.0
1.0
1.0

81.75
1.0
1.0

117.0
1.0
1.0

126.75
1.0
1.0

135.75
1.0
1.0

145.5
1.0
1.0

164.25
1.0
1.0

180.0
1.0
1.0

198.0
1.0
1.0

236.25
1.0
1.0

243.0
1.0
1.0

261.75
1.0
1.0

279.75
1.0
1.0

297.75
1.0
1.0

308.25
1.0
1.0

316.5
1.0
1.0

324.0
1.0
1.0

333.0
1.0
1.0

360.75
1.0
1.0

378.75
1.0
1.0

387.75
1.0
1.0

398.25
1.0
1.0

414.75
1.0
1.0

442.5
1.0
1.0

468.0
1.0
1.0

513.0
1.0
1.0

522.75
1.0
1.0

586.5
1.0
1.0

612.0
1.0
1.0

630.75
1.0
1.0

639.75
1.0
1.0

648.0
1.0
1.0

675.75
1.0
1.0

