1.5
1.0
1.0

11.25
1.0
1.0

63.75
1.0
1.0

72.0
1.0
1.0

91.5
1.0
1.0

101.25
1.0
1.0

153.0
1.0
1.0

171.0
1.0
1.0

191.25
1.0
1.0

208.5
1.0
1.0

227.25
1.0
1.0

254.25
1.0
1.0

270.0
1.0
1.0

288.0
1.0
1.0

342.0
1.0
1.0

351.75
1.0
1.0

405.0
1.0
1.0

423.0
1.0
1.0

450.0
1.0
1.0

461.25
1.0
1.0

478.5
1.0
1.0

487.5
1.0
1.0

504.75
1.0
1.0

531.0
1.0
1.0

541.5
1.0
1.0

549.0
1.0
1.0

567.0
1.0
1.0

577.5
1.0
1.0

595.5
1.0
1.0

603.75
1.0
1.0

622.5
1.0
1.0

659.25
1.0
1.0

666.0
1.0
1.0

685.5
1.0
1.0

695.25
1.0
1.0

702.75
1.0
1.0

