2022.0
4.8
1.0

2032.0
4.8
1.0

2053.0
4.8
1.0

2108.5
4.8
1.0

2119.0
4.8
1.0

2136.0
4.8
1.0

2156.0
4.8
1.0

2165.5
4.8
1.0

2185.5
4.8
1.0

2232.5
4.8
1.0

2241.5
4.8
1.0

2260.0
4.8
1.0

2268.0
4.8
1.0

2278.5
4.8
1.0

2315.5
4.8
1.0

2375.0
4.8
1.0

2394.0
4.8
1.0

2404.0
4.8
1.0

2424.5
4.8
1.0

2433.5
4.8
1.0

2468.5
4.8
1.0

2507.0
4.8
1.0

2517.5
4.8
1.0

2527.0
4.8
1.0

2546.0
4.8
1.0

2554.5
4.8
1.0

2612.0
4.8
1.0

2621.5
4.8
1.0

2639.5
4.8
1.0

2649.0
4.8
1.0

2658.0
4.8
1.0

2667.0
4.8
1.0

2696.0
4.8
1.0

2716.5
4.8
1.0

2743.0
4.8
1.0

2772.0
4.8
1.0

2789.5
4.8
1.0

2798.5
4.8
1.0

2808.5
4.8
1.0

2819.0
4.8
1.0

2839.5
4.8
1.0

2849.5
4.8
1.0

2887.0
4.8
1.0

2906.5
4.8
1.0

2916.0
4.8
1.0

2961.5
4.8
1.0

2970.0
4.8
1.0

2980.5
4.8
1.0

3015.5
4.8
1.0

3024.5
4.8
1.0

3044.0
4.8
1.0

3053.5
4.8
1.0

3063.5
4.8
1.0

3083.0
4.8
1.0

3111.5
4.8
1.0

3157.0
4.8
1.0

3165.5
4.8
1.0

3225.0
4.8
1.0

3234.0
4.8
1.0

3242.5
4.8
1.0

3251.0
4.8
1.0

3278.5
4.8
1.0

3295.5
4.8
1.0

3304.5
4.8
1.0

3343.0
4.8
1.0

3360.5
4.8
1.0

3370.5
4.8
1.0

3380.5
4.8
1.0

3411.5
4.8
1.0

3420.0
4.8
1.0

3429.0
4.8
1.0

3457.5
4.8
1.0

3466.5
4.8
1.0

3474.0
4.8
1.0

3492.0
4.8
1.0

3503.5
4.8
1.0

3555.5
4.8
1.0

3565.0
4.8
1.0

3584.0
4.8
1.0

3593.5
4.8
1.0

3652.0
4.8
1.0

3671.0
4.8
1.0

3701.5
4.8
1.0

3744.0
4.8
1.0

3788.0
4.8
1.0

3814.0
4.8
1.0

3832.0
4.8
1.0

3869.5
4.8
1.0

3878.5
4.8
1.0

3886.5
4.8
1.0

3896.0
4.8
1.0

3922.0
4.8
1.0

3931.0
4.8
1.0

3940.5
4.8
1.0

3948.5
4.8
1.0

3972.0
4.8
1.0

