91.0
4.8
1.0

141.5
4.8
1.0

150.5
4.8
1.0

170.0
4.8
1.0

222.0
4.8
1.0

262.0
4.8
1.0

301.5
4.8
1.0

320.5
4.8
1.0

362.0
4.8
1.0

381.5
4.8
1.0

417.0
4.8
1.0

427.5
4.8
1.0

472.5
4.8
1.0

480.5
4.8
1.0

517.5
4.8
1.0

537.5
4.8
1.0

582.5
4.8
1.0

610.5
4.8
1.0

641.5
4.8
1.0

661.0
4.8
1.0

705.0
4.8
1.0

759.0
4.8
1.0

796.0
4.8
1.0

804.0
4.8
1.0

812.5
4.8
1.0

833.0
4.8
1.0

868.0
4.8
1.0

904.0
4.8
1.0

913.0
4.8
1.0

971.0
4.8
1.0

980.5
4.8
1.0

1012.5
4.8
1.0

1078.0
4.8
1.0

1125.5
4.8
1.0

1135.5
4.8
1.0

1190.5
4.8
1.0

1199.0
4.8
1.0

1208.0
4.8
1.0

1229.5
4.8
1.0

1272.5
4.8
1.0

1318.0
4.8
1.0

1381.0
4.8
1.0

1390.5
4.8
1.0

1411.5
4.8
1.0

1420.5
4.8
1.0

1438.5
4.8
1.0

1459.0
4.8
1.0

1479.5
4.8
1.0

1498.0
4.8
1.0

1508.5
4.8
1.0

1536.5
4.8
1.0

1553.0
4.8
1.0

1562.5
4.8
1.0

1606.0
4.8
1.0

1658.0
4.8
1.0

1693.5
4.8
1.0

1746.5
4.8
1.0

1787.0
4.8
1.0

1817.0
4.8
1.0

1827.0
4.8
1.0

1845.0
4.8
1.0

1928.0
4.8
1.0

1938.0
4.8
1.0

2003.5
4.8
1.0

