2049.3
4.8
1.0

2086.8
4.8
1.0

2095.3
4.8
1.0

2104.3
4.8
1.0

2152.8
4.8
1.0

2209.8
4.8
1.0

2311.8
4.8
1.0

2350.3
4.8
1.0

2360.8
4.8
1.0

2447.8
4.8
1.0

2464.3
4.8
1.0

2493.3
4.8
1.0

2542.3
4.8
1.0

2581.3
4.8
1.0

2598.8
4.8
1.0

2635.3
4.8
1.0

2682.3
4.8
1.0

2739.8
4.8
1.0

2759.3
4.8
1.0

2903.3
4.8
1.0

2947.8
4.8
1.0

2957.3
4.8
1.0

3003.3
4.8
1.0

3011.8
4.8
1.0

3041.3
4.8
1.0

3078.3
4.8
1.0

3096.8
4.8
1.0

3153.8
4.8
1.0

3190.3
4.8
1.0

3211.8
4.8
1.0

3221.3
4.8
1.0

3329.8
4.8
1.0

3442.8
4.8
1.0

3526.8
4.8
1.0

3551.8
4.8
1.0

3608.3
4.8
1.0

3639.3
4.8
1.0

3667.8
4.8
1.0

3715.8
4.8
1.0

3723.3
4.8
1.0

3732.8
4.8
1.0

3758.8
4.8
1.0

3785.8
4.8
1.0

3801.3
4.8
1.0

3854.8
4.8
1.0

3864.3
4.8
1.0

3911.3
4.8
1.0

3969.8
4.8
1.0

