2058.3
4.8
1.0

2114.3
4.8
1.0

2125.3
4.8
1.0

2142.3
4.8
1.0

2190.3
4.8
1.0

2264.8
4.8
1.0

2274.3
4.8
1.0

2400.3
4.8
1.0

2410.3
4.8
1.0

2474.8
4.8
1.0

2512.3
4.8
1.0

2522.3
4.8
1.0

2532.8
4.8
1.0

2550.8
4.8
1.0

2617.8
4.8
1.0

2627.3
4.8
1.0

2654.3
4.8
1.0

2663.8
4.8
1.0

2673.3
4.8
1.0

2702.3
4.8
1.0

2776.8
4.8
1.0

2794.8
4.8
1.0

2921.8
4.8
1.0

2976.3
4.8
1.0

3021.8
4.8
1.0

3059.3
4.8
1.0

3069.8
4.8
1.0

3087.8
4.8
1.0

3117.8
4.8
1.0

3170.3
4.8
1.0

3230.8
4.8
1.0

3247.8
4.8
1.0

3283.3
4.8
1.0

3347.8
4.8
1.0

3366.8
4.8
1.0

3376.8
4.8
1.0

3462.3
4.8
1.0

3570.3
4.8
1.0

3588.8
4.8
1.0

3599.8
4.8
1.0

3657.8
4.8
1.0

3677.3
4.8
1.0

3706.3
4.8
1.0

3837.3
4.8
1.0

3874.8
4.8
1.0

3901.8
4.8
1.0

3927.3
4.8
1.0

3945.8
4.8
1.0

