1001.25
1.0
1.0

1036.5
1.0
1.0

1090.5
1.0
1.0

1099.5
1.0
1.0

1161.0
1.0
1.0

1179.75
1.0
1.0

1206.0
1.0
1.0

1224.75
1.0
1.0

1243.5
1.0
1.0

1334.25
1.0
1.0

1341.0
1.0
1.0

1379.25
1.0
1.0

1414.5
1.0
1.0

1422.75
1.0
1.0

1441.5
1.0
1.0

1450.5
1.0
1.0

1458.0
1.0
1.0

1468.5
1.0
1.0

1485.75
1.0
1.0

1494.0
1.0
1.0

1503.75
1.0
1.0

1541.25
1.0
1.0

1568.25
1.0
1.0

1576.5
1.0
1.0

1613.25
1.0
1.0

1620.0
1.0
1.0

1666.5
1.0
1.0

1774.5
1.0
1.0

2549.25
1.0
1.0

2574.0
1.0
1.0

2583.75
1.0
1.0

2637.0
1.0
1.0

2729.25
1.0
1.0

2754.75
1.0
1.0

2781.0
1.0
1.0

2790.0
1.0
1.0

2800.5
1.0
1.0

2826.0
1.0
1.0

2835.75
1.0
1.0

2855.25
1.0
1.0

2862.75
1.0
1.0

2907.0
1.0
1.0

2916.0
1.0
1.0

2945.25
1.0
1.0

3024.75
1.0
1.0

3033.0
1.0
1.0

3053.25
1.0
1.0

3087.75
1.0
1.0

3204.0
1.0
1.0

3222.0
1.0
1.0

3251.25
1.0
1.0

3267.0
1.0
1.0

3287.25
1.0
1.0

3296.25
1.0
1.0

3303.0
1.0
1.0

3323.25
1.0
1.0

