1008.75
1.0
1.0

1019.25
1.0
1.0

1145.25
1.0
1.0

1152.0
1.0
1.0

1199.25
1.0
1.0

1217.25
1.0
1.0

1251.0
1.0
1.0

1261.5
1.0
1.0

1269.75
1.0
1.0

1289.25
1.0
1.0

1315.5
1.0
1.0

1368.0
1.0
1.0

1386.0
1.0
1.0

1432.5
1.0
1.0

1476.75
1.0
1.0

1514.25
1.0
1.0

1532.25
1.0
1.0

1631.25
1.0
1.0

1640.25
1.0
1.0

1657.5
1.0
1.0

1683.0
1.0
1.0

1692.0
1.0
1.0

1711.5
1.0
1.0

1721.25
1.0
1.0

1747.5
1.0
1.0

1765.5
1.0
1.0

1801.5
1.0
1.0

1818.0
1.0
1.0

2540.25
1.0
1.0

2565.0
1.0
1.0

2621.25
1.0
1.0

2628.0
1.0
1.0

2646.75
1.0
1.0

2655.75
1.0
1.0

2666.25
1.0
1.0

2691.0
1.0
1.0

2718.75
1.0
1.0

2747.25
1.0
1.0

2764.5
1.0
1.0

2772.0
1.0
1.0

2817.0
1.0
1.0

2880.75
1.0
1.0

2900.25
1.0
1.0

2934.75
1.0
1.0

2999.25
1.0
1.0

3017.25
1.0
1.0

3061.5
1.0
1.0

3096.0
1.0
1.0

3125.25
1.0
1.0

3160.5
1.0
1.0

3168.75
1.0
1.0

3177.0
1.0
1.0

3197.25
1.0
1.0

3213.75
1.0
1.0

3314.25
1.0
1.0

3341.25
1.0
1.0

