2979.5
4.8
1.0

2989.0
4.8
1.0

3008.0
4.8
1.0

3054.5
4.8
1.0

3064.5
4.8
1.0

3072.0
4.8
1.0

3083.5
4.8
1.0

3103.5
4.8
1.0

3112.0
4.8
1.0

3130.0
4.8
1.0

3140.0
4.8
1.0

3156.5
4.8
1.0

3184.5
4.8
1.0

3192.0
4.8
1.0

3208.0
4.8
1.0

3226.0
4.8
1.0

3247.5
4.8
1.0

3266.5
4.8
1.0

3283.5
4.8
1.0

3309.0
4.8
1.0

3319.0
4.8
1.0

3337.0
4.8
1.0

3372.0
4.8
1.0

3383.5
4.8
1.0

3392.5
4.8
1.0

3401.0
4.8
1.0

3421.5
4.8
1.0

3477.0
4.8
1.0

3520.0
4.8
1.0

3549.5
4.8
1.0

3568.5
4.8
1.0

3605.0
4.8
1.0

3643.0
4.8
1.0

3650.5
4.8
1.0

3679.5
4.8
1.0

3722.5
4.8
1.0

3748.0
4.8
1.0

3795.0
4.8
1.0

3805.5
4.8
1.0

3824.5
4.8
1.0

3832.0
4.8
1.0

3850.0
4.8
1.0

3858.5
4.8
1.0

3868.0
4.8
1.0

3879.0
4.8
1.0

3913.5
4.8
1.0

3923.0
4.8
1.0

3933.0
4.8
1.0

