28.5
1.0
1.0

65.25
1.0
1.0

82.5
1.0
1.0

92.25
1.0
1.0

126.75
1.0
1.0

135.0
1.0
1.0

163.5
1.0
1.0

181.5
1.0
1.0

207.75
1.0
1.0

216.0
1.0
1.0

243.0
1.0
1.0

289.5
1.0
1.0

315.0
1.0
1.0

324.75
1.0
1.0

335.25
1.0
1.0

342.0
1.0
1.0

360.0
1.0
1.0

371.25
1.0
1.0

406.5
1.0
1.0

416.25
1.0
1.0

423.0
1.0
1.0

441.75
1.0
1.0

459.75
1.0
1.0

477.0
1.0
1.0

487.5
1.0
1.0

496.5
1.0
1.0

532.5
1.0
1.0

540.0
1.0
1.0

550.5
1.0
1.0

576.0
1.0
1.0

603.75
1.0
1.0

614.25
1.0
1.0

657.75
1.0
1.0

666.0
1.0
1.0

693.75
1.0
1.0

702.75
1.0
1.0

