28.5
1.0
1.0

45.0
1.0
1.0

72.75
1.0
1.0

90.75
1.0
1.0

110.25
1.0
1.0

117.75
1.0
1.0

144.75
1.0
1.0

164.25
1.0
1.0

173.25
1.0
1.0

181.5
1.0
1.0

189.75
1.0
1.0

216.0
1.0
1.0

226.5
1.0
1.0

252.75
1.0
1.0

272.25
1.0
1.0

281.25
1.0
1.0

324.0
1.0
1.0

344.25
1.0
1.0

351.75
1.0
1.0

397.5
1.0
1.0

441.0
1.0
1.0

478.5
1.0
1.0

495.75
1.0
1.0

504.0
1.0
1.0

531.75
1.0
1.0

560.25
1.0
1.0

569.25
1.0
1.0

577.5
1.0
1.0

585.75
1.0
1.0

612.0
1.0
1.0

621.75
1.0
1.0

630.75
1.0
1.0

650.25
1.0
1.0

675.0
1.0
1.0

685.5
1.0
1.0

693.0
1.0
1.0

