1037.25
1.0
1.0

1098.75
1.0
1.0

1162.5
1.0
1.0

1171.5
1.0
1.0

1190.25
1.0
1.0

1215.0
1.0
1.0

1234.5
1.0
1.0

1242.0
1.0
1.0

1271.25
1.0
1.0

1306.5
1.0
1.0

1314.75
1.0
1.0

1333.5
1.0
1.0

1377.0
1.0
1.0

1387.5
1.0
1.0

1423.5
1.0
1.0

1433.25
1.0
1.0

1440.75
1.0
1.0

1496.25
1.0
1.0

1503.0
1.0
1.0

1550.25
1.0
1.0

1557.75
1.0
1.0

1586.25
1.0
1.0

1593.75
1.0
1.0

1604.25
1.0
1.0

1674.0
1.0
1.0

1746.0
1.0
1.0

1810.5
1.0
1.0

1818.0
1.0
1.0

1846.5
1.0
1.0

1863.0
1.0
1.0

1881.75
1.0
1.0

1935.0
1.0
1.0

1946.25
1.0
1.0

1973.25
1.0
1.0

1982.25
1.0
1.0

2016.0
1.0
1.0

2025.0
1.0
1.0

2043.0
1.0
1.0

2062.5
1.0
1.0

2107.5
1.0
1.0

2124.0
1.0
1.0

2143.5
1.0
1.0

2178.0
1.0
1.0

2234.25
1.0
1.0

2268.0
1.0
1.0

2288.25
1.0
1.0

2305.5
1.0
1.0

2385.0
1.0
1.0

2394.0
1.0
1.0

2431.5
1.0
1.0

2484.0
1.0
1.0

2520.75
1.0
1.0

2538.75
1.0
1.0

2574.0
1.0
1.0

2583.75
1.0
1.0

2602.5
1.0
1.0

