289.5
1.0
1.0

307.5
1.0
1.0

315.0
1.0
1.0

334.5
1.0
1.0

369.0
1.0
1.0

388.5
1.0
1.0

407.25
1.0
1.0

415.5
1.0
1.0

470.25
1.0
1.0

513.75
1.0
1.0

522.75
1.0
1.0

541.5
1.0
1.0

551.25
1.0
1.0

558.0
1.0
1.0

577.5
1.0
1.0

604.5
1.0
1.0

622.5
1.0
1.0

648.0
1.0
1.0

666.75
1.0
1.0

675.0
1.0
1.0

720.75
1.0
1.0

765.75
1.0
1.0

774.0
1.0
1.0

783.75
1.0
1.0

794.25
1.0
1.0

810.75
1.0
1.0

848.25
1.0
1.0

856.5
1.0
1.0

884.25
1.0
1.0

902.25
1.0
1.0

909.75
1.0
1.0

918.75
1.0
1.0

963.0
1.0
1.0

973.5
1.0
1.0

983.25
1.0
1.0

991.5
1.0
1.0

2666.25
1.0
1.0

2675.25
1.0
1.0

2683.5
1.0
1.0

2709.0
1.0
1.0

2718.0
1.0
1.0

2729.25
1.0
1.0

2738.25
1.0
1.0

2781.0
1.0
1.0

2809.5
1.0
1.0

2819.25
1.0
1.0

2826.0
1.0
1.0

2862.0
1.0
1.0

2908.5
1.0
1.0

2917.5
1.0
1.0

2925.75
1.0
1.0

2943.75
1.0
1.0

2970.0
1.0
1.0

2979.75
1.0
1.0

2997.0
1.0
1.0

3042.75
1.0
1.0

3052.5
1.0
1.0

3062.25
1.0
1.0

3069.75
1.0
1.0

3098.25
1.0
1.0

3114.75
1.0
1.0

3169.5
1.0
1.0

3188.25
1.0
1.0

3222.0
1.0
1.0

3241.5
1.0
1.0

3250.5
1.0
1.0

3269.25
1.0
1.0

3296.25
1.0
1.0

3313.5
1.0
1.0

3339.75
1.0
1.0

3350.25
1.0
1.0

3358.5
1.0
1.0

