311.5
2.0
1.0

318.25
2.0
1.0

337.0
2.0
1.0

392.5
2.0
1.0

445.0
2.0
1.0

471.25
2.0
1.0

481.0
2.0
1.0

500.5
2.0
1.0

562.75
2.0
1.0

589.0
2.0
1.0

599.5
2.0
1.0

635.5
2.0
1.0

708.25
2.0
1.0

775.75
2.0
1.0

823.0
2.0
1.0

906.25
2.0
1.0

921.25
2.0
1.0

930.25
2.0
1.0

2659.75
2.0
1.0

2677.0
2.0
1.0

2713.0
2.0
1.0

2794.0
2.0
1.0

2809.75
2.0
1.0

2858.5
2.0
1.0

2875.0
2.0
1.0

2910.25
2.0
1.0

2938.0
2.0
1.0

2947.0
2.0
1.0

2989.75
2.0
1.0

3035.5
2.0
1.0

3089.5
2.0
1.0

3153.25
2.0
1.0

3171.25
2.0
1.0

3200.5
2.0
1.0

3242.5
2.0
1.0

3360.25
2.0
1.0

