370.5
4.8
1.0

378.5
4.8
1.0

387.0
4.8
1.0

433.5
4.8
1.0

443.5
4.8
1.0

488.0
4.8
1.0

509.5
4.8
1.0

519.0
4.8
1.0

526.0
4.8
1.0

544.5
4.8
1.0

583.0
4.8
1.0

592.0
4.8
1.0

611.0
4.8
1.0

640.0
4.8
1.0

651.5
4.8
1.0

676.0
4.8
1.0

684.0
4.8
1.0

710.0
4.8
1.0

718.5
4.8
1.0

728.5
4.8
1.0

737.0
4.8
1.0

755.5
4.8
1.0

764.0
4.8
1.0

775.0
4.8
1.0

793.5
4.8
1.0

803.5
4.8
1.0

812.5
4.8
1.0

820.5
4.8
1.0

866.5
4.8
1.0

887.0
4.8
1.0

897.5
4.8
1.0

907.5
4.8
1.0

935.0
4.8
1.0

969.0
4.8
1.0

979.0
4.8
1.0

989.0
4.8
1.0

997.0
4.8
1.0

1056.5
4.8
1.0

1083.0
4.8
1.0

1109.0
4.8
1.0

1127.5
4.8
1.0

1185.5
4.8
1.0

1194.0
4.8
1.0

1212.0
4.8
1.0

1247.0
4.8
1.0

1266.0
4.8
1.0

1312.5
4.8
1.0

1323.0
4.8
1.0

3309.5
4.8
1.0

3318.0
4.8
1.0

3326.0
4.8
1.0

3334.0
4.8
1.0

3376.0
4.8
1.0

3384.5
4.8
1.0

3394.0
4.8
1.0

3403.5
4.8
1.0

3421.5
4.8
1.0

3438.0
4.8
1.0

3447.0
4.8
1.0

3464.5
4.8
1.0

3482.5
4.8
1.0

3501.5
4.8
1.0

3510.0
4.8
1.0

3519.0
4.8
1.0

3528.0
4.8
1.0

3554.0
4.8
1.0

3590.5
4.8
1.0

3599.0
4.8
1.0

3618.0
4.8
1.0

3656.5
4.8
1.0

3677.0
4.8
1.0

3707.5
4.8
1.0

3742.5
4.8
1.0

3763.0
4.8
1.0

3771.0
4.8
1.0

3818.0
4.8
1.0

3837.0
4.8
1.0

3847.5
4.8
1.0

3877.5
4.8
1.0

3912.0
4.8
1.0

3920.0
4.8
1.0

3929.0
4.8
1.0

3938.5
4.8
1.0

3958.5
4.8
1.0

3977.0
4.8
1.0

4017.0
4.8
1.0

4074.5
4.8
1.0

4102.5
4.8
1.0

4112.0
4.8
1.0

4171.5
4.8
1.0

4210.0
4.8
1.0

4221.5
4.8
1.0

4241.5
4.8
1.0

4251.0
4.8
1.0

4260.5
4.8
1.0

4269.0
4.8
1.0

