999.75
1.0
1.0

1008.0
1.0
1.0

1017.75
1.0
1.0

1026.0
1.0
1.0

1080.75
1.0
1.0

1089.75
1.0
1.0

1116.75
1.0
1.0

1152.75
1.0
1.0

1188.75
1.0
1.0

1377.75
1.0
1.0

1395.75
1.0
1.0

1422.0
1.0
1.0

1441.5
1.0
1.0

1469.25
1.0
1.0

1485.75
1.0
1.0

1494.75
1.0
1.0

1512.0
1.0
1.0

1577.25
1.0
1.0

1613.25
1.0
1.0

1656.0
1.0
1.0

1667.25
1.0
1.0

1675.5
1.0
1.0

1702.5
1.0
1.0

1711.5
1.0
1.0

1739.25
1.0
1.0

1755.0
1.0
1.0

1766.25
1.0
1.0

1792.5
1.0
1.0

2538.75
1.0
1.0

2585.25
1.0
1.0

2602.5
1.0
1.0

2630.25
1.0
1.0

2655.75
1.0
1.0

2665.5
1.0
1.0

2675.25
1.0
1.0

2718.0
1.0
1.0

2737.5
1.0
1.0

2764.5
1.0
1.0

2791.5
1.0
1.0

2837.25
1.0
1.0

2853.0
1.0
1.0

2898.75
1.0
1.0

2917.5
1.0
1.0

2963.25
1.0
1.0

2970.75
1.0
1.0

2980.5
1.0
1.0

3015.75
1.0
1.0

3044.25
1.0
1.0

3051.0
1.0
1.0

3071.25
1.0
1.0

3206.25
1.0
1.0

3215.25
1.0
1.0

3268.5
1.0
1.0

3276.75
1.0
1.0

3312.0
1.0
1.0

3321.0
1.0
1.0

