222.0
1.0
1.0

231.75
1.0
1.0

260.25
1.0
1.0

267.0
1.0
1.0

287.25
1.0
1.0

313.5
1.0
1.0

340.5
1.0
1.0

367.5
1.0
1.0

375.75
1.0
1.0

393.0
1.0
1.0

402.0
1.0
1.0

430.5
1.0
1.0

447.75
1.0
1.0

494.25
1.0
1.0

501.75
1.0
1.0

537.0
1.0
1.0

546.75
1.0
1.0

555.75
1.0
1.0

591.75
1.0
1.0

647.25
1.0
1.0

663.0
1.0
1.0

672.0
1.0
1.0

699.75
1.0
1.0

710.25
1.0
1.0

736.5
1.0
1.0

754.5
1.0
1.0

762.0
1.0
1.0

789.0
1.0
1.0

817.5
1.0
1.0

825.0
1.0
1.0

835.5
1.0
1.0

843.0
1.0
1.0

880.5
1.0
1.0

898.5
1.0
1.0

952.5
1.0
1.0

961.5
1.0
1.0

969.75
1.0
1.0

980.25
1.0
1.0

1007.25
1.0
1.0

1014.0
1.0
1.0

1025.25
1.0
1.0

1032.0
1.0
1.0

1869.0
1.0
1.0

1879.5
1.0
1.0

1896.0
1.0
1.0

1924.5
1.0
1.0

1941.75
1.0
1.0

1952.25
1.0
1.0

1959.75
1.0
1.0

1968.75
1.0
1.0

1995.0
1.0
1.0

2004.0
1.0
1.0

2040.0
1.0
1.0

2051.25
1.0
1.0

2077.5
1.0
1.0

2086.5
1.0
1.0

2095.5
1.0
1.0

2121.0
1.0
1.0

2157.75
1.0
1.0

2175.75
1.0
1.0

2213.25
1.0
1.0

2222.25
1.0
1.0

2274.75
1.0
1.0

2284.5
1.0
1.0

2292.0
1.0
1.0

2301.75
1.0
1.0

2346.0
1.0
1.0

2364.0
1.0
1.0

2375.25
1.0
1.0

2382.0
1.0
1.0

2409.0
1.0
1.0

2463.75
1.0
1.0

2499.0
1.0
1.0

2518.5
1.0
1.0

2535.75
1.0
1.0

2546.25
1.0
1.0

2553.75
1.0
1.0

2571.75
1.0
1.0

2589.75
1.0
1.0

2617.5
1.0
1.0

2634.0
1.0
1.0

2643.0
1.0
1.0

2661.0
1.0
1.0

2670.75
1.0
1.0

