1082.3
1.5
1.0

1159.8
1.5
1.0

1260.3
1.5
1.0

1280.3
1.5
1.0

1291.3
1.5
1.0

1379.3
1.5
1.0

1395.8
1.5
1.0

1441.8
1.5
1.0

1504.3
1.5
1.0

1566.3
1.5
1.0

1592.3
1.5
1.0

1744.3
1.5
1.0

1846.3
1.5
1.0

1887.3
1.5
1.0

1922.3
1.5
1.0

2039.8
1.5
1.0

2048.3
1.5
1.0

2140.8
1.5
1.0

2161.3
1.5
1.0

2228.3
1.5
1.0

2294.3
1.5
1.0

2313.8
1.5
1.0

2369.3
1.5
1.0

2395.3
1.5
1.0

2475.8
1.5
1.0

2642.8
1.5
1.0

2713.3
1.5
1.0

2748.8
1.5
1.0

2766.8
1.5
1.0

2804.3
1.5
1.0

2995.3
1.5
1.0

3004.8
1.5
1.0

