242.75
1.5
1.0

255.5
1.5
1.0

305.75
1.5
1.0

324.5
1.5
1.0

336.5
1.5
1.0

353.75
1.5
1.0

460.25
1.5
1.0

479.0
1.5
1.0

521.0
1.5
1.0

531.5
1.5
1.0

586.25
1.5
1.0

611.75
1.5
1.0

721.25
1.5
1.0

730.25
1.5
1.0

803.75
1.5
1.0

864.5
1.5
1.0

893.0
1.5
1.0

910.25
1.5
1.0

918.5
1.5
1.0

945.5
1.5
1.0

989.75
1.5
1.0

1862.75
1.5
1.0

1890.5
1.5
1.0

2027.75
1.5
1.0

2114.0
1.5
1.0

2135.0
1.5
1.0

2153.0
1.5
1.0

2187.5
1.5
1.0

2204.75
1.5
1.0

2231.75
1.5
1.0

2240.0
1.5
1.0

2252.0
1.5
1.0

2314.25
1.5
1.0

2323.25
1.5
1.0

2341.25
1.5
1.0

2358.5
1.5
1.0

2438.75
1.5
1.0

2450.0
1.5
1.0

2484.5
1.5
1.0

2530.25
1.5
1.0

2582.0
1.5
1.0

2630.75
1.5
1.0

