319.75
2.0
1.0

347.5
2.0
1.0

383.5
2.0
1.0

398.5
2.0
1.0

445.75
2.0
1.0

508.0
2.0
1.0

573.25
2.0
1.0

597.25
2.0
1.0

618.25
2.0
1.0

715.0
2.0
1.0

753.25
2.0
1.0

778.0
2.0
1.0

851.5
2.0
1.0

903.25
2.0
1.0

947.5
2.0
1.0

956.5
2.0
1.0

975.25
2.0
1.0

993.25
2.0
1.0

1902.25
2.0
1.0

1938.25
2.0
1.0

2038.0
2.0
1.0

2074.0
2.0
1.0

2129.5
2.0
1.0

2162.5
2.0
1.0

2209.0
2.0
1.0

2236.0
2.0
1.0

2254.75
2.0
1.0

2273.5
2.0
1.0

2310.25
2.0
1.0

2332.75
2.0
1.0

2354.5
2.0
1.0

2388.25
2.0
1.0

2443.0
2.0
1.0

2450.5
2.0
1.0

2470.75
2.0
1.0

2533.0
2.0
1.0

