2193.0
4.8
1.0

2210.0
4.8
1.0

2244.0
4.8
1.0

2265.0
4.8
1.0

2272.5
4.8
1.0

2310.0
4.8
1.0

2345.0
4.8
1.0

2400.0
4.8
1.0

2430.0
4.8
1.0

2455.5
4.8
1.0

2483.0
4.8
1.0

2492.5
4.8
1.0

2577.5
4.8
1.0

2648.0
4.8
1.0

2666.5
4.8
1.0

2712.0
4.8
1.0

2721.0
4.8
1.0

2750.5
4.8
1.0

2825.0
4.8
1.0

2854.5
4.8
1.0

2870.5
4.8
1.0

2898.0
4.8
1.0

2955.0
4.8
1.0

2973.0
4.8
1.0

2982.5
4.8
1.0

3023.0
4.8
1.0

3033.5
4.8
1.0

3052.5
4.8
1.0

3072.5
4.8
1.0

3108.5
4.8
1.0

3125.0
4.8
1.0

3132.0
4.8
1.0

