3148.5
4.8
1.0

3167.0
4.8
1.0

3176.5
4.8
1.0

3206.5
4.8
1.0

3217.5
4.8
1.0

3236.5
4.8
1.0

3254.5
4.8
1.0

3264.0
4.8
1.0

3281.0
4.8
1.0

3290.5
4.8
1.0

3300.0
4.8
1.0

3319.5
4.8
1.0

3336.5
4.8
1.0

3391.5
4.8
1.0

3416.0
4.8
1.0

3426.5
4.8
1.0

3447.5
4.8
1.0

3474.5
4.8
1.0

3492.5
4.8
1.0

3533.5
4.8
1.0

3552.0
4.8
1.0

3578.5
4.8
1.0

3608.0
4.8
1.0

3617.0
4.8
1.0

3627.5
4.8
1.0

3646.0
4.8
1.0

3654.5
4.8
1.0

3700.0
4.8
1.0

3708.0
4.8
1.0

3716.5
4.8
1.0

3735.0
4.8
1.0

3752.0
4.8
1.0

3772.0
4.8
1.0

3781.5
4.8
1.0

3834.5
4.8
1.0

3872.5
4.8
1.0

3881.5
4.8
1.0

3891.5
4.8
1.0

3901.0
4.8
1.0

3918.5
4.8
1.0

3958.5
4.8
1.0

3975.5
4.8
1.0

3985.5
4.8
1.0

3994.0
4.8
1.0

4012.5
4.8
1.0

4060.5
4.8
1.0

4089.0
4.8
1.0

4114.5
4.8
1.0

