3159.0
4.8
1.0

3187.5
4.8
1.0

3227.5
4.8
1.0

3245.5
4.8
1.0

3273.0
4.8
1.0

3329.0
4.8
1.0

3344.5
4.8
1.0

3355.0
4.8
1.0

3363.5
4.8
1.0

3382.5
4.8
1.0

3400.0
4.8
1.0

3408.0
4.8
1.0

3436.5
4.8
1.0

3457.0
4.8
1.0

3466.0
4.8
1.0

3484.5
4.8
1.0

3502.5
4.8
1.0

3513.5
4.8
1.0

3543.5
4.8
1.0

3560.5
4.8
1.0

3568.5
4.8
1.0

3589.0
4.8
1.0

3636.0
4.8
1.0

3674.0
4.8
1.0

3683.5
4.8
1.0

3692.0
4.8
1.0

3725.5
4.8
1.0

3743.0
4.8
1.0

3763.5
4.8
1.0

3798.5
4.8
1.0

3806.5
4.8
1.0

3815.5
4.8
1.0

3824.0
4.8
1.0

3845.0
4.8
1.0

3862.0
4.8
1.0

3911.0
4.8
1.0

3938.5
4.8
1.0

3948.5
4.8
1.0

3966.0
4.8
1.0

4003.5
4.8
1.0

4023.5
4.8
1.0

4033.0
4.8
1.0

4043.0
4.8
1.0

4053.0
4.8
1.0

4070.0
4.8
1.0

4079.5
4.8
1.0

4096.5
4.8
1.0

4104.0
4.8
1.0

