0.0
1.0
1.0

9.75
1.0
1.0

27.0
1.0
1.0

54.75
1.0
1.0

65.25
1.0
1.0

83.25
1.0
1.0

117.0
1.0
1.0

145.5
1.0
1.0

153.0
1.0
1.0

191.25
1.0
1.0

200.25
1.0
1.0

209.25
1.0
1.0

216.0
1.0
1.0

225.0
1.0
1.0

270.0
1.0
1.0

279.75
1.0
1.0

326.25
1.0
1.0

343.5
1.0
1.0

351.0
1.0
1.0

389.25
1.0
1.0

443.25
1.0
1.0

451.5
1.0
1.0

495.0
1.0
1.0

504.0
1.0
1.0

522.0
1.0
1.0

542.25
1.0
1.0

549.75
1.0
1.0

577.5
1.0
1.0

586.5
1.0
1.0

605.25
1.0
1.0

612.0
1.0
1.0

639.75
1.0
1.0

659.25
1.0
1.0

666.0
1.0
1.0

685.5
1.0
1.0

702.75
1.0
1.0

