1087.5
4.8
1.0

1173.0
4.8
1.0

1183.0
4.8
1.0

1192.5
4.8
1.0

1222.5
4.8
1.0

1263.5
4.8
1.0

1273.5
4.8
1.0

1312.5
4.8
1.0

1332.5
4.8
1.0

1386.0
4.8
1.0

1405.5
4.8
1.0

1414.0
4.8
1.0

1432.5
4.8
1.0

1451.0
4.8
1.0

1468.0
4.8
1.0

1476.5
4.8
1.0

1494.0
4.8
1.0

1515.0
4.8
1.0

1524.5
4.8
1.0

1535.5
4.8
1.0

1544.0
4.8
1.0

1666.5
4.8
1.0

1695.0
4.8
1.0

1714.0
4.8
1.0

1770.5
4.8
1.0

1780.0
4.8
1.0

1852.0
4.8
1.0

1871.0
4.8
1.0

1891.5
4.8
1.0

1934.5
4.8
1.0

1978.5
4.8
1.0

2015.0
4.8
1.0

3018.5
4.8
1.0

3029.0
4.8
1.0

3046.0
4.8
1.0

3056.5
4.8
1.0

3132.0
4.8
1.0

3149.5
4.8
1.0

3169.0
4.8
1.0

3215.0
4.8
1.0

3245.0
4.8
1.0

3255.5
4.8
1.0

3283.5
4.8
1.0

3292.5
4.8
1.0

3321.0
4.8
1.0

3336.5
4.8
1.0

3357.0
4.8
1.0

3377.5
4.8
1.0

3386.0
4.8
1.0

3394.5
4.8
1.0

3523.0
4.8
1.0

3570.0
4.8
1.0

3590.0
4.8
1.0

3615.5
4.8
1.0

3658.0
4.8
1.0

3695.0
4.8
1.0

3742.5
4.8
1.0

3798.0
4.8
1.0

3826.5
4.8
1.0

3844.0
4.8
1.0

3852.0
4.8
1.0

3928.5
4.8
1.0

3937.5
4.8
1.0

3965.0
4.8
1.0

