90.5
4.8
1.0

109.5
4.8
1.0

158.0
4.8
1.0

185.0
4.8
1.0

202.0
4.8
1.0

211.5
4.8
1.0

240.0
4.8
1.0

275.5
4.8
1.0

285.5
4.8
1.0

302.5
4.8
1.0

310.0
4.8
1.0

328.0
4.8
1.0

346.0
4.8
1.0

364.5
4.8
1.0

384.0
4.8
1.0

392.0
4.8
1.0

402.5
4.8
1.0

410.5
4.8
1.0

448.5
4.8
1.0

468.5
4.8
1.0

489.5
4.8
1.0

526.0
4.8
1.0

534.0
4.8
1.0

550.5
4.8
1.0

604.0
4.8
1.0

614.5
4.8
1.0

625.5
4.8
1.0

664.5
4.8
1.0

684.0
4.8
1.0

693.5
4.8
1.0

703.0
4.8
1.0

729.0
4.8
1.0

749.5
4.8
1.0

758.5
4.8
1.0

766.5
4.8
1.0

784.5
4.8
1.0

803.0
4.8
1.0

812.5
4.8
1.0

855.0
4.8
1.0

883.5
4.8
1.0

912.0
4.8
1.0

939.5
4.8
1.0

972.0
4.8
1.0

981.5
4.8
1.0

1011.5
4.8
1.0

1020.5
4.8
1.0

1030.5
4.8
1.0

1039.0
4.8
1.0

2032.5
4.8
1.0

2079.0
4.8
1.0

2109.5
4.8
1.0

2147.0
4.8
1.0

2165.5
4.8
1.0

2204.0
4.8
1.0

2232.5
4.8
1.0

2268.5
4.8
1.0

2278.0
4.8
1.0

2286.0
4.8
1.0

2294.5
4.8
1.0

2314.5
4.8
1.0

2323.5
4.8
1.0

2333.5
4.8
1.0

2371.0
4.8
1.0

2381.0
4.8
1.0

2388.0
4.8
1.0

2434.0
4.8
1.0

2454.5
4.8
1.0

2474.0
4.8
1.0

2493.0
4.8
1.0

2513.5
4.8
1.0

2532.5
4.8
1.0

2551.5
4.8
1.0

2585.5
4.8
1.0

2614.0
4.8
1.0

2622.5
4.8
1.0

2638.5
4.8
1.0

2655.0
4.8
1.0

2684.0
4.8
1.0

2713.0
4.8
1.0

2721.0
4.8
1.0

2746.5
4.8
1.0

2755.5
4.8
1.0

2773.0
4.8
1.0

2781.5
4.8
1.0

2816.5
4.8
1.0

2824.5
4.8
1.0

2833.5
4.8
1.0

2853.5
4.8
1.0

2889.0
4.8
1.0

2909.0
4.8
1.0

2919.0
4.8
1.0

2928.5
4.8
1.0

2937.5
4.8
1.0

2966.0
4.8
1.0

2982.5
4.8
1.0

2990.0
4.8
1.0

