1062.3
4.8
1.0

1209.3
4.8
1.0

1258.3
4.8
1.0

1289.3
4.8
1.0

1365.3
4.8
1.0

1577.3
4.8
1.0

1586.3
4.8
1.0

1606.3
4.8
1.0

1625.8
4.8
1.0

1635.8
4.8
1.0

1691.3
4.8
1.0

1759.8
4.8
1.0

1767.3
4.8
1.0

1793.8
4.8
1.0

1930.8
4.8
1.0

2010.3
4.8
1.0

3006.3
4.8
1.0

3070.8
4.8
1.0

3164.3
4.8
1.0

3211.3
4.8
1.0

3240.8
4.8
1.0

3279.3
4.8
1.0

3333.8
4.8
1.0

3475.8
4.8
1.0

3519.3
4.8
1.0

3557.8
4.8
1.0

3673.3
4.8
1.0

3708.8
4.8
1.0

3738.3
4.8
1.0

3840.3
4.8
1.0

3866.8
4.8
1.0

3905.3
4.8
1.0

