1101.3
4.8
1.0

1130.3
4.8
1.0

1148.3
4.8
1.0

1218.8
4.8
1.0

1298.8
4.8
1.0

1308.8
4.8
1.0

1383.3
4.8
1.0

1465.3
4.8
1.0

1490.8
4.8
1.0

1510.3
4.8
1.0

1644.8
4.8
1.0

1801.8
4.8
1.0

1821.3
4.8
1.0

1887.3
4.8
1.0

1956.3
4.8
1.0

2029.8
4.8
1.0

3015.3
4.8
1.0

3352.3
4.8
1.0

3416.8
4.8
1.0

3436.3
4.8
1.0

3483.8
4.8
1.0

3511.8
4.8
1.0

3549.3
4.8
1.0

3586.8
4.8
1.0

3611.8
4.8
1.0

3655.3
4.8
1.0

3728.8
4.8
1.0

3765.3
4.8
1.0

3886.8
4.8
1.0

3896.3
4.8
1.0

3914.3
4.8
1.0

3961.3
4.8
1.0

