1053.8
4.8
1.0

1082.8
4.8
1.0

1120.3
4.8
1.0

1159.8
4.8
1.0

1169.3
4.8
1.0

1328.8
4.8
1.0

1356.8
4.8
1.0

1400.8
4.8
1.0

1567.3
4.8
1.0

1616.3
4.8
1.0

1652.8
4.8
1.0

1662.3
4.8
1.0

1730.8
4.8
1.0

1810.8
4.8
1.0

1867.3
4.8
1.0

1993.3
4.8
1.0

3100.3
4.8
1.0

3111.3
4.8
1.0

3121.8
4.8
1.0

3129.8
4.8
1.0

3230.3
4.8
1.0

3309.3
4.8
1.0

3317.8
4.8
1.0

3372.3
4.8
1.0

3447.3
4.8
1.0

3457.3
4.8
1.0

3466.8
4.8
1.0

3680.8
4.8
1.0

3784.8
4.8
1.0

3823.3
4.8
1.0

3876.3
4.8
1.0

3953.3
4.8
1.0

