20.25
1.0
1.0

28.5
1.0
1.0

38.25
1.0
1.0

45.75
1.0
1.0

64.5
1.0
1.0

81.75
1.0
1.0

92.25
1.0
1.0

108.75
1.0
1.0

126.75
1.0
1.0

135.0
1.0
1.0

145.5
1.0
1.0

191.25
1.0
1.0

225.0
1.0
1.0

243.75
1.0
1.0

254.25
1.0
1.0

262.5
1.0
1.0

281.25
1.0
1.0

297.75
1.0
1.0

351.75
1.0
1.0

360.0
1.0
1.0

379.5
1.0
1.0

387.75
1.0
1.0

416.25
1.0
1.0

424.5
1.0
1.0

468.75
1.0
1.0

477.0
1.0
1.0

486.0
1.0
1.0

540.75
1.0
1.0

559.5
1.0
1.0

567.0
1.0
1.0

594.75
1.0
1.0

612.75
1.0
1.0

621.0
1.0
1.0

666.0
1.0
1.0

677.25
1.0
1.0

686.25
1.0
1.0

