20.25
1.0
1.0

36.0
1.0
1.0

56.25
1.0
1.0

99.0
1.0
1.0

144.75
1.0
1.0

155.25
1.0
1.0

189.0
1.0
1.0

199.5
1.0
1.0

207.0
1.0
1.0

226.5
1.0
1.0

254.25
1.0
1.0

261.75
1.0
1.0

281.25
1.0
1.0

324.0
1.0
1.0

334.5
1.0
1.0

351.0
1.0
1.0

370.5
1.0
1.0

380.25
1.0
1.0

406.5
1.0
1.0

415.5
1.0
1.0

442.5
1.0
1.0

477.75
1.0
1.0

488.25
1.0
1.0

515.25
1.0
1.0

533.25
1.0
1.0

542.25
1.0
1.0

567.0
1.0
1.0

578.25
1.0
1.0

603.75
1.0
1.0

612.75
1.0
1.0

622.5
1.0
1.0

650.25
1.0
1.0

659.25
1.0
1.0

675.75
1.0
1.0

693.75
1.0
1.0

704.25
1.0
1.0

