39.0
4.8
1.0

65.5
4.8
1.0

92.5
4.8
1.0

102.0
4.8
1.0

146.0
4.8
1.0

173.0
4.8
1.0

201.5
4.8
1.0

211.5
4.8
1.0

238.0
4.8
1.0

256.5
4.8
1.0

265.5
4.8
1.0

294.5
4.8
1.0

302.0
4.8
1.0

319.0
4.8
1.0

328.0
4.8
1.0

347.0
4.8
1.0

402.0
4.8
1.0

412.0
4.8
1.0

423.5
4.8
1.0

432.5
4.8
1.0

449.5
4.8
1.0

477.0
4.8
1.0

486.5
4.8
1.0

505.0
4.8
1.0

524.0
4.8
1.0

572.0
4.8
1.0

581.5
4.8
1.0

591.0
4.8
1.0

601.0
4.8
1.0

619.0
4.8
1.0

658.0
4.8
1.0

666.5
4.8
1.0

684.0
4.8
1.0

693.0
4.8
1.0

722.0
4.8
1.0

740.5
4.8
1.0

778.0
4.8
1.0

786.5
4.8
1.0

794.0
4.8
1.0

802.5
4.8
1.0

838.5
4.8
1.0

848.0
4.8
1.0

886.0
4.8
1.0

905.5
4.8
1.0

914.0
4.8
1.0

932.5
4.8
1.0

943.5
4.8
1.0

953.5
4.8
1.0

