1.5
1.0
1.0

10.5
1.0
1.0

29.25
1.0
1.0

38.25
1.0
1.0

56.25
1.0
1.0

63.0
1.0
1.0

118.5
1.0
1.0

127.5
1.0
1.0

144.0
1.0
1.0

155.25
1.0
1.0

198.0
1.0
1.0

216.0
1.0
1.0

226.5
1.0
1.0

252.0
1.0
1.0

279.0
1.0
1.0

316.5
1.0
1.0

325.5
1.0
1.0

361.5
1.0
1.0

369.75
1.0
1.0

398.25
1.0
1.0

405.75
1.0
1.0

425.25
1.0
1.0

432.0
1.0
1.0

459.0
1.0
1.0

488.25
1.0
1.0

496.5
1.0
1.0

505.5
1.0
1.0

531.0
1.0
1.0

542.25
1.0
1.0

568.5
1.0
1.0

578.25
1.0
1.0

631.5
1.0
1.0

650.25
1.0
1.0

668.25
1.0
1.0

685.5
1.0
1.0

695.25
1.0
1.0

