1010.25
1.0
1.0

1026.0
1.0
1.0

1035.75
1.0
1.0

1081.5
1.0
1.0

1098.75
1.0
1.0

1163.25
1.0
1.0

1197.75
1.0
1.0

1269.0
1.0
1.0

1278.0
1.0
1.0

1316.25
1.0
1.0

1386.75
1.0
1.0

1404.0
1.0
1.0

1413.0
1.0
1.0

1440.75
1.0
1.0

1449.0
1.0
1.0

1467.0
1.0
1.0

1539.75
1.0
1.0

1548.0
1.0
1.0

1593.75
1.0
1.0

1602.75
1.0
1.0

1630.5
1.0
1.0

1649.25
1.0
1.0

1657.5
1.0
1.0

1665.0
1.0
1.0

1719.75
1.0
1.0

1755.0
1.0
1.0

1775.25
1.0
1.0

1819.5
1.0
1.0

1847.25
1.0
1.0

1854.75
1.0
1.0

1863.0
1.0
1.0

1935.0
1.0
1.0

1946.25
1.0
1.0

1962.75
1.0
1.0

1998.0
1.0
1.0

2009.25
1.0
1.0

2052.0
1.0
1.0

2061.0
1.0
1.0

2079.0
1.0
1.0

2088.75
1.0
1.0

2116.5
1.0
1.0

2124.0
1.0
1.0

2169.75
1.0
1.0

2189.25
1.0
1.0

2268.75
1.0
1.0

2286.0
1.0
1.0

2341.5
1.0
1.0

2376.75
1.0
1.0

2385.0
1.0
1.0

2405.25
1.0
1.0

2421.75
1.0
1.0

2475.0
1.0
1.0

2486.25
1.0
1.0

2520.0
1.0
1.0

2540.25
1.0
1.0

2583.0
1.0
1.0

