999.75
1.0
1.0

1010.25
1.0
1.0

1017.0
1.0
1.0

1026.0
1.0
1.0

1036.5
1.0
1.0

1055.25
1.0
1.0

1098.0
1.0
1.0

1161.0
1.0
1.0

1207.5
1.0
1.0

1297.5
1.0
1.0

1323.0
1.0
1.0

1361.25
1.0
1.0

1404.0
1.0
1.0

1458.0
1.0
1.0

1557.75
1.0
1.0

1586.25
1.0
1.0

1593.75
1.0
1.0

1602.0
1.0
1.0

1621.5
1.0
1.0

1656.0
1.0
1.0

1721.25
1.0
1.0

1728.75
1.0
1.0

1739.25
1.0
1.0

1757.25
1.0
1.0

1775.25
1.0
1.0

1793.25
1.0
1.0

1802.25
1.0
1.0

1811.25
1.0
1.0

1846.5
1.0
1.0

1881.0
1.0
1.0

1890.0
1.0
1.0

1935.0
1.0
1.0

1971.75
1.0
1.0

2026.5
1.0
1.0

2072.25
1.0
1.0

2098.5
1.0
1.0

2207.25
1.0
1.0

2233.5
1.0
1.0

2241.0
1.0
1.0

2277.0
1.0
1.0

2286.75
1.0
1.0

2295.75
1.0
1.0

2315.25
1.0
1.0

2340.75
1.0
1.0

2358.75
1.0
1.0

2368.5
1.0
1.0

2431.5
1.0
1.0

2441.25
1.0
1.0

2449.5
1.0
1.0

2485.5
1.0
1.0

2504.25
1.0
1.0

2574.0
1.0
1.0

2583.75
1.0
1.0

2611.5
1.0
1.0

2620.5
1.0
1.0

2639.25
1.0
1.0

