298.5
1.0
1.0

315.75
1.0
1.0

325.5
1.0
1.0

351.0
1.0
1.0

380.25
1.0
1.0

389.25
1.0
1.0

424.5
1.0
1.0

432.0
1.0
1.0

460.5
1.0
1.0

486.0
1.0
1.0

495.0
1.0
1.0

515.25
1.0
1.0

532.5
1.0
1.0

549.0
1.0
1.0

568.5
1.0
1.0

577.5
1.0
1.0

585.75
1.0
1.0

630.0
1.0
1.0

640.5
1.0
1.0

677.25
1.0
1.0

684.75
1.0
1.0

704.25
1.0
1.0

711.0
1.0
1.0

722.25
1.0
1.0

730.5
1.0
1.0

766.5
1.0
1.0

785.25
1.0
1.0

792.75
1.0
1.0

837.0
1.0
1.0

857.25
1.0
1.0

901.5
1.0
1.0

911.25
1.0
1.0

918.0
1.0
1.0

927.75
1.0
1.0

945.0
1.0
1.0

963.75
1.0
1.0

2692.5
1.0
1.0

2700.75
1.0
1.0

2720.25
1.0
1.0

2727.75
1.0
1.0

2737.5
1.0
1.0

2790.75
1.0
1.0

2835.0
1.0
1.0

2853.0
1.0
1.0

2890.5
1.0
1.0

2907.75
1.0
1.0

2925.75
1.0
1.0

2935.5
1.0
1.0

2952.75
1.0
1.0

2970.0
1.0
1.0

2981.25
1.0
1.0

2997.0
1.0
1.0

3006.0
1.0
1.0

3026.25
1.0
1.0

3033.0
1.0
1.0

3042.75
1.0
1.0

3053.25
1.0
1.0

3087.75
1.0
1.0

3106.5
1.0
1.0

3114.75
1.0
1.0

3151.5
1.0
1.0

3197.25
1.0
1.0

3206.25
1.0
1.0

3213.0
1.0
1.0

3222.75
1.0
1.0

3241.5
1.0
1.0

3259.5
1.0
1.0

3267.0
1.0
1.0

3313.5
1.0
1.0

3322.5
1.0
1.0

3332.25
1.0
1.0

3339.0
1.0
1.0

