339.25
2.0
1.0

355.75
2.0
1.0

373.0
2.0
1.0

382.75
2.0
1.0

400.75
2.0
1.0

436.0
2.0
1.0

451.75
2.0
1.0

524.5
2.0
1.0

537.25
2.0
1.0

641.5
2.0
1.0

661.0
2.0
1.0

724.75
2.0
1.0

778.0
2.0
1.0

875.5
2.0
1.0

886.75
2.0
1.0

894.25
2.0
1.0

941.5
2.0
1.0

975.25
2.0
1.0

2669.5
2.0
1.0

2740.0
2.0
1.0

2785.0
2.0
1.0

2794.75
2.0
1.0

2811.25
2.0
1.0

2866.75
2.0
1.0

2928.25
2.0
1.0

2940.25
2.0
1.0

2948.5
2.0
1.0

2954.5
2.0
1.0

3044.5
2.0
1.0

3102.25
2.0
1.0

3119.5
2.0
1.0

3260.5
2.0
1.0

3287.5
2.0
1.0

3331.75
2.0
1.0

3342.25
2.0
1.0

3349.75
2.0
1.0

