472.75
2.0
1.0

499.0
2.0
1.0

517.75
2.0
1.0

553.0
2.0
1.0

562.0
2.0
1.0

573.25
2.0
1.0

606.25
2.0
1.0

614.5
2.0
1.0

624.25
2.0
1.0

703.75
2.0
1.0

732.25
2.0
1.0

741.25
2.0
1.0

805.75
2.0
1.0

868.0
2.0
1.0

922.75
2.0
1.0

959.5
2.0
1.0

965.5
2.0
1.0

986.5
2.0
1.0

2657.5
2.0
1.0

2720.5
2.0
1.0

2758.0
2.0
1.0

2776.75
2.0
1.0

2875.0
2.0
1.0

2893.0
2.0
1.0

2902.75
2.0
1.0

2974.75
2.0
1.0

3010.75
2.0
1.0

3037.0
2.0
1.0

3155.5
2.0
1.0

3189.25
2.0
1.0

3199.0
2.0
1.0

3242.5
2.0
1.0

3252.25
2.0
1.0

3272.5
2.0
1.0

3307.75
2.0
1.0

3322.75
2.0
1.0

