36.0
1.0
1.0

45.75
1.0
1.0

65.25
1.0
1.0

72.0
1.0
1.0

99.0
1.0
1.0

109.5
1.0
1.0

119.25
1.0
1.0

135.75
1.0
1.0

162.0
1.0
1.0

180.0
1.0
1.0

200.25
1.0
1.0

209.25
1.0
1.0

225.0
1.0
1.0

245.25
1.0
1.0

252.0
1.0
1.0

262.5
1.0
1.0

270.75
1.0
1.0

290.25
1.0
1.0

324.0
1.0
1.0

333.75
1.0
1.0

351.75
1.0
1.0

371.25
1.0
1.0

396.75
1.0
1.0

441.75
1.0
1.0

468.75
1.0
1.0

477.0
1.0
1.0

496.5
1.0
1.0

506.25
1.0
1.0

532.5
1.0
1.0

550.5
1.0
1.0

578.25
1.0
1.0

585.75
1.0
1.0

630.75
1.0
1.0

650.25
1.0
1.0

666.0
1.0
1.0

684.75
1.0
1.0

