0.75
1.0
1.0

10.5
1.0
1.0

18.0
1.0
1.0

27.0
1.0
1.0

81.0
1.0
1.0

92.25
1.0
1.0

126.75
1.0
1.0

144.75
1.0
1.0

172.5
1.0
1.0

191.25
1.0
1.0

234.0
1.0
1.0

281.25
1.0
1.0

297.0
1.0
1.0

306.75
1.0
1.0

315.75
1.0
1.0

344.25
1.0
1.0

360.0
1.0
1.0

387.75
1.0
1.0

407.25
1.0
1.0

416.25
1.0
1.0

425.25
1.0
1.0

432.75
1.0
1.0

451.5
1.0
1.0

488.25
1.0
1.0

514.5
1.0
1.0

540.75
1.0
1.0

559.5
1.0
1.0

567.75
1.0
1.0

605.25
1.0
1.0

612.75
1.0
1.0

622.5
1.0
1.0

641.25
1.0
1.0

658.5
1.0
1.0

676.5
1.0
1.0

695.25
1.0
1.0

704.25
1.0
1.0

