1213.5
4.8
1.0

1222.5
4.8
1.0

1238.0
4.8
1.0

1248.0
4.8
1.0

1274.5
4.8
1.0

1291.0
4.8
1.0

1298.5
4.8
1.0

1307.5
4.8
1.0

1325.5
4.8
1.0

1342.5
4.8
1.0

1397.5
4.8
1.0

1415.5
4.8
1.0

1424.5
4.8
1.0

1434.5
4.8
1.0

1444.5
4.8
1.0

1474.5
4.8
1.0

1482.5
4.8
1.0

1523.5
4.8
1.0

1560.0
4.8
1.0

1576.0
4.8
1.0

1585.0
4.8
1.0

1595.0
4.8
1.0

1615.5
4.8
1.0

1644.0
4.8
1.0

1663.0
4.8
1.0

1688.0
4.8
1.0

1696.5
4.8
1.0

1704.5
4.8
1.0

1740.5
4.8
1.0

1751.0
4.8
1.0

1788.5
4.8
1.0

1835.0
4.8
1.0

1888.5
4.8
1.0

1897.5
4.8
1.0

1925.5
4.8
1.0

1944.0
4.8
1.0

1980.0
4.8
1.0

1988.0
4.8
1.0

2015.0
4.8
1.0

2024.0
4.8
1.0

2035.0
4.8
1.0

2055.5
4.8
1.0

2075.5
4.8
1.0

2092.0
4.8
1.0

2100.5
4.8
1.0

2126.5
4.8
1.0

2135.0
4.8
1.0

2163.0
4.8
1.0

