2.25
1.0
1.0

10.5
1.0
1.0

28.5
1.0
1.0

36.75
1.0
1.0

81.0
1.0
1.0

90.75
1.0
1.0

128.25
1.0
1.0

182.25
1.0
1.0

226.5
1.0
1.0

243.0
1.0
1.0

253.5
1.0
1.0

279.75
1.0
1.0

299.25
1.0
1.0

342.0
1.0
1.0

362.25
1.0
1.0

397.5
1.0
1.0

405.75
1.0
1.0

414.0
1.0
1.0

423.75
1.0
1.0

470.25
1.0
1.0

477.75
1.0
1.0

486.0
1.0
1.0

497.25
1.0
1.0

531.75
1.0
1.0

542.25
1.0
1.0

551.25
1.0
1.0

560.25
1.0
1.0

585.0
1.0
1.0

595.5
1.0
1.0

614.25
1.0
1.0

631.5
1.0
1.0

648.75
1.0
1.0

666.75
1.0
1.0

684.0
1.0
1.0

693.75
1.0
1.0

703.5
1.0
1.0

