120.0
4.8
1.0

141.0
4.8
1.0

150.5
4.8
1.0

178.0
4.8
1.0

194.5
4.8
1.0

241.5
4.8
1.0

270.5
4.8
1.0

333.0
4.8
1.0

351.0
4.8
1.0

360.5
4.8
1.0

378.0
4.8
1.0

409.5
4.8
1.0

427.5
4.8
1.0

475.5
4.8
1.0

533.5
4.8
1.0

596.0
4.8
1.0

606.5
4.8
1.0

624.0
4.8
1.0

643.5
4.8
1.0

661.5
4.8
1.0

679.0
4.8
1.0

686.5
4.8
1.0

722.0
4.8
1.0

750.0
4.8
1.0

770.0
4.8
1.0

786.0
4.8
1.0

805.0
4.8
1.0

875.5
4.8
1.0

930.5
4.8
1.0

958.5
4.8
1.0

979.0
4.8
1.0

1024.5
4.8
1.0

3015.0
4.8
1.0

3023.0
4.8
1.0

3033.5
4.8
1.0

3053.0
4.8
1.0

3091.5
4.8
1.0

3134.0
4.8
1.0

3143.5
4.8
1.0

3162.0
4.8
1.0

3192.0
4.8
1.0

3245.0
4.8
1.0

3283.0
4.8
1.0

3317.0
4.8
1.0

3334.0
4.8
1.0

3352.0
4.8
1.0

3406.0
4.8
1.0

3472.5
4.8
1.0

3516.0
4.8
1.0

3552.5
4.8
1.0

3562.5
4.8
1.0

3580.0
4.8
1.0

3599.0
4.8
1.0

3637.0
4.8
1.0

3681.5
4.8
1.0

3691.0
4.8
1.0

3711.5
4.8
1.0

3738.0
4.8
1.0

3777.5
4.8
1.0

3824.0
4.8
1.0

3850.5
4.8
1.0

3860.5
4.8
1.0

3886.0
4.8
1.0

3915.0
4.8
1.0

