91.5
4.8
1.0

111.0
4.8
1.0

186.0
4.8
1.0

222.0
4.8
1.0

261.0
4.8
1.0

279.0
4.8
1.0

343.0
4.8
1.0

389.5
4.8
1.0

419.0
4.8
1.0

466.5
4.8
1.0

485.0
4.8
1.0

494.0
4.8
1.0

513.5
4.8
1.0

562.0
4.8
1.0

578.5
4.8
1.0

615.5
4.8
1.0

670.5
4.8
1.0

703.5
4.8
1.0

761.5
4.8
1.0

823.5
4.8
1.0

841.0
4.8
1.0

866.0
4.8
1.0

885.5
4.8
1.0

894.5
4.8
1.0

904.5
4.8
1.0

912.5
4.8
1.0

940.5
4.8
1.0

951.0
4.8
1.0

969.0
4.8
1.0

1006.0
4.8
1.0

1035.5
4.8
1.0

1045.0
4.8
1.0

2997.5
4.8
1.0

3006.0
4.8
1.0

3081.5
4.8
1.0

3100.5
4.8
1.0

3108.0
4.8
1.0

3152.5
4.8
1.0

3234.5
4.8
1.0

3254.5
4.8
1.0

3273.5
4.8
1.0

3342.5
4.8
1.0

3368.5
4.8
1.0

3398.0
4.8
1.0

3415.5
4.8
1.0

3424.5
4.8
1.0

3463.5
4.8
1.0

3482.5
4.8
1.0

3491.0
4.8
1.0

3508.5
4.8
1.0

3525.5
4.8
1.0

3616.5
4.8
1.0

3626.5
4.8
1.0

3672.5
4.8
1.0

3749.0
4.8
1.0

3786.5
4.8
1.0

3795.5
4.8
1.0

3805.0
4.8
1.0

3843.0
4.8
1.0

3895.0
4.8
1.0

3904.5
4.8
1.0

3923.5
4.8
1.0

3933.5
4.8
1.0

3950.0
4.8
1.0

