1089.8
4.8
1.0

1152.8
4.8
1.0

1188.3
4.8
1.0

1239.3
4.8
1.0

1286.3
4.8
1.0

1406.8
4.8
1.0

1444.3
4.8
1.0

1472.3
4.8
1.0

1553.8
4.8
1.0

1582.3
4.8
1.0

1592.3
4.8
1.0

1609.8
4.8
1.0

1639.8
4.8
1.0

1675.3
4.8
1.0

1769.3
4.8
1.0

1776.8
4.8
1.0

1824.8
4.8
1.0

1854.8
4.8
1.0

1893.8
4.8
1.0

1902.3
4.8
1.0

1911.8
4.8
1.0

1919.8
4.8
1.0

1968.8
4.8
1.0

2006.8
4.8
1.0

2045.3
4.8
1.0

2089.8
4.8
1.0

2098.3
4.8
1.0

2167.8
4.8
1.0

2223.3
4.8
1.0

2262.8
4.8
1.0

2308.3
4.8
1.0

2363.8
4.8
1.0

2426.3
4.8
1.0

2465.3
4.8
1.0

2530.3
4.8
1.0

2539.8
4.8
1.0

2595.3
4.8
1.0

2603.8
4.8
1.0

2679.3
4.8
1.0

2708.3
4.8
1.0

2763.3
4.8
1.0

2829.8
4.8
1.0

2856.8
4.8
1.0

2866.3
4.8
1.0

2912.8
4.8
1.0

2941.8
4.8
1.0

2984.3
4.8
1.0

2993.8
4.8
1.0

