1079.3
4.8
1.0

1106.3
4.8
1.0

1179.8
4.8
1.0

1215.8
4.8
1.0

1223.3
4.8
1.0

1249.8
4.8
1.0

1267.8
4.8
1.0

1343.8
4.8
1.0

1352.3
4.8
1.0

1361.8
4.8
1.0

1415.8
4.8
1.0

1424.8
4.8
1.0

1462.3
4.8
1.0

1512.8
4.8
1.0

1601.8
4.8
1.0

1701.8
4.8
1.0

1730.8
4.8
1.0

1740.8
4.8
1.0

1760.8
4.8
1.0

1814.8
4.8
1.0

1844.3
4.8
1.0

1958.8
4.8
1.0

1987.8
4.8
1.0

2025.8
4.8
1.0

2107.8
4.8
1.0

2132.3
4.8
1.0

2142.8
4.8
1.0

2159.3
4.8
1.0

2193.3
4.8
1.0

2299.8
4.8
1.0

2318.8
4.8
1.0

2372.8
4.8
1.0

2400.3
4.8
1.0

2447.8
4.8
1.0

2502.3
4.8
1.0

2549.8
4.8
1.0

2556.8
4.8
1.0

2611.8
4.8
1.0

2620.3
4.8
1.0

2689.8
4.8
1.0

2698.8
4.8
1.0

2734.3
4.8
1.0

2753.3
4.8
1.0

2773.8
4.8
1.0

2819.3
4.8
1.0

2903.3
4.8
1.0

2921.8
4.8
1.0

2974.8
4.8
1.0

