99.5
4.8
1.0

117.0
4.8
1.0

155.0
4.8
1.0

170.0
4.8
1.0

199.5
4.8
1.0

209.5
4.8
1.0

238.5
4.8
1.0

295.5
4.8
1.0

314.5
4.8
1.0

330.5
4.8
1.0

350.5
4.8
1.0

388.5
4.8
1.0

428.5
4.8
1.0

447.0
4.8
1.0

485.0
4.8
1.0

538.0
4.8
1.0

643.0
4.8
1.0

653.0
4.8
1.0

663.0
4.8
1.0

682.0
4.8
1.0

702.0
4.8
1.0

712.0
4.8
1.0

723.0
4.8
1.0

742.0
4.8
1.0

758.0
4.8
1.0

774.0
4.8
1.0

792.0
4.8
1.0

828.5
4.8
1.0

880.5
4.8
1.0

909.0
4.8
1.0

926.5
4.8
1.0

1024.5
4.8
1.0

1052.0
4.8
1.0

1061.5
4.8
1.0

1091.0
4.8
1.0

1101.0
4.8
1.0

1119.0
4.8
1.0

1129.5
4.8
1.0

1157.0
4.8
1.0

1166.0
4.8
1.0

1192.5
4.8
1.0

1220.5
4.8
1.0

1249.5
4.8
1.0

1279.5
4.8
1.0

1408.0
4.8
1.0

1454.5
4.8
1.0

1464.0
4.8
1.0

1511.5
4.8
1.0

1539.5
4.8
1.0

1557.0
4.8
1.0

1564.5
4.8
1.0

1593.5
4.8
1.0

1612.5
4.8
1.0

1642.5
4.8
1.0

1680.5
4.8
1.0

1688.0
4.8
1.0

1708.0
4.8
1.0

1812.0
4.8
1.0

1872.0
4.8
1.0

1952.5
4.8
1.0

1963.0
4.8
1.0

1986.0
4.8
1.0

2004.5
4.8
1.0

2012.0
4.8
1.0

