2049.8
4.8
1.0

2094.8
4.8
1.0

2104.3
4.8
1.0

2148.8
4.8
1.0

2185.3
4.8
1.0

2213.3
4.8
1.0

2232.3
4.8
1.0

2241.3
4.8
1.0

2260.3
4.8
1.0

2280.3
4.8
1.0

2290.3
4.8
1.0

2371.8
4.8
1.0

2400.8
4.8
1.0

2543.8
4.8
1.0

2590.3
4.8
1.0

2638.3
4.8
1.0

2646.8
4.8
1.0

2673.8
4.8
1.0

2711.8
4.8
1.0

2753.8
4.8
1.0

2779.8
4.8
1.0

2914.8
4.8
1.0

2923.3
4.8
1.0

2950.3
4.8
1.0

3004.8
4.8
1.0

3067.3
4.8
1.0

3075.3
4.8
1.0

3111.8
4.8
1.0

3175.3
4.8
1.0

3220.3
4.8
1.0

3241.8
4.8
1.0

3269.3
4.8
1.0

3371.3
4.8
1.0

3379.8
4.8
1.0

3471.8
4.8
1.0

3479.3
4.8
1.0

3533.3
4.8
1.0

3611.8
4.8
1.0

3621.3
4.8
1.0

3667.8
4.8
1.0

3684.8
4.8
1.0

3806.8
4.8
1.0

3846.3
4.8
1.0

3864.8
4.8
1.0

3885.3
4.8
1.0

3930.8
4.8
1.0

3939.8
4.8
1.0

3948.3
4.8
1.0

