2033.8
4.8
1.0

2065.3
4.8
1.0

2084.8
4.8
1.0

2157.3
4.8
1.0

2166.8
4.8
1.0

2194.3
4.8
1.0

2271.3
4.8
1.0

2325.3
4.8
1.0

2390.8
4.8
1.0

2429.3
4.8
1.0

2466.8
4.8
1.0

2497.3
4.8
1.0

2525.8
4.8
1.0

2560.3
4.8
1.0

2657.3
4.8
1.0

2682.8
4.8
1.0

2702.3
4.8
1.0

2729.3
4.8
1.0

2762.3
4.8
1.0

2771.8
4.8
1.0

2822.8
4.8
1.0

2876.8
4.8
1.0

2886.8
4.8
1.0

2931.8
4.8
1.0

3013.8
4.8
1.0

3021.8
4.8
1.0

3038.3
4.8
1.0

3082.8
4.8
1.0

3103.3
4.8
1.0

3148.3
4.8
1.0

3157.8
4.8
1.0

3210.8
4.8
1.0

3230.8
4.8
1.0

3288.3
4.8
1.0

3334.8
4.8
1.0

3387.8
4.8
1.0

3432.3
4.8
1.0

3488.3
4.8
1.0

3497.8
4.8
1.0

3542.3
4.8
1.0

3601.3
4.8
1.0

3658.8
4.8
1.0

3675.8
4.8
1.0

3741.3
4.8
1.0

3770.3
4.8
1.0

3816.3
4.8
1.0

3837.3
4.8
1.0

3856.3
4.8
1.0

