11.5
4.8
1.0

21.5
4.8
1.0

48.5
4.8
1.0

79.0
4.8
1.0

115.0
4.8
1.0

150.5
4.8
1.0

161.0
4.8
1.0

190.0
4.8
1.0

218.0
4.8
1.0

234.0
4.8
1.0

253.0
4.8
1.0

262.5
4.8
1.0

290.0
4.8
1.0

301.0
4.8
1.0

308.0
4.8
1.0

316.0
4.8
1.0

335.5
4.8
1.0

344.5
4.8
1.0

365.0
4.8
1.0

372.0
4.8
1.0

397.0
4.8
1.0

415.5
4.8
1.0

432.5
4.8
1.0

469.5
4.8
1.0

479.0
4.8
1.0

488.5
4.8
1.0

527.5
4.8
1.0

552.0
4.8
1.0

561.5
4.8
1.0

571.5
4.8
1.0

589.0
4.8
1.0

606.5
4.8
1.0

627.5
4.8
1.0

636.0
4.8
1.0

693.0
4.8
1.0

713.0
4.8
1.0

722.5
4.8
1.0

733.5
4.8
1.0

742.5
4.8
1.0

779.0
4.8
1.0

797.0
4.8
1.0

807.5
4.8
1.0

816.0
4.8
1.0

872.5
4.8
1.0

883.5
4.8
1.0

893.0
4.8
1.0

903.5
4.8
1.0

932.0
4.8
1.0

