1063.5
4.8
1.0

1072.5
4.8
1.0

1080.5
4.8
1.0

1127.5
4.8
1.0

1156.0
4.8
1.0

1259.0
4.8
1.0

1289.0
4.8
1.0

1317.0
4.8
1.0

1334.0
4.8
1.0

1344.5
4.8
1.0

1364.0
4.8
1.0

1382.5
4.8
1.0

1403.5
4.8
1.0

1413.0
4.8
1.0

1422.0
4.8
1.0

1431.5
4.8
1.0

1451.0
4.8
1.0

1536.5
4.8
1.0

1544.5
4.8
1.0

1609.0
4.8
1.0

1627.5
4.8
1.0

1685.5
4.8
1.0

1791.5
4.8
1.0

1811.0
4.8
1.0

1946.5
4.8
1.0

1955.0
4.8
1.0

1965.0
4.8
1.0

1984.0
4.8
1.0

1993.5
4.8
1.0

2003.5
4.8
1.0

2012.5
4.8
1.0

2029.0
4.8
1.0

2038.0
4.8
1.0

2046.5
4.8
1.0

2072.0
4.8
1.0

2082.0
4.8
1.0

2116.5
4.8
1.0

2134.0
4.8
1.0

2183.5
4.8
1.0

2243.0
4.8
1.0

2261.5
4.8
1.0

2271.5
4.8
1.0

2290.0
4.8
1.0

2337.0
4.8
1.0

2374.0
4.8
1.0

2393.5
4.8
1.0

2413.0
4.8
1.0

2529.5
4.8
1.0

2591.5
4.8
1.0

2601.0
4.8
1.0

2620.0
4.8
1.0

2666.5
4.8
1.0

2702.5
4.8
1.0

2730.5
4.8
1.0

2758.0
4.8
1.0

2782.0
4.8
1.0

2791.5
4.8
1.0

2817.5
4.8
1.0

2845.0
4.8
1.0

2855.5
4.8
1.0

2884.0
4.8
1.0

2903.0
4.8
1.0

2943.0
4.8
1.0

2991.5
4.8
1.0

