91.0
4.8
1.0

108.0
4.8
1.0

161.0
4.8
1.0

171.0
4.8
1.0

181.5
4.8
1.0

190.0
4.8
1.0

224.5
4.8
1.0

251.0
4.8
1.0

261.5
4.8
1.0

270.5
4.8
1.0

316.5
4.8
1.0

336.5
4.8
1.0

352.5
4.8
1.0

381.0
4.8
1.0

422.5
4.8
1.0

431.0
4.8
1.0

441.0
4.8
1.0

450.0
4.8
1.0

488.0
4.8
1.0

507.5
4.8
1.0

525.5
4.8
1.0

553.5
4.8
1.0

571.0
4.8
1.0

580.0
4.8
1.0

627.5
4.8
1.0

636.5
4.8
1.0

671.0
4.8
1.0

681.5
4.8
1.0

691.0
4.8
1.0

726.0
4.8
1.0

746.0
4.8
1.0

755.0
4.8
1.0

764.0
4.8
1.0

810.5
4.8
1.0

820.0
4.8
1.0

829.5
4.8
1.0

839.5
4.8
1.0

876.0
4.8
1.0

895.5
4.8
1.0

924.5
4.8
1.0

932.0
4.8
1.0

941.5
4.8
1.0

950.5
4.8
1.0

968.5
4.8
1.0

986.5
4.8
1.0

995.5
4.8
1.0

1005.0
4.8
1.0

1035.5
4.8
1.0

3019.0
4.8
1.0

3056.5
4.8
1.0

3077.0
4.8
1.0

3105.0
4.8
1.0

3115.5
4.8
1.0

3154.5
4.8
1.0

3171.5
4.8
1.0

3190.0
4.8
1.0

3201.5
4.8
1.0

3220.0
4.8
1.0

3246.5
4.8
1.0

3255.0
4.8
1.0

3273.5
4.8
1.0

3292.0
4.8
1.0

3312.5
4.8
1.0

3321.5
4.8
1.0

3331.0
4.8
1.0

3380.5
4.8
1.0

3417.5
4.8
1.0

3456.5
4.8
1.0

3484.5
4.8
1.0

3505.5
4.8
1.0

3524.5
4.8
1.0

3535.0
4.8
1.0

3580.5
4.8
1.0

3599.0
4.8
1.0

3625.0
4.8
1.0

3644.0
4.8
1.0

3652.5
4.8
1.0

3661.5
4.8
1.0

3680.5
4.8
1.0

3699.5
4.8
1.0

3709.5
4.8
1.0

3729.5
4.8
1.0

3739.0
4.8
1.0

3797.0
4.8
1.0

3806.5
4.8
1.0

3822.0
4.8
1.0

3841.0
4.8
1.0

3850.5
4.8
1.0

3859.0
4.8
1.0

3888.5
4.8
1.0

3898.5
4.8
1.0

3908.0
4.8
1.0

3916.5
4.8
1.0

3953.0
4.8
1.0

3963.0
4.8
1.0

3973.0
4.8
1.0

