1044.5
4.8
1.0

1053.5
4.8
1.0

1088.5
4.8
1.0

1117.0
4.8
1.0

1194.5
4.8
1.0

1202.5
4.8
1.0

1219.5
4.8
1.0

1238.5
4.8
1.0

1248.0
4.8
1.0

1279.0
4.8
1.0

1355.5
4.8
1.0

1392.5
4.8
1.0

1461.5
4.8
1.0

1471.5
4.8
1.0

1501.5
4.8
1.0

1511.0
4.8
1.0

1560.0
4.8
1.0

1568.5
4.8
1.0

1657.0
4.8
1.0

1675.5
4.8
1.0

1695.5
4.8
1.0

1704.0
4.8
1.0

1731.5
4.8
1.0

1741.5
4.8
1.0

1761.5
4.8
1.0

1771.5
4.8
1.0

1801.0
4.8
1.0

1840.0
4.8
1.0

1889.5
4.8
1.0

1899.5
4.8
1.0

1927.0
4.8
1.0

2020.5
4.8
1.0

2055.0
4.8
1.0

2091.5
4.8
1.0

2213.5
4.8
1.0

2223.5
4.8
1.0

2252.5
4.8
1.0

2280.0
4.8
1.0

2308.0
4.8
1.0

2316.5
4.8
1.0

2365.0
4.8
1.0

2403.5
4.8
1.0

2422.0
4.8
1.0

2446.5
4.8
1.0

2474.0
4.8
1.0

2482.0
4.8
1.0

2500.0
4.8
1.0

2509.0
4.8
1.0

2518.5
4.8
1.0

2538.0
4.8
1.0

2554.5
4.8
1.0

2564.0
4.8
1.0

2582.0
4.8
1.0

2611.5
4.8
1.0

2675.0
4.8
1.0

2684.5
4.8
1.0

2693.5
4.8
1.0

2721.0
4.8
1.0

2750.5
4.8
1.0

2766.0
4.8
1.0

2809.0
4.8
1.0

2892.5
4.8
1.0

2913.5
4.8
1.0

2933.5
4.8
1.0

