1112.3
4.8
1.0

1152.3
4.8
1.0

1170.8
4.8
1.0

1215.8
4.8
1.0

1330.8
4.8
1.0

1497.3
4.8
1.0

1524.8
4.8
1.0

1533.3
4.8
1.0

1585.3
4.8
1.0

1594.8
4.8
1.0

1622.8
4.8
1.0

1642.3
4.8
1.0

1670.8
4.8
1.0

1726.8
4.8
1.0

1885.3
4.8
1.0

1914.3
4.8
1.0

2130.8
4.8
1.0

2150.3
4.8
1.0

2159.3
4.8
1.0

2361.3
4.8
1.0

2388.8
4.8
1.0

2443.8
4.8
1.0

2460.8
4.8
1.0

2470.3
4.8
1.0

2497.3
4.8
1.0

2578.3
4.8
1.0

2643.8
4.8
1.0

2779.3
4.8
1.0

2833.3
4.8
1.0

2967.8
4.8
1.0

2976.3
4.8
1.0

2986.3
4.8
1.0

