1049.8
4.8
1.0

1059.3
4.8
1.0

1122.3
4.8
1.0

1207.8
4.8
1.0

1284.3
4.8
1.0

1466.8
4.8
1.0

1477.8
4.8
1.0

1515.8
4.8
1.0

1565.3
4.8
1.0

1574.8
4.8
1.0

1701.8
4.8
1.0

1708.8
4.8
1.0

1766.3
4.8
1.0

1777.3
4.8
1.0

1806.8
4.8
1.0

1932.8
4.8
1.0

2060.3
4.8
1.0

2096.3
4.8
1.0

2218.3
4.8
1.0

2322.8
4.8
1.0

2370.8
4.8
1.0

2426.8
4.8
1.0

2479.8
4.8
1.0

2515.3
4.8
1.0

2524.8
4.8
1.0

2560.3
4.8
1.0

2689.8
4.8
1.0

2698.8
4.8
1.0

2755.8
4.8
1.0

2770.8
4.8
1.0

2898.8
4.8
1.0

2939.8
4.8
1.0

