113.8
4.8
1.0

186.8
4.8
1.0

275.3
4.8
1.0

322.8
4.8
1.0

357.3
4.8
1.0

385.8
4.8
1.0

446.8
4.8
1.0

455.8
4.8
1.0

512.8
4.8
1.0

558.8
4.8
1.0

642.8
4.8
1.0

686.8
4.8
1.0

732.3
4.8
1.0

760.8
4.8
1.0

770.3
4.8
1.0

825.8
4.8
1.0

844.3
4.8
1.0

881.3
4.8
1.0

900.3
4.8
1.0

929.3
4.8
1.0

937.8
4.8
1.0

955.8
4.8
1.0

991.8
4.8
1.0

1010.8
4.8
1.0

3025.3
4.8
1.0

3082.8
4.8
1.0

3110.8
4.8
1.0

3159.3
4.8
1.0

3176.3
4.8
1.0

3207.3
4.8
1.0

3251.3
4.8
1.0

3317.3
4.8
1.0

3337.3
4.8
1.0

3462.3
4.8
1.0

3510.8
4.8
1.0

3530.8
4.8
1.0

3541.3
4.8
1.0

3657.3
4.8
1.0

3667.3
4.8
1.0

3685.8
4.8
1.0

3735.3
4.8
1.0

3827.8
4.8
1.0

3846.3
4.8
1.0

3855.3
4.8
1.0

3894.8
4.8
1.0

3904.3
4.8
1.0

3913.8
4.8
1.0

3921.3
4.8
1.0

