96.3
4.8
1.0

167.3
4.8
1.0

177.3
4.8
1.0

195.8
4.8
1.0

230.3
4.8
1.0

256.8
4.8
1.0

266.8
4.8
1.0

341.8
4.8
1.0

427.8
4.8
1.0

437.3
4.8
1.0

494.3
4.8
1.0

530.3
4.8
1.0

577.3
4.8
1.0

585.8
4.8
1.0

633.8
4.8
1.0

676.3
4.8
1.0

695.8
4.8
1.0

750.8
4.8
1.0

816.3
4.8
1.0

834.3
4.8
1.0

947.3
4.8
1.0

974.3
4.8
1.0

1001.8
4.8
1.0

1040.8
4.8
1.0

3062.3
4.8
1.0

3120.8
4.8
1.0

3196.3
4.8
1.0

3225.8
4.8
1.0

3260.3
4.8
1.0

3278.3
4.8
1.0

3298.3
4.8
1.0

3326.8
4.8
1.0

3385.3
4.8
1.0

3423.8
4.8
1.0

3490.8
4.8
1.0

3586.3
4.8
1.0

3604.8
4.8
1.0

3630.3
4.8
1.0

3649.3
4.8
1.0

3704.3
4.8
1.0

3714.3
4.8
1.0

3744.3
4.8
1.0

3803.3
4.8
1.0

3811.8
4.8
1.0

3864.8
4.8
1.0

3958.8
4.8
1.0

3968.3
4.8
1.0

3977.8
4.8
1.0

