1068.8
4.8
1.0

1132.3
4.8
1.0

1161.8
4.8
1.0

1321.8
4.8
1.0

1350.3
4.8
1.0

1409.8
4.8
1.0

1456.3
4.8
1.0

1541.8
4.8
1.0

1549.3
4.8
1.0

1632.3
4.8
1.0

1690.3
4.8
1.0

1960.8
4.8
1.0

1971.3
4.8
1.0

2009.8
4.8
1.0

2017.3
4.8
1.0

2034.3
4.8
1.0

2043.3
4.8
1.0

2121.3
4.8
1.0

2266.8
4.8
1.0

2343.3
4.8
1.0

2379.8
4.8
1.0

2399.3
4.8
1.0

2418.3
4.8
1.0

2534.3
4.8
1.0

2596.3
4.8
1.0

2607.3
4.8
1.0

2708.3
4.8
1.0

2763.8
4.8
1.0

2822.3
4.8
1.0

2850.3
4.8
1.0

2860.3
4.8
1.0

2909.3
4.8
1.0

