1073.0
4.8
1.0

1093.5
4.8
1.0

1102.0
4.8
1.0

1119.0
4.8
1.0

1129.0
4.8
1.0

1148.0
4.8
1.0

1156.0
4.8
1.0

1164.5
4.8
1.0

1180.5
4.8
1.0

1207.0
4.8
1.0

1217.5
4.8
1.0

1237.0
4.8
1.0

1273.5
4.8
1.0

1293.0
4.8
1.0

1303.5
4.8
1.0

1312.5
4.8
1.0

1333.5
4.8
1.0

1350.5
4.8
1.0

1361.5
4.8
1.0

1371.0
4.8
1.0

1400.5
4.8
1.0

1426.0
4.8
1.0

1434.0
4.8
1.0

1461.5
4.8
1.0

1498.5
4.8
1.0

1507.0
4.8
1.0

1516.0
4.8
1.0

1534.0
4.8
1.0

1544.0
4.8
1.0

1560.5
4.8
1.0

1568.5
4.8
1.0

1594.5
4.8
1.0

1611.5
4.8
1.0

1630.5
4.8
1.0

1677.0
4.8
1.0

1694.5
4.8
1.0

1723.0
4.8
1.0

1730.0
4.8
1.0

1739.0
4.8
1.0

1748.5
4.8
1.0

1776.0
4.8
1.0

1794.5
4.8
1.0

1830.5
4.8
1.0

1877.0
4.8
1.0

1921.5
4.8
1.0

1965.0
4.8
1.0

1995.5
4.8
1.0

2005.0
4.8
1.0

