0.0
1.0
1.0

27.0
1.0
1.0

45.75
1.0
1.0

55.5
1.0
1.0

72.0
1.0
1.0

135.0
1.0
1.0

144.75
1.0
1.0

153.75
1.0
1.0

172.5
1.0
1.0

191.25
1.0
1.0

207.75
1.0
1.0

216.0
1.0
1.0

226.5
1.0
1.0

243.75
1.0
1.0

272.25
1.0
1.0

299.25
1.0
1.0

317.25
1.0
1.0

333.75
1.0
1.0

360.75
1.0
1.0

378.75
1.0
1.0

442.5
1.0
1.0

450.0
1.0
1.0

461.25
1.0
1.0

478.5
1.0
1.0

504.75
1.0
1.0

522.75
1.0
1.0

531.75
1.0
1.0

540.75
1.0
1.0

549.0
1.0
1.0

603.75
1.0
1.0

641.25
1.0
1.0

657.0
1.0
1.0

666.75
1.0
1.0

675.0
1.0
1.0

685.5
1.0
1.0

693.0
1.0
1.0

