1078.3
4.8
1.0

1116.8
4.8
1.0

1147.8
4.8
1.0

1155.8
4.8
1.0

1165.8
4.8
1.0

1200.3
4.8
1.0

1210.3
4.8
1.0

1220.3
4.8
1.0

1357.3
4.8
1.0

1373.8
4.8
1.0

1409.3
4.8
1.0

1479.8
4.8
1.0

1532.3
4.8
1.0

1551.8
4.8
1.0

1569.8
4.8
1.0

1720.8
4.8
1.0

1800.3
4.8
1.0

1820.3
4.8
1.0

1831.8
4.8
1.0

1858.3
4.8
1.0

1869.8
4.8
1.0

1920.3
4.8
1.0

1931.3
4.8
1.0

2000.3
4.8
1.0

2040.3
4.8
1.0

2105.3
4.8
1.0

2125.3
4.8
1.0

2183.8
4.8
1.0

2191.8
4.8
1.0

2237.3
4.8
1.0

2246.3
4.8
1.0

2298.3
4.8
1.0

2369.8
4.8
1.0

2387.8
4.8
1.0

2439.8
4.8
1.0

2457.8
4.8
1.0

2531.3
4.8
1.0

2559.3
4.8
1.0

2567.8
4.8
1.0

2607.8
4.8
1.0

2652.8
4.8
1.0

2662.8
4.8
1.0

2701.8
4.8
1.0

2744.8
4.8
1.0

2781.3
4.8
1.0

2790.3
4.8
1.0

2920.3
4.8
1.0

2941.3
4.8
1.0

