1088.8
4.8
1.0

1126.3
4.8
1.0

1191.8
4.8
1.0

1228.8
4.8
1.0

1236.8
4.8
1.0

1266.3
4.8
1.0

1294.8
4.8
1.0

1320.8
4.8
1.0

1401.8
4.8
1.0

1418.8
4.8
1.0

1462.8
4.8
1.0

1505.3
4.8
1.0

1514.3
4.8
1.0

1523.3
4.8
1.0

1540.8
4.8
1.0

1577.3
4.8
1.0

1605.8
4.8
1.0

1712.8
4.8
1.0

1756.3
4.8
1.0

1839.8
4.8
1.0

1848.8
4.8
1.0

1895.3
4.8
1.0

1963.3
4.8
1.0

1982.3
4.8
1.0

2020.8
4.8
1.0

2049.8
4.8
1.0

2066.8
4.8
1.0

2199.3
4.8
1.0

2255.3
4.8
1.0

2263.3
4.8
1.0

2273.3
4.8
1.0

2289.8
4.8
1.0

2335.3
4.8
1.0

2351.8
4.8
1.0

2378.8
4.8
1.0

2396.3
4.8
1.0

2406.8
4.8
1.0

2423.8
4.8
1.0

2466.3
4.8
1.0

2575.8
4.8
1.0

2616.3
4.8
1.0

2645.8
4.8
1.0

2692.3
4.8
1.0

2709.3
4.8
1.0

2734.3
4.8
1.0

2754.8
4.8
1.0

2819.8
4.8
1.0

2849.8
4.8
1.0

