27.75
1.0
1.0

46.5
1.0
1.0

64.5
1.0
1.0

74.25
1.0
1.0

90.75
1.0
1.0

127.5
1.0
1.0

135.0
1.0
1.0

144.75
1.0
1.0

155.25
1.0
1.0

180.0
1.0
1.0

189.0
1.0
1.0

198.0
1.0
1.0

243.75
1.0
1.0

253.5
1.0
1.0

288.0
1.0
1.0

297.75
1.0
1.0

315.75
1.0
1.0

335.25
1.0
1.0

342.75
1.0
1.0

351.75
1.0
1.0

362.25
1.0
1.0

387.0
1.0
1.0

397.5
1.0
1.0

434.25
1.0
1.0

452.25
1.0
1.0

470.25
1.0
1.0

477.0
1.0
1.0

513.75
1.0
1.0

531.75
1.0
1.0

578.25
1.0
1.0

630.0
1.0
1.0

648.0
1.0
1.0

668.25
1.0
1.0

676.5
1.0
1.0

684.0
1.0
1.0

702.75
1.0
1.0

