1065.0
4.8
1.0

1100.0
4.8
1.0

1129.5
4.8
1.0

1165.0
4.8
1.0

1210.0
4.8
1.0

1246.0
4.8
1.0

1254.0
4.8
1.0

1265.5
4.8
1.0

1282.5
4.8
1.0

1346.0
4.8
1.0

1355.0
4.8
1.0

1365.5
4.8
1.0

1420.0
4.8
1.0

1438.0
4.8
1.0

1446.0
4.8
1.0

1454.0
4.8
1.0

1602.0
4.8
1.0

1610.5
4.8
1.0

1619.5
4.8
1.0

1646.0
4.8
1.0

1703.0
4.8
1.0

1757.0
4.8
1.0

1767.5
4.8
1.0

1787.0
4.8
1.0

1817.0
4.8
1.0

1825.5
4.8
1.0

1844.5
4.8
1.0

1863.0
4.8
1.0

1950.0
4.8
1.0

1969.5
4.8
1.0

1978.5
4.8
1.0

1989.5
4.8
1.0

