1241.5
4.8
1.0

1258.5
4.8
1.0

1266.5
4.8
1.0

1333.5
4.8
1.0

1388.5
4.8
1.0

1427.5
4.8
1.0

1437.0
4.8
1.0

1447.5
4.8
1.0

1457.5
4.8
1.0

1503.5
4.8
1.0

1529.5
4.8
1.0

1577.5
4.8
1.0

1587.0
4.8
1.0

1622.0
4.8
1.0

1646.5
4.8
1.0

1673.0
4.8
1.0

1683.5
4.8
1.0

1692.0
4.8
1.0

1702.5
4.8
1.0

1777.0
4.8
1.0

1840.5
4.8
1.0

1916.0
4.8
1.0

1949.0
4.8
1.0

1959.0
4.8
1.0

1989.5
4.8
1.0

2047.0
4.8
1.0

2073.5
4.8
1.0

2082.0
4.8
1.0

2092.0
4.8
1.0

2129.5
4.8
1.0

2139.5
4.8
1.0

2148.5
4.8
1.0

