0.0
4.8
1.0

8.0
4.8
1.0

44.0
4.8
1.0

52.5
4.8
1.0

63.0
4.8
1.0

82.5
4.8
1.0

100.0
4.8
1.0

111.5
4.8
1.0

158.5
4.8
1.0

175.0
4.8
1.0

185.0
4.8
1.0

195.5
4.8
1.0

222.5
4.8
1.0

233.0
4.8
1.0

242.0
4.8
1.0

251.0
4.8
1.0

289.0
4.8
1.0

298.0
4.8
1.0

324.0
4.8
1.0

342.5
4.8
1.0

393.0
4.8
1.0

443.0
4.8
1.0

501.0
4.8
1.0

511.5
4.8
1.0

530.0
4.8
1.0

538.5
4.8
1.0

554.0
4.8
1.0

611.0
4.8
1.0

620.5
4.8
1.0

629.5
4.8
1.0

639.5
4.8
1.0

659.0
4.8
1.0

666.5
4.8
1.0

711.0
4.8
1.0

720.5
4.8
1.0

729.0
4.8
1.0

745.5
4.8
1.0

781.5
4.8
1.0

791.5
4.8
1.0

800.5
4.8
1.0

817.5
4.8
1.0

835.0
4.8
1.0

844.5
4.8
1.0

852.0
4.8
1.0

899.0
4.8
1.0

909.5
4.8
1.0

944.0
4.8
1.0

952.5
4.8
1.0

