3140.0
4.8
1.0

3149.0
4.8
1.0

3159.5
4.8
1.0

3169.5
4.8
1.0

3179.0
4.8
1.0

3197.5
4.8
1.0

3206.0
4.8
1.0

3224.0
4.8
1.0

3255.0
4.8
1.0

3264.0
4.8
1.0

3282.5
4.8
1.0

3293.5
4.8
1.0

3329.5
4.8
1.0

3348.0
4.8
1.0

3387.0
4.8
1.0

3415.5
4.8
1.0

3472.0
4.8
1.0

3480.5
4.8
1.0

3516.0
4.8
1.0

3555.0
4.8
1.0

3564.0
4.8
1.0

3580.0
4.8
1.0

3589.5
4.8
1.0

3607.5
4.8
1.0

3616.0
4.8
1.0

3633.5
4.8
1.0

3642.0
4.8
1.0

3678.5
4.8
1.0

3709.0
4.8
1.0

3729.0
4.8
1.0

3765.0
4.8
1.0

3782.0
4.8
1.0

3799.0
4.8
1.0

3809.5
4.8
1.0

3826.0
4.8
1.0

3836.0
4.8
1.0

3854.5
4.8
1.0

3862.0
4.8
1.0

3898.0
4.8
1.0

3908.5
4.8
1.0

3918.0
4.8
1.0

3945.5
4.8
1.0

3955.5
4.8
1.0

3988.5
4.8
1.0

4006.5
4.8
1.0

4051.0
4.8
1.0

4058.0
4.8
1.0

4069.5
4.8
1.0

