2024.5
4.8
1.0

2116.5
4.8
1.0

2153.5
4.8
1.0

2163.0
4.8
1.0

2173.0
4.8
1.0

2198.5
4.8
1.0

2313.0
4.8
1.0

2359.5
4.8
1.0

2379.0
4.8
1.0

2387.0
4.8
1.0

2405.0
4.8
1.0

2420.5
4.8
1.0

2431.0
4.8
1.0

2439.5
4.8
1.0

2497.5
4.8
1.0

2506.0
4.8
1.0

2550.0
4.8
1.0

2580.5
4.8
1.0

2692.0
4.8
1.0

2703.5
4.8
1.0

2732.5
4.8
1.0

2743.5
4.8
1.0

2753.0
4.8
1.0

2772.5
4.8
1.0

2791.5
4.8
1.0

2800.5
4.8
1.0

2855.0
4.8
1.0

2862.0
4.8
1.0

2909.5
4.8
1.0

2934.0
4.8
1.0

2960.0
4.8
1.0

2969.5
4.8
1.0

2988.5
4.8
1.0

2996.0
4.8
1.0

3005.5
4.8
1.0

3060.5
4.8
1.0

3177.5
4.8
1.0

3204.0
4.8
1.0

3220.5
4.8
1.0

3244.0
4.8
1.0

3299.5
4.8
1.0

3329.5
4.8
1.0

3358.5
4.8
1.0

3412.5
4.8
1.0

3476.0
4.8
1.0

3502.5
4.8
1.0

3518.5
4.8
1.0

3535.0
4.8
1.0

3553.5
4.8
1.0

3562.0
4.8
1.0

3589.0
4.8
1.0

3649.5
4.8
1.0

3658.5
4.8
1.0

3669.0
4.8
1.0

3689.0
4.8
1.0

3708.5
4.8
1.0

3726.5
4.8
1.0

3742.0
4.8
1.0

3809.5
4.8
1.0

3858.5
4.8
1.0

3896.0
4.8
1.0

3907.5
4.8
1.0

3924.0
4.8
1.0

3933.5
4.8
1.0

