306.0
1.0
1.0

315.75
1.0
1.0

361.5
1.0
1.0

378.75
1.0
1.0

405.75
1.0
1.0

416.25
1.0
1.0

432.0
1.0
1.0

443.25
1.0
1.0

459.75
1.0
1.0

468.75
1.0
1.0

488.25
1.0
1.0

515.25
1.0
1.0

522.0
1.0
1.0

531.75
1.0
1.0

540.75
1.0
1.0

567.75
1.0
1.0

586.5
1.0
1.0

612.75
1.0
1.0

622.5
1.0
1.0

639.75
1.0
1.0

686.25
1.0
1.0

695.25
1.0
1.0

713.25
1.0
1.0

730.5
1.0
1.0

776.25
1.0
1.0

783.75
1.0
1.0

794.25
1.0
1.0

811.5
1.0
1.0

829.5
1.0
1.0

856.5
1.0
1.0

884.25
1.0
1.0

920.25
1.0
1.0

927.0
1.0
1.0

938.25
1.0
1.0

964.5
1.0
1.0

992.25
1.0
1.0

1019.25
1.0
1.0

1046.25
1.0
1.0

1073.25
1.0
1.0

1089.0
1.0
1.0

1100.25
1.0
1.0

1108.5
1.0
1.0

1134.75
1.0
1.0

1163.25
1.0
1.0

1172.25
1.0
1.0

1188.75
1.0
1.0

1206.75
1.0
1.0

1233.0
1.0
1.0

1242.0
1.0
1.0

1262.25
1.0
1.0

1287.0
1.0
1.0

1297.5
1.0
1.0

1307.25
1.0
1.0

1341.0
1.0
1.0

1351.5
1.0
1.0

1379.25
1.0
1.0

1387.5
1.0
1.0

1441.5
1.0
1.0

1449.0
1.0
1.0

1468.5
1.0
1.0

1476.75
1.0
1.0

1522.5
1.0
1.0

1549.5
1.0
1.0

1558.5
1.0
1.0

1585.5
1.0
1.0

1593.0
1.0
1.0

1613.25
1.0
1.0

1620.0
1.0
1.0

1640.25
1.0
1.0

1658.25
1.0
1.0

1674.75
1.0
1.0

1703.25
1.0
1.0

