1710.75
1.0
1.0

1728.75
1.0
1.0

1747.5
1.0
1.0

1783.5
1.0
1.0

1854.0
1.0
1.0

1900.5
1.0
1.0

1989.75
1.0
1.0

2026.5
1.0
1.0

2034.0
1.0
1.0

2043.0
1.0
1.0

2054.25
1.0
1.0

2080.5
1.0
1.0

2106.75
1.0
1.0

2117.25
1.0
1.0

2178.75
1.0
1.0

2196.0
1.0
1.0

2205.0
1.0
1.0

2214.75
1.0
1.0

2288.25
1.0
1.0

2313.0
1.0
1.0

2333.25
1.0
1.0

2349.0
1.0
1.0

2369.25
1.0
1.0

2378.25
1.0
1.0

2439.75
1.0
1.0

2457.75
1.0
1.0

2477.25
1.0
1.0

2503.5
1.0
1.0

2538.0
1.0
1.0

2575.5
1.0
1.0

2620.5
1.0
1.0

2702.25
1.0
1.0

2709.0
1.0
1.0

2719.5
1.0
1.0

2745.0
1.0
1.0

2763.0
1.0
1.0

2791.5
1.0
1.0

2808.0
1.0
1.0

2844.75
1.0
1.0

2872.5
1.0
1.0

2880.75
1.0
1.0

2889.0
1.0
1.0

2917.5
1.0
1.0

2934.0
1.0
1.0

2962.5
1.0
1.0

2999.25
1.0
1.0

3015.75
1.0
1.0

3123.0
1.0
1.0

3141.0
1.0
1.0

3150.75
1.0
1.0

3161.25
1.0
1.0

3259.5
1.0
1.0

3276.0
1.0
1.0

3285.75
1.0
1.0

3294.75
1.0
1.0

3323.25
1.0
1.0

