2037.3
1.5
1.0

2055.3
1.5
1.0

2065.8
1.5
1.0

2130.8
1.5
1.0

2186.3
1.5
1.0

2238.8
1.5
1.0

2328.3
1.5
1.0

2355.8
1.5
1.0

2455.8
1.5
1.0

2596.8
1.5
1.0

2626.3
1.5
1.0

2655.3
1.5
1.0

2786.3
1.5
1.0

2813.8
1.5
1.0

2930.8
1.5
1.0

2948.3
1.5
1.0

3038.3
1.5
1.0

3048.8
1.5
1.0

3093.8
1.5
1.0

3110.3
1.5
1.0

3164.8
1.5
1.0

3345.3
1.5
1.0

3428.8
1.5
1.0

3447.8
1.5
1.0

3457.3
1.5
1.0

3515.8
1.5
1.0

3575.8
1.5
1.0

3584.8
1.5
1.0

3644.8
1.5
1.0

3784.3
1.5
1.0

3824.8
1.5
1.0

3854.3
1.5
1.0

