103.8
1.5
1.0

113.3
1.5
1.0

122.8
1.5
1.0

208.8
1.5
1.0

261.3
1.5
1.0

310.8
1.5
1.0

329.8
1.5
1.0

392.3
1.5
1.0

412.8
1.5
1.0

430.3
1.5
1.0

459.3
1.5
1.0

468.3
1.5
1.0

478.8
1.5
1.0

497.8
1.5
1.0

543.3
1.5
1.0

560.8
1.5
1.0

599.8
1.5
1.0

650.8
1.5
1.0

698.8
1.5
1.0

736.8
1.5
1.0

845.8
1.5
1.0

871.8
1.5
1.0

960.8
1.5
1.0

970.3
1.5
1.0

1076.3
1.5
1.0

1158.3
1.5
1.0

1178.3
1.5
1.0

1226.3
1.5
1.0

1276.8
1.5
1.0

1304.3
1.5
1.0

1395.8
1.5
1.0

1475.3
1.5
1.0

1524.8
1.5
1.0

1564.3
1.5
1.0

1595.8
1.5
1.0

1659.3
1.5
1.0

1695.3
1.5
1.0

1732.8
1.5
1.0

1769.3
1.5
1.0

1778.8
1.5
1.0

1797.3
1.5
1.0

1823.8
1.5
1.0

1875.8
1.5
1.0

1892.3
1.5
1.0

1931.8
1.5
1.0

1975.8
1.5
1.0

2002.3
1.5
1.0

2021.3
1.5
1.0

