222.5
1.5
1.0

266.75
1.5
1.0

356.75
1.5
1.0

376.25
1.5
1.0

413.0
1.5
1.0

555.5
1.5
1.0

617.0
1.5
1.0

628.25
1.5
1.0

637.25
1.5
1.0

645.5
1.5
1.0

662.0
1.5
1.0

675.5
1.5
1.0

717.5
1.5
1.0

736.25
1.5
1.0

828.5
1.5
1.0

844.25
1.5
1.0

907.25
1.5
1.0

925.25
1.5
1.0

954.5
1.5
1.0

996.5
1.5
1.0

1034.75
1.5
1.0

1041.5
1.5
1.0

1115.0
1.5
1.0

1131.5
1.5
1.0

1160.0
1.5
1.0

1212.5
1.5
1.0

1260.5
1.5
1.0

1293.5
1.5
1.0

1310.75
1.5
1.0

1375.25
1.5
1.0

1420.25
1.5
1.0

1494.5
1.5
1.0

1500.5
1.5
1.0

1518.5
1.5
1.0

1562.0
1.5
1.0

1572.5
1.5
1.0

1610.0
1.5
1.0

1620.5
1.5
1.0

1654.25
1.5
1.0

1744.25
1.5
1.0

1771.25
1.5
1.0

1807.25
1.5
1.0

