294.75
1.0
1.0

303.0
1.0
1.0

359.25
1.0
1.0

375.75
1.0
1.0

458.25
1.0
1.0

484.5
1.0
1.0

530.25
1.0
1.0

564.0
1.0
1.0

573.0
1.0
1.0

601.5
1.0
1.0

638.25
1.0
1.0

665.25
1.0
1.0

681.0
1.0
1.0

708.75
1.0
1.0

717.0
1.0
1.0

727.5
1.0
1.0

791.25
1.0
1.0

798.75
1.0
1.0

807.0
1.0
1.0

817.5
1.0
1.0

834.75
1.0
1.0

863.25
1.0
1.0

897.75
1.0
1.0

908.25
1.0
1.0

951.75
1.0
1.0

970.5
1.0
1.0

980.25
1.0
1.0

987.75
1.0
1.0

2708.25
1.0
1.0

2742.75
1.0
1.0

2760.75
1.0
1.0

2834.25
1.0
1.0

2850.0
1.0
1.0

2859.0
1.0
1.0

2913.75
1.0
1.0

2969.25
1.0
1.0

3012.0
1.0
1.0

3021.75
1.0
1.0

3048.0
1.0
1.0

3068.25
1.0
1.0

3085.5
1.0
1.0

3093.75
1.0
1.0

3102.75
1.0
1.0

3112.5
1.0
1.0

3130.5
1.0
1.0

3140.25
1.0
1.0

3194.25
1.0
1.0

3210.0
1.0
1.0

3230.25
1.0
1.0

3265.5
1.0
1.0

3381.75
1.0
1.0

3392.25
1.0
1.0

3399.75
1.0
1.0

3444.75
1.0
1.0

3454.5
1.0
1.0

3462.0
1.0
1.0

