1299.8
1.5
1.0

1351.8
1.5
1.0

1426.3
1.5
1.0

1472.3
1.5
1.0

1491.3
1.5
1.0

1520.3
1.5
1.0

1578.3
1.5
1.0

1685.3
1.5
1.0

1702.8
1.5
1.0

1776.8
1.5
1.0

1806.3
1.5
1.0

1817.3
1.5
1.0

1824.8
1.5
1.0

1877.3
1.5
1.0

1917.3
1.5
1.0

1927.3
1.5
1.0

1934.8
1.5
1.0

1979.3
1.5
1.0

2033.8
1.5
1.0

2079.3
1.5
1.0

2106.8
1.5
1.0

2116.8
1.5
1.0

2170.8
1.5
1.0

2181.3
1.5
1.0

3214.8
1.5
1.0

3235.3
1.5
1.0

3272.8
1.5
1.0

3318.8
1.5
1.0

3338.3
1.5
1.0

3395.8
1.5
1.0

3451.3
1.5
1.0

3469.8
1.5
1.0

3478.8
1.5
1.0

3541.8
1.5
1.0

3578.3
1.5
1.0

3643.8
1.5
1.0

3652.3
1.5
1.0

3680.3
1.5
1.0

3730.8
1.5
1.0

3787.3
1.5
1.0

3831.8
1.5
1.0

3859.3
1.5
1.0

3878.8
1.5
1.0

3961.3
1.5
1.0

4018.3
1.5
1.0

4038.3
1.5
1.0

4103.3
1.5
1.0

4119.3
1.5
1.0

