1061.75
1.5
1.0

1126.25
1.5
1.0

1172.75
1.5
1.0

1208.0
1.5
1.0

1277.0
1.5
1.0

1307.75
1.5
1.0

1380.5
1.5
1.0

1404.5
1.5
1.0

1440.5
1.5
1.0

1503.5
1.5
1.0

1522.25
1.5
1.0

1550.0
1.5
1.0

1612.25
1.5
1.0

1619.75
1.5
1.0

1640.75
1.5
1.0

1675.25
1.5
1.0

1694.75
1.5
1.0

1721.75
1.5
1.0

1784.75
1.5
1.0

1847.0
1.5
1.0

1856.75
1.5
1.0

1864.25
1.5
1.0

1871.75
1.5
1.0

1890.5
1.5
1.0

1944.5
1.5
1.0

1953.5
1.5
1.0

2007.5
1.5
1.0

2015.75
1.5
1.0

2081.0
1.5
1.0

2144.0
1.5
1.0

2179.25
1.5
1.0

2242.25
1.5
1.0

2357.0
1.5
1.0

2395.25
1.5
1.0

2439.5
1.5
1.0

2477.75
1.5
1.0

2511.5
1.5
1.0

2520.5
1.5
1.0

2537.75
1.5
1.0

2558.75
1.5
1.0

2574.5
1.5
1.0

2610.5
1.5
1.0

