3012.5
4.8
1.0

3042.0
4.8
1.0

3069.0
4.8
1.0

3139.0
4.8
1.0

3156.0
4.8
1.0

3183.0
4.8
1.0

3293.5
4.8
1.0

3367.5
4.8
1.0

3397.0
4.8
1.0

3416.5
4.8
1.0

3426.5
4.8
1.0

3511.5
4.8
1.0

3521.0
4.8
1.0

3530.0
4.8
1.0

3575.0
4.8
1.0

3603.5
4.8
1.0

3666.0
4.8
1.0

3683.0
4.8
1.0

3690.0
4.8
1.0

3708.5
4.8
1.0

3735.0
4.8
1.0

3762.0
4.8
1.0

3770.0
4.8
1.0

3780.5
4.8
1.0

3833.5
4.8
1.0

3842.5
4.8
1.0

3894.0
4.8
1.0

3902.0
4.8
1.0

3911.5
4.8
1.0

3940.5
4.8
1.0

3950.5
4.8
1.0

3968.5
4.8
1.0

