3214.0
4.8
1.0

3223.5
4.8
1.0

3325.0
4.8
1.0

3341.5
4.8
1.0

3350.0
4.8
1.0

3359.0
4.8
1.0

3387.0
4.8
1.0

3493.0
4.8
1.0

3591.5
4.8
1.0

3600.5
4.8
1.0

3611.5
4.8
1.0

3629.0
4.8
1.0

3666.0
4.8
1.0

3692.0
4.8
1.0

3701.5
4.8
1.0

3710.5
4.8
1.0

3719.0
4.8
1.0

3745.0
4.8
1.0

3806.0
4.8
1.0

3815.0
4.8
1.0

3845.0
4.8
1.0

3881.0
4.8
1.0

3930.0
4.8
1.0

3966.0
4.8
1.0

3993.0
4.8
1.0

4002.0
4.8
1.0

4028.0
4.8
1.0

4037.0
4.8
1.0

4057.0
4.8
1.0

4066.5
4.8
1.0

4085.0
4.8
1.0

4132.5
4.8
1.0

