3022.0
4.8
1.0

3089.5
4.8
1.0

3118.5
4.8
1.0

3147.0
4.8
1.0

3174.0
4.8
1.0

3210.0
4.8
1.0

3218.0
4.8
1.0

3237.0
4.8
1.0

3256.5
4.8
1.0

3276.5
4.8
1.0

3285.0
4.8
1.0

3312.5
4.8
1.0

3340.0
4.8
1.0

3357.0
4.8
1.0

3387.5
4.8
1.0

3407.0
4.8
1.0

3436.0
4.8
1.0

3473.5
4.8
1.0

3482.0
4.8
1.0

3492.5
4.8
1.0

3541.0
4.8
1.0

3594.0
4.8
1.0

3612.5
4.8
1.0

3621.5
4.8
1.0

3651.0
4.8
1.0

3699.5
4.8
1.0

3744.0
4.8
1.0

3797.5
4.8
1.0

3814.5
4.8
1.0

3879.0
4.8
1.0

3886.0
4.8
1.0

3921.5
4.8
1.0

