9.75
1.0
1.0

28.5
1.0
1.0

55.5
1.0
1.0

72.0
1.0
1.0

81.75
1.0
1.0

90.75
1.0
1.0

109.5
1.0
1.0

136.5
1.0
1.0

145.5
1.0
1.0

162.0
1.0
1.0

216.0
1.0
1.0

261.75
1.0
1.0

272.25
1.0
1.0

288.0
1.0
1.0

307.5
1.0
1.0

317.25
1.0
1.0

342.75
1.0
1.0

360.0
1.0
1.0

405.75
1.0
1.0

441.75
1.0
1.0

450.0
1.0
1.0

461.25
1.0
1.0

468.0
1.0
1.0

486.75
1.0
1.0

524.25
1.0
1.0

532.5
1.0
1.0

542.25
1.0
1.0

560.25
1.0
1.0

577.5
1.0
1.0

586.5
1.0
1.0

595.5
1.0
1.0

621.75
1.0
1.0

630.0
1.0
1.0

639.0
1.0
1.0

657.75
1.0
1.0

702.75
1.0
1.0

