297.75
1.0
1.0

306.0
1.0
1.0

315.0
1.0
1.0

333.0
1.0
1.0

351.0
1.0
1.0

387.75
1.0
1.0

442.5
1.0
1.0

450.75
1.0
1.0

468.0
1.0
1.0

477.75
1.0
1.0

496.5
1.0
1.0

504.75
1.0
1.0

523.5
1.0
1.0

532.5
1.0
1.0

540.75
1.0
1.0

551.25
1.0
1.0

603.75
1.0
1.0

612.0
1.0
1.0

621.75
1.0
1.0

658.5
1.0
1.0

667.5
1.0
1.0

685.5
1.0
1.0

695.25
1.0
1.0

704.25
1.0
1.0

711.0
1.0
1.0

739.5
1.0
1.0

749.25
1.0
1.0

766.5
1.0
1.0

783.0
1.0
1.0

810.75
1.0
1.0

839.25
1.0
1.0

856.5
1.0
1.0

893.25
1.0
1.0

902.25
1.0
1.0

945.0
1.0
1.0

954.0
1.0
1.0

2674.5
1.0
1.0

2683.5
1.0
1.0

2700.75
1.0
1.0

2736.0
1.0
1.0

2754.0
1.0
1.0

2773.5
1.0
1.0

2809.5
1.0
1.0

2817.0
1.0
1.0

2826.75
1.0
1.0

2837.25
1.0
1.0

2853.0
1.0
1.0

2862.0
1.0
1.0

2872.5
1.0
1.0

2907.75
1.0
1.0

2927.25
1.0
1.0

2936.25
1.0
1.0

2970.75
1.0
1.0

2980.5
1.0
1.0

3008.25
1.0
1.0

3060.75
1.0
1.0

3096.75
1.0
1.0

3107.25
1.0
1.0

3114.75
1.0
1.0

3123.0
1.0
1.0

3159.75
1.0
1.0

3177.0
1.0
1.0

3188.25
1.0
1.0

3195.0
1.0
1.0

3213.0
1.0
1.0

3249.0
1.0
1.0

3258.75
1.0
1.0

3267.0
1.0
1.0

3276.0
1.0
1.0

3312.0
1.0
1.0

3339.0
1.0
1.0

3348.0
1.0
1.0

