1001.25
1.0
1.0

1036.5
1.0
1.0

1071.0
1.0
1.0

1091.25
1.0
1.0

1099.5
1.0
1.0

1107.75
1.0
1.0

1125.0
1.0
1.0

1144.5
1.0
1.0

1152.75
1.0
1.0

1181.25
1.0
1.0

1269.0
1.0
1.0

1305.0
1.0
1.0

1316.25
1.0
1.0

1379.25
1.0
1.0

1422.0
1.0
1.0

1433.25
1.0
1.0

1478.25
1.0
1.0

1503.75
1.0
1.0

1530.75
1.0
1.0

1566.75
1.0
1.0

1575.75
1.0
1.0

1602.0
1.0
1.0

1611.75
1.0
1.0

1702.5
1.0
1.0

1719.0
1.0
1.0

1746.0
1.0
1.0

1757.25
1.0
1.0

1809.75
1.0
1.0

1845.0
1.0
1.0

1854.75
1.0
1.0

1874.25
1.0
1.0

1910.25
1.0
1.0

1928.25
1.0
1.0

1944.0
1.0
1.0

1954.5
1.0
1.0

1962.0
1.0
1.0

2018.25
1.0
1.0

2035.5
1.0
1.0

2043.0
1.0
1.0

2062.5
1.0
1.0

2108.25
1.0
1.0

2124.0
1.0
1.0

2133.75
1.0
1.0

2161.5
1.0
1.0

2189.25
1.0
1.0

2205.0
1.0
1.0

2296.5
1.0
1.0

2313.0
1.0
1.0

2386.5
1.0
1.0

2403.75
1.0
1.0

2440.5
1.0
1.0

2511.75
1.0
1.0

2530.5
1.0
1.0

2540.25
1.0
1.0

2547.75
1.0
1.0

2575.5
1.0
1.0

