1046.25
1.0
1.0

1099.5
1.0
1.0

1134.75
1.0
1.0

1162.5
1.0
1.0

1179.75
1.0
1.0

1226.25
1.0
1.0

1235.25
1.0
1.0

1244.25
1.0
1.0

1252.5
1.0
1.0

1325.25
1.0
1.0

1343.25
1.0
1.0

1352.25
1.0
1.0

1361.25
1.0
1.0

1395.75
1.0
1.0

1406.25
1.0
1.0

1440.0
1.0
1.0

1467.0
1.0
1.0

1503.0
1.0
1.0

1523.25
1.0
1.0

1530.75
1.0
1.0

1577.25
1.0
1.0

1638.0
1.0
1.0

1728.75
1.0
1.0

1775.25
1.0
1.0

1784.25
1.0
1.0

1793.25
1.0
1.0

1828.5
1.0
1.0

1837.5
1.0
1.0

1856.25
1.0
1.0

1863.75
1.0
1.0

1874.25
1.0
1.0

1881.0
1.0
1.0

1946.25
1.0
1.0

1990.5
1.0
1.0

2025.75
1.0
1.0

2061.0
1.0
1.0

2079.0
1.0
1.0

2089.5
1.0
1.0

2097.0
1.0
1.0

2117.25
1.0
1.0

2133.75
1.0
1.0

2143.5
1.0
1.0

2160.75
1.0
1.0

2171.25
1.0
1.0

2187.75
1.0
1.0

2232.75
1.0
1.0

2242.5
1.0
1.0

2277.75
1.0
1.0

2287.5
1.0
1.0

2340.75
1.0
1.0

2358.75
1.0
1.0

2367.0
1.0
1.0

2376.75
1.0
1.0

2412.75
1.0
1.0

2466.0
1.0
1.0

2521.5
1.0
1.0

