1060.5
4.8
1.0

1076.0
4.8
1.0

1084.5
4.8
1.0

1148.5
4.8
1.0

1175.0
4.8
1.0

1185.5
4.8
1.0

1195.5
4.8
1.0

1244.5
4.8
1.0

1271.5
4.8
1.0

1362.5
4.8
1.0

1419.5
4.8
1.0

1482.0
4.8
1.0

1510.5
4.8
1.0

1548.5
4.8
1.0

1559.5
4.8
1.0

1577.0
4.8
1.0

1586.0
4.8
1.0

1597.0
4.8
1.0

1616.0
4.8
1.0

1632.5
4.8
1.0

1673.0
4.8
1.0

1680.0
4.8
1.0

1720.5
4.8
1.0

1769.0
4.8
1.0

1838.5
4.8
1.0

1856.0
4.8
1.0

1914.5
4.8
1.0

1924.0
4.8
1.0

1951.0
4.8
1.0

1978.5
4.8
1.0

2006.5
4.8
1.0

2024.5
4.8
1.0

3013.5
4.8
1.0

3061.5
4.8
1.0

3124.5
4.8
1.0

3194.0
4.8
1.0

3220.5
4.8
1.0

3229.0
4.8
1.0

3239.0
4.8
1.0

3302.0
4.8
1.0

3313.0
4.8
1.0

3380.0
4.8
1.0

3434.0
4.8
1.0

3443.5
4.8
1.0

3460.0
4.8
1.0

3534.5
4.8
1.0

3587.0
4.8
1.0

3596.0
4.8
1.0

3623.5
4.8
1.0

3633.0
4.8
1.0

3640.5
4.8
1.0

3678.5
4.8
1.0

3689.5
4.8
1.0

3735.5
4.8
1.0

3762.5
4.8
1.0

3772.0
4.8
1.0

3780.0
4.8
1.0

3788.0
4.8
1.0

3804.0
4.8
1.0

3828.5
4.8
1.0

3844.0
4.8
1.0

3855.5
4.8
1.0

3882.0
4.8
1.0

3907.0
4.8
1.0

