1367.8
1.5
1.0

1376.3
1.5
1.0

1432.8
1.5
1.0

1443.8
1.5
1.0

1550.8
1.5
1.0

1604.3
1.5
1.0

1633.3
1.5
1.0

1678.8
1.5
1.0

1741.3
1.5
1.0

1873.8
1.5
1.0

1923.3
1.5
1.0

2021.3
1.5
1.0

2049.3
1.5
1.0

2162.3
1.5
1.0

2183.8
1.5
1.0

2237.8
1.5
1.0

3294.8
1.5
1.0

3510.3
1.5
1.0

3557.3
1.5
1.0

3567.3
1.5
1.0

3641.8
1.5
1.0

3650.3
1.5
1.0

3660.8
1.5
1.0

3686.8
1.5
1.0

3859.3
1.5
1.0

3866.8
1.5
1.0

3916.3
1.5
1.0

3926.8
1.5
1.0

4036.3
1.5
1.0

4046.3
1.5
1.0

4150.3
1.5
1.0

4177.3
1.5
1.0

