1220.3
1.5
1.0

1230.3
1.5
1.0

1240.8
1.5
1.0

1267.3
1.5
1.0

1323.8
1.5
1.0

1404.3
1.5
1.0

1443.8
1.5
1.0

1544.8
1.5
1.0

1612.8
1.5
1.0

1747.3
1.5
1.0

1754.8
1.5
1.0

1892.8
1.5
1.0

1964.3
1.5
1.0

1975.3
1.5
1.0

2002.3
1.5
1.0

2021.8
1.5
1.0

3001.3
1.5
1.0

3027.3
1.5
1.0

3156.3
1.5
1.0

3166.3
1.5
1.0

3183.3
1.5
1.0

3254.3
1.5
1.0

3298.3
1.5
1.0

3338.8
1.5
1.0

3369.8
1.5
1.0

3403.3
1.5
1.0

3431.3
1.5
1.0

3483.3
1.5
1.0

3501.3
1.5
1.0

3511.3
1.5
1.0

3583.3
1.5
1.0

3654.3
1.5
1.0

