1038.5
4.8
1.0

1048.0
4.8
1.0

1057.5
4.8
1.0

1097.5
4.8
1.0

1159.5
4.8
1.0

1188.0
4.8
1.0

1196.0
4.8
1.0

1270.0
4.8
1.0

1374.5
4.8
1.0

1392.5
4.8
1.0

1426.5
4.8
1.0

1445.0
4.8
1.0

1464.5
4.8
1.0

1475.0
4.8
1.0

1483.0
4.8
1.0

1517.5
4.8
1.0

1573.5
4.8
1.0

1600.0
4.8
1.0

1643.5
4.8
1.0

1653.0
4.8
1.0

1661.5
4.8
1.0

1690.5
4.8
1.0

1724.0
4.8
1.0

1743.5
4.8
1.0

1753.0
4.8
1.0

1821.5
4.8
1.0

1830.0
4.8
1.0

1850.0
4.8
1.0

1887.0
4.8
1.0

1904.5
4.8
1.0

1922.0
4.8
1.0

1939.5
4.8
1.0

2991.0
4.8
1.0

3028.5
4.8
1.0

3056.0
4.8
1.0

3072.5
4.8
1.0

3083.0
4.8
1.0

3093.5
4.8
1.0

3131.0
4.8
1.0

3139.5
4.8
1.0

3159.0
4.8
1.0

3198.5
4.8
1.0

3226.0
4.8
1.0

3246.5
4.8
1.0

3293.0
4.8
1.0

3312.5
4.8
1.0

3366.0
4.8
1.0

3394.0
4.8
1.0

3442.5
4.8
1.0

3462.0
4.8
1.0

3539.0
4.8
1.0

3556.5
4.8
1.0

3611.5
4.8
1.0

3646.0
4.8
1.0

3654.5
4.8
1.0

3672.0
4.8
1.0

3689.0
4.8
1.0

3762.0
4.8
1.0

3770.0
4.8
1.0

3779.0
4.8
1.0

3834.5
4.8
1.0

3842.5
4.8
1.0

3863.5
4.8
1.0

3944.5
4.8
1.0

