1111.8
4.8
1.0

1155.8
4.8
1.0

1323.3
4.8
1.0

1341.8
4.8
1.0

1588.3
4.8
1.0

1622.8
4.8
1.0

1676.3
4.8
1.0

1686.3
4.8
1.0

1713.8
4.8
1.0

1806.8
4.8
1.0

1846.8
4.8
1.0

1864.3
4.8
1.0

1973.3
4.8
1.0

1982.8
4.8
1.0

1992.8
4.8
1.0

2002.3
4.8
1.0

3053.3
4.8
1.0

3154.8
4.8
1.0

3184.3
4.8
1.0

3242.3
4.8
1.0

3268.3
4.8
1.0

3362.8
4.8
1.0

3380.8
4.8
1.0

3579.3
4.8
1.0

3633.8
4.8
1.0

3751.8
4.8
1.0

3858.3
4.8
1.0

3876.8
4.8
1.0

3885.3
4.8
1.0

3933.3
4.8
1.0

3941.3
4.8
1.0

3958.8
4.8
1.0

