3038.0
4.8
1.0

3059.5
4.8
1.0

3079.5
4.8
1.0

3099.0
4.8
1.0

3168.0
4.8
1.0

3185.0
4.8
1.0

3288.0
4.8
1.0

3304.0
4.8
1.0

3330.0
4.8
1.0

3351.5
4.8
1.0

3417.0
4.8
1.0

3491.5
4.8
1.0

3520.5
4.8
1.0

3547.0
4.8
1.0

3597.0
4.8
1.0

3605.0
4.8
1.0

3614.0
4.8
1.0

3622.5
4.8
1.0

3670.0
4.8
1.0

3740.0
4.8
1.0

3750.0
4.8
1.0

3761.5
4.8
1.0

3788.0
4.8
1.0

3798.0
4.8
1.0

3807.0
4.8
1.0

3835.5
4.8
1.0

3845.0
4.8
1.0

3854.5
4.8
1.0

3874.0
4.8
1.0

3931.0
4.8
1.0

3947.5
4.8
1.0

3966.5
4.8
1.0

