3238.5
4.8
1.0

3248.5
4.8
1.0

3256.5
4.8
1.0

3275.0
4.8
1.0

3334.5
4.8
1.0

3342.5
4.8
1.0

3350.0
4.8
1.0

3441.5
4.8
1.0

3461.5
4.8
1.0

3510.0
4.8
1.0

3518.0
4.8
1.0

3575.0
4.8
1.0

3603.0
4.8
1.0

3643.0
4.8
1.0

3692.5
4.8
1.0

3700.5
4.8
1.0

3738.0
4.8
1.0

3755.5
4.8
1.0

3803.0
4.8
1.0

3838.5
4.8
1.0

3859.0
4.8
1.0

3894.0
4.8
1.0

3905.5
4.8
1.0

3914.5
4.8
1.0

3955.5
4.8
1.0

3983.5
4.8
1.0

4010.5
4.8
1.0

4029.0
4.8
1.0

4045.5
4.8
1.0

4080.0
4.8
1.0

4098.0
4.8
1.0

4108.0
4.8
1.0

