2187.0
4.8
1.0

2196.0
4.8
1.0

2223.5
4.8
1.0

2232.0
4.8
1.0

2256.0
4.8
1.0

2273.0
4.8
1.0

2281.0
4.8
1.0

2298.0
4.8
1.0

2345.5
4.8
1.0

2364.5
4.8
1.0

2400.0
4.8
1.0

2410.5
4.8
1.0

2429.5
4.8
1.0

2438.5
4.8
1.0

2446.5
4.8
1.0

2454.0
4.8
1.0

2471.0
4.8
1.0

2517.0
4.8
1.0

2547.5
4.8
1.0

2565.0
4.8
1.0

2575.5
4.8
1.0

2585.0
4.8
1.0

2594.5
4.8
1.0

2625.0
4.8
1.0

2642.0
4.8
1.0

2650.0
4.8
1.0

2707.5
4.8
1.0

2744.5
4.8
1.0

2791.0
4.8
1.0

2800.0
4.8
1.0

2808.0
4.8
1.0

2816.0
4.8
1.0

2834.5
4.8
1.0

2843.0
4.8
1.0

2880.0
4.8
1.0

2932.0
4.8
1.0

2949.0
4.8
1.0

2957.0
4.8
1.0

2977.0
4.8
1.0

2987.0
4.8
1.0

2997.5
4.8
1.0

3006.0
4.8
1.0

3033.0
4.8
1.0

3042.0
4.8
1.0

3051.0
4.8
1.0

3061.5
4.8
1.0

3078.0
4.8
1.0

3094.0
4.8
1.0

