1067.0
4.8
1.0

1076.0
4.8
1.0

1084.5
4.8
1.0

1133.0
4.8
1.0

1142.0
4.8
1.0

1151.5
4.8
1.0

1170.5
4.8
1.0

1196.5
4.8
1.0

1227.0
4.8
1.0

1236.5
4.8
1.0

1247.0
4.8
1.0

1254.0
4.8
1.0

1272.5
4.8
1.0

1314.0
4.8
1.0

1325.0
4.8
1.0

1332.0
4.8
1.0

1350.5
4.8
1.0

1387.0
4.8
1.0

1407.0
4.8
1.0

1417.5
4.8
1.0

1446.0
4.8
1.0

1485.5
4.8
1.0

1494.5
4.8
1.0

1512.0
4.8
1.0

1521.0
4.8
1.0

1548.0
4.8
1.0

1583.0
4.8
1.0

1611.5
4.8
1.0

1629.5
4.8
1.0

1646.5
4.8
1.0

1655.0
4.8
1.0

1675.5
4.8
1.0

1692.5
4.8
1.0

1713.5
4.8
1.0

1722.0
4.8
1.0

1731.0
4.8
1.0

1764.5
4.8
1.0

1775.0
4.8
1.0

1801.5
4.8
1.0

1810.0
4.8
1.0

1837.0
4.8
1.0

1855.5
4.8
1.0

1864.5
4.8
1.0

1880.0
4.8
1.0

1899.5
4.8
1.0

1918.0
4.8
1.0

1965.5
4.8
1.0

1993.5
4.8
1.0

