1214.5
4.8
1.0

1243.5
4.8
1.0

1263.0
4.8
1.0

1283.0
4.8
1.0

1300.0
4.8
1.0

1309.0
4.8
1.0

1345.0
4.8
1.0

1362.0
4.8
1.0

1408.5
4.8
1.0

1419.0
4.8
1.0

1438.5
4.8
1.0

1465.5
4.8
1.0

1503.0
4.8
1.0

1512.5
4.8
1.0

1529.0
4.8
1.0

1539.5
4.8
1.0

1559.5
4.8
1.0

1576.5
4.8
1.0

1605.5
4.8
1.0

1633.0
4.8
1.0

1658.0
4.8
1.0

1707.5
4.8
1.0

1717.5
4.8
1.0

1727.5
4.8
1.0

1737.0
4.8
1.0

1773.5
4.8
1.0

1782.5
4.8
1.0

1792.0
4.8
1.0

1808.5
4.8
1.0

1866.5
4.8
1.0

1874.0
4.8
1.0

1882.5
4.8
1.0

1893.0
4.8
1.0

1910.5
4.8
1.0

1928.0
4.8
1.0

1946.5
4.8
1.0

1957.5
4.8
1.0

1977.0
4.8
1.0

1985.0
4.8
1.0

2004.5
4.8
1.0

2025.5
4.8
1.0

2061.5
4.8
1.0

2078.0
4.8
1.0

2117.0
4.8
1.0

2124.5
4.8
1.0

2135.0
4.8
1.0

2152.0
4.8
1.0

2163.5
4.8
1.0

