9.75
1.0
1.0

37.5
1.0
1.0

81.75
1.0
1.0

126.0
1.0
1.0

155.25
1.0
1.0

173.25
1.0
1.0

182.25
1.0
1.0

191.25
1.0
1.0

218.25
1.0
1.0

245.25
1.0
1.0

263.25
1.0
1.0

271.5
1.0
1.0

279.0
1.0
1.0

289.5
1.0
1.0

333.75
1.0
1.0

342.0
1.0
1.0

352.5
1.0
1.0

362.25
1.0
1.0

370.5
1.0
1.0

432.0
1.0
1.0

450.75
1.0
1.0

460.5
1.0
1.0

477.75
1.0
1.0

506.25
1.0
1.0

513.75
1.0
1.0

533.25
1.0
1.0

540.0
1.0
1.0

569.25
1.0
1.0

578.25
1.0
1.0

612.75
1.0
1.0

639.75
1.0
1.0

650.25
1.0
1.0

666.0
1.0
1.0

675.0
1.0
1.0

684.75
1.0
1.0

695.25
1.0
1.0

