1088.5
4.8
1.0

1132.0
4.8
1.0

1152.5
4.8
1.0

1181.5
4.8
1.0

1201.5
4.8
1.0

1210.0
4.8
1.0

1267.5
4.8
1.0

1302.5
4.8
1.0

1312.5
4.8
1.0

1330.0
4.8
1.0

1347.0
4.8
1.0

1357.0
4.8
1.0

1367.5
4.8
1.0

1405.5
4.8
1.0

1414.0
4.8
1.0

1423.5
4.8
1.0

1442.0
4.8
1.0

1461.0
4.8
1.0

1471.0
4.8
1.0

1481.5
4.8
1.0

1533.5
4.8
1.0

1553.5
4.8
1.0

1591.0
4.8
1.0

1601.0
4.8
1.0

1608.5
4.8
1.0

1617.0
4.8
1.0

1656.0
4.8
1.0

1665.5
4.8
1.0

1692.0
4.8
1.0

1701.5
4.8
1.0

1718.5
4.8
1.0

1729.0
4.8
1.0

1747.0
4.8
1.0

1764.5
4.8
1.0

1772.0
4.8
1.0

1791.5
4.8
1.0

1800.0
4.8
1.0

1808.0
4.8
1.0

1863.0
4.8
1.0

1872.5
4.8
1.0

1882.0
4.8
1.0

1910.0
4.8
1.0

1919.0
4.8
1.0

1938.0
4.8
1.0

1946.0
4.8
1.0

1984.0
4.8
1.0

2011.0
4.8
1.0

2020.5
4.8
1.0

3008.0
4.8
1.0

3027.5
4.8
1.0

3036.5
4.8
1.0

3054.0
4.8
1.0

3093.0
4.8
1.0

3119.5
4.8
1.0

3129.5
4.8
1.0

3146.0
4.8
1.0

3173.5
4.8
1.0

3192.5
4.8
1.0

3221.0
4.8
1.0

3230.0
4.8
1.0

3264.5
4.8
1.0

3272.0
4.8
1.0

3313.0
4.8
1.0

3348.5
4.8
1.0

3358.5
4.8
1.0

3377.5
4.8
1.0

3396.5
4.8
1.0

3406.0
4.8
1.0

3433.5
4.8
1.0

3452.5
4.8
1.0

3500.5
4.8
1.0

3530.5
4.8
1.0

3548.5
4.8
1.0

3558.0
4.8
1.0

3567.0
4.8
1.0

3577.5
4.8
1.0

3635.0
4.8
1.0

3644.0
4.8
1.0

3661.0
4.8
1.0

3671.5
4.8
1.0

3700.5
4.8
1.0

3711.5
4.8
1.0

3721.0
4.8
1.0

3749.0
4.8
1.0

3759.0
4.8
1.0

3769.0
4.8
1.0

3779.5
4.8
1.0

3818.0
4.8
1.0

3834.5
4.8
1.0

3842.5
4.8
1.0

3860.0
4.8
1.0

3868.5
4.8
1.0

3912.5
4.8
1.0

3958.5
4.8
1.0

3967.0
4.8
1.0

3974.5
4.8
1.0

