271.3
1.5
1.0

289.8
1.5
1.0

335.3
1.5
1.0

343.3
1.5
1.0

397.8
1.5
1.0

425.3
1.5
1.0

454.8
1.5
1.0

813.3
1.5
1.0

832.8
1.5
1.0

868.8
1.5
1.0

896.3
1.5
1.0

981.8
1.5
1.0

1001.3
1.5
1.0

1019.3
1.5
1.0

1028.8
1.5
1.0

1039.8
1.5
1.0

2062.3
1.5
1.0

2184.8
1.5
1.0

2248.3
1.5
1.0

2312.3
1.5
1.0

2373.3
1.5
1.0

2400.8
1.5
1.0

2460.3
1.5
1.0

2469.3
1.5
1.0

2505.3
1.5
1.0

2535.8
1.5
1.0

2740.3
1.5
1.0

2778.3
1.5
1.0

2787.3
1.5
1.0

2814.3
1.5
1.0

2823.3
1.5
1.0

2920.8
1.5
1.0

