1130.5
2.0
1.0

1165.75
2.0
1.0

1182.25
2.0
1.0

1208.5
2.0
1.0

1237.0
2.0
1.0

1245.25
2.0
1.0

1273.0
2.0
1.0

1345.0
2.0
1.0

1354.0
2.0
1.0

1423.75
2.0
1.0

1471.75
2.0
1.0

1498.0
2.0
1.0

1507.0
2.0
1.0

1563.25
2.0
1.0

1643.5
2.0
1.0

1706.5
2.0
1.0

1714.0
2.0
1.0

1777.0
2.0
1.0

1832.5
2.0
1.0

1882.75
2.0
1.0

1894.0
2.0
1.0

1922.5
2.0
1.0

1939.75
2.0
1.0

2002.0
2.0
1.0

2074.75
2.0
1.0

2112.25
2.0
1.0

2173.0
2.0
1.0

2281.0
2.0
1.0

2307.25
2.0
1.0

2333.5
2.0
1.0

2362.0
2.0
1.0

2416.0
2.0
1.0

2442.25
2.0
1.0

2476.75
2.0
1.0

2513.5
2.0
1.0

2523.25
2.0
1.0

