297.0
1.0
1.0

324.0
1.0
1.0

343.5
1.0
1.0

380.25
1.0
1.0

387.75
1.0
1.0

433.5
1.0
1.0

451.5
1.0
1.0

461.25
1.0
1.0

477.0
1.0
1.0

495.0
1.0
1.0

515.25
1.0
1.0

560.25
1.0
1.0

568.5
1.0
1.0

596.25
1.0
1.0

622.5
1.0
1.0

639.75
1.0
1.0

657.75
1.0
1.0

675.0
1.0
1.0

711.75
1.0
1.0

749.25
1.0
1.0

767.25
1.0
1.0

793.5
1.0
1.0

801.0
1.0
1.0

837.75
1.0
1.0

846.75
1.0
1.0

937.5
1.0
1.0

1053.0
1.0
1.0

1108.5
1.0
1.0

1854.75
1.0
1.0

1865.25
1.0
1.0

1874.25
1.0
1.0

1881.0
1.0
1.0

1917.0
1.0
1.0

1926.75
1.0
1.0

2054.25
1.0
1.0

2063.25
1.0
1.0

2097.0
1.0
1.0

2115.0
1.0
1.0

2133.0
1.0
1.0

2178.75
1.0
1.0

2207.25
1.0
1.0

2216.25
1.0
1.0

2223.75
1.0
1.0

2232.75
1.0
1.0

2259.0
1.0
1.0

2286.0
1.0
1.0

2324.25
1.0
1.0

2387.25
1.0
1.0

2440.5
1.0
1.0

2448.0
1.0
1.0

2466.75
1.0
1.0

2495.25
1.0
1.0

2512.5
1.0
1.0

2594.25
1.0
1.0

2602.5
1.0
1.0

2610.0
1.0
1.0

