1116.0
1.0
1.0

1125.0
1.0
1.0

1135.5
1.0
1.0

1154.25
1.0
1.0

1170.75
1.0
1.0

1180.5
1.0
1.0

1188.0
1.0
1.0

1233.75
1.0
1.0

1262.25
1.0
1.0

1279.5
1.0
1.0

1323.0
1.0
1.0

1343.25
1.0
1.0

1350.75
1.0
1.0

1359.0
1.0
1.0

1368.0
1.0
1.0

1424.25
1.0
1.0

1441.5
1.0
1.0

1458.75
1.0
1.0

1478.25
1.0
1.0

1495.5
1.0
1.0

1503.0
1.0
1.0

1523.25
1.0
1.0

1539.75
1.0
1.0

1549.5
1.0
1.0

1576.5
1.0
1.0

1586.25
1.0
1.0

1593.0
1.0
1.0

1630.5
1.0
1.0

1656.0
1.0
1.0

1665.0
1.0
1.0

1674.75
1.0
1.0

1684.5
1.0
1.0

1730.25
1.0
1.0

1755.75
1.0
1.0

1791.0
1.0
1.0

1802.25
1.0
1.0

2657.25
1.0
1.0

2675.25
1.0
1.0

2684.25
1.0
1.0

2727.0
1.0
1.0

2738.25
1.0
1.0

2746.5
1.0
1.0

2764.5
1.0
1.0

2773.5
1.0
1.0

2817.75
1.0
1.0

2853.0
1.0
1.0

2871.0
1.0
1.0

2880.75
1.0
1.0

2890.5
1.0
1.0

2916.75
1.0
1.0

2925.75
1.0
1.0

2970.0
1.0
1.0

2989.5
1.0
1.0

2998.5
1.0
1.0

3007.5
1.0
1.0

3024.75
1.0
1.0

3042.0
1.0
1.0

3069.75
1.0
1.0

3088.5
1.0
1.0

3097.5
1.0
1.0

3114.75
1.0
1.0

3141.0
1.0
1.0

3159.0
1.0
1.0

3177.0
1.0
1.0

3188.25
1.0
1.0

3206.25
1.0
1.0

3259.5
1.0
1.0

3294.0
1.0
1.0

3314.25
1.0
1.0

3321.0
1.0
1.0

3339.0
1.0
1.0

3348.0
1.0
1.0

