1125.0
1.0
1.0

1136.25
1.0
1.0

1145.25
1.0
1.0

1154.25
1.0
1.0

1199.25
1.0
1.0

1233.75
1.0
1.0

1269.75
1.0
1.0

1305.0
1.0
1.0

1315.5
1.0
1.0

1350.75
1.0
1.0

1361.25
1.0
1.0

1378.5
1.0
1.0

1387.5
1.0
1.0

1431.0
1.0
1.0

1476.75
1.0
1.0

1486.5
1.0
1.0

1522.5
1.0
1.0

1531.5
1.0
1.0

1549.5
1.0
1.0

1557.75
1.0
1.0

1567.5
1.0
1.0

1595.25
1.0
1.0

1603.5
1.0
1.0

1620.0
1.0
1.0

1638.0
1.0
1.0

1667.25
1.0
1.0

1676.25
1.0
1.0

1692.0
1.0
1.0

1701.75
1.0
1.0

1730.25
1.0
1.0

1748.25
1.0
1.0

1756.5
1.0
1.0

1764.75
1.0
1.0

1792.5
1.0
1.0

1802.25
1.0
1.0

1820.25
1.0
1.0

2665.5
1.0
1.0

2675.25
1.0
1.0

2683.5
1.0
1.0

2692.5
1.0
1.0

2737.5
1.0
1.0

2745.75
1.0
1.0

2799.0
1.0
1.0

2827.5
1.0
1.0

2837.25
1.0
1.0

2845.5
1.0
1.0

2871.0
1.0
1.0

2916.75
1.0
1.0

2927.25
1.0
1.0

2935.5
1.0
1.0

2953.5
1.0
1.0

2988.0
1.0
1.0

2997.75
1.0
1.0

3008.25
1.0
1.0

3015.0
1.0
1.0

3052.5
1.0
1.0

3060.75
1.0
1.0

3069.0
1.0
1.0

3096.0
1.0
1.0

3132.0
1.0
1.0

3151.5
1.0
1.0

3168.75
1.0
1.0

3177.75
1.0
1.0

3195.0
1.0
1.0

3206.25
1.0
1.0

3241.5
1.0
1.0

3268.5
1.0
1.0

3285.0
1.0
1.0

3296.25
1.0
1.0

3303.0
1.0
1.0

3339.75
1.0
1.0

3358.5
1.0
1.0

