1122.25
2.0
1.0

1129.0
2.0
1.0

1173.25
2.0
1.0

1237.0
2.0
1.0

1264.0
2.0
1.0

1309.0
2.0
1.0

1327.75
2.0
1.0

1372.0
2.0
1.0

1415.5
2.0
1.0

1480.75
2.0
1.0

1540.75
2.0
1.0

1562.5
2.0
1.0

1579.0
2.0
1.0

1597.0
2.0
1.0

1608.25
2.0
1.0

1623.25
2.0
1.0

1729.75
2.0
1.0

1759.0
2.0
1.0

2660.5
2.0
1.0

2685.25
2.0
1.0

2696.5
2.0
1.0

2749.75
2.0
1.0

2777.5
2.0
1.0

2866.75
2.0
1.0

2902.75
2.0
1.0

2909.5
2.0
1.0

2926.75
2.0
1.0

2946.25
2.0
1.0

3118.0
2.0
1.0

3136.75
2.0
1.0

3164.5
2.0
1.0

3197.5
2.0
1.0

3259.75
2.0
1.0

3297.25
2.0
1.0

3306.25
2.0
1.0

3341.5
2.0
1.0

