1167.25
2.0
1.0

1184.5
2.0
1.0

1191.25
2.0
1.0

1291.0
2.0
1.0

1354.75
2.0
1.0

1389.25
2.0
1.0

1408.0
2.0
1.0

1444.75
2.0
1.0

1497.25
2.0
1.0

1507.75
2.0
1.0

1588.0
2.0
1.0

1660.75
2.0
1.0

1714.75
2.0
1.0

1768.0
2.0
1.0

1784.5
2.0
1.0

1795.0
2.0
1.0

1805.5
2.0
1.0

1811.5
2.0
1.0

2706.25
2.0
1.0

2724.25
2.0
1.0

2742.25
2.0
1.0

2787.25
2.0
1.0

2793.25
2.0
1.0

2819.5
2.0
1.0

2829.25
2.0
1.0

2847.25
2.0
1.0

2873.5
2.0
1.0

2974.0
2.0
1.0

2984.5
2.0
1.0

3046.75
2.0
1.0

3098.5
2.0
1.0

3152.5
2.0
1.0

3189.25
2.0
1.0

3207.25
2.0
1.0

3226.75
2.0
1.0

3351.25
2.0
1.0

