3170.0
4.8
1.0

3214.0
4.8
1.0

3222.0
4.8
1.0

3247.5
4.8
1.0

3256.5
4.8
1.0

3297.5
4.8
1.0

3327.5
4.8
1.0

3356.5
4.8
1.0

3374.0
4.8
1.0

3402.5
4.8
1.0

3413.0
4.8
1.0

3422.5
4.8
1.0

3469.5
4.8
1.0

3479.0
4.8
1.0

3506.5
4.8
1.0

3516.5
4.8
1.0

3553.5
4.8
1.0

3563.5
4.8
1.0

3572.0
4.8
1.0

3591.0
4.8
1.0

3600.0
4.8
1.0

3628.5
4.8
1.0

3638.0
4.8
1.0

3647.0
4.8
1.0

3666.5
4.8
1.0

3674.0
4.8
1.0

3692.0
4.8
1.0

3701.5
4.8
1.0

3731.5
4.8
1.0

3768.0
4.8
1.0

3786.5
4.8
1.0

3812.0
4.8
1.0

3858.0
4.8
1.0

3903.5
4.8
1.0

3912.5
4.8
1.0

3931.0
4.8
1.0

3941.5
4.8
1.0

3959.5
4.8
1.0

3996.5
4.8
1.0

4016.5
4.8
1.0

4025.0
4.8
1.0

4035.5
4.8
1.0

4044.0
4.8
1.0

4061.5
4.8
1.0

4070.0
4.8
1.0

4099.0
4.8
1.0

4118.5
4.8
1.0

4126.0
4.8
1.0

