275.25
1.0
1.0

284.25
1.0
1.0

291.75
1.0
1.0

309.0
1.0
1.0

336.0
1.0
1.0

374.25
1.0
1.0

401.25
1.0
1.0

409.5
1.0
1.0

436.5
1.0
1.0

471.0
1.0
1.0

543.0
1.0
1.0

635.25
1.0
1.0

642.0
1.0
1.0

662.25
1.0
1.0

705.75
1.0
1.0

723.0
1.0
1.0

768.75
1.0
1.0

779.25
1.0
1.0

786.75
1.0
1.0

795.0
1.0
1.0

813.75
1.0
1.0

886.5
1.0
1.0

903.0
1.0
1.0

941.25
1.0
1.0

968.25
1.0
1.0

985.5
1.0
1.0

1002.0
1.0
1.0

1021.5
1.0
1.0

1857.0
1.0
1.0

1866.0
1.0
1.0

1893.75
1.0
1.0

1913.25
1.0
1.0

1940.25
1.0
1.0

1983.0
1.0
1.0

2011.5
1.0
1.0

2119.5
1.0
1.0

2128.5
1.0
1.0

2147.25
1.0
1.0

2208.75
1.0
1.0

2246.25
1.0
1.0

2281.5
1.0
1.0

2309.25
1.0
1.0

2325.75
1.0
1.0

2361.75
1.0
1.0

2406.0
1.0
1.0

2425.5
1.0
1.0

2442.0
1.0
1.0

2462.25
1.0
1.0

2496.75
1.0
1.0

2550.75
1.0
1.0

2578.5
1.0
1.0

2586.75
1.0
1.0

2595.0
1.0
1.0

2613.0
1.0
1.0

2649.75
1.0
1.0

2659.5
1.0
1.0

