1138.75
2.0
1.0

1165.75
2.0
1.0

1219.75
2.0
1.0

1245.25
2.0
1.0

1270.75
2.0
1.0

1347.25
2.0
1.0

1370.5
2.0
1.0

1416.25
2.0
1.0

1427.5
2.0
1.0

1444.0
2.0
1.0

1486.75
2.0
1.0

1497.25
2.0
1.0

1518.25
2.0
1.0

1615.75
2.0
1.0

1696.0
2.0
1.0

1758.25
2.0
1.0

1768.75
2.0
1.0

1822.0
2.0
1.0

2661.25
2.0
1.0

2694.25
2.0
1.0

2755.75
2.0
1.0

2784.25
2.0
1.0

2848.0
2.0
1.0

2857.75
2.0
1.0

2911.75
2.0
1.0

2939.5
2.0
1.0

2982.25
2.0
1.0

2994.25
2.0
1.0

3019.0
2.0
1.0

3047.5
2.0
1.0

3190.0
2.0
1.0

3228.25
2.0
1.0

3261.25
2.0
1.0

3269.5
2.0
1.0

3279.25
2.0
1.0

3324.25
2.0
1.0

