301.8
1.5
1.0

310.3
1.5
1.0

356.3
1.5
1.0

380.8
1.5
1.0

410.3
1.5
1.0

486.8
1.5
1.0

565.3
1.5
1.0

691.3
1.5
1.0

742.8
1.5
1.0

872.3
1.5
1.0

938.3
1.5
1.0

977.8
1.5
1.0

1092.3
1.5
1.0

1158.3
1.5
1.0

1189.3
1.5
1.0

1217.3
1.5
1.0

1225.8
1.5
1.0

1242.3
1.5
1.0

1308.3
1.5
1.0

1343.8
1.5
1.0

1351.3
1.5
1.0

1393.3
1.5
1.0

1412.3
1.5
1.0

1422.8
1.5
1.0

1714.8
1.5
1.0

1742.3
1.5
1.0

1869.8
1.5
1.0

1901.3
1.5
1.0

1947.3
1.5
1.0

2068.3
1.5
1.0

2084.8
1.5
1.0

2190.3
1.5
1.0

