0.0
1.0
1.0

27.75
1.0
1.0

47.25
1.0
1.0

56.25
1.0
1.0

63.75
1.0
1.0

83.25
1.0
1.0

110.25
1.0
1.0

118.5
1.0
1.0

155.25
1.0
1.0

182.25
1.0
1.0

189.0
1.0
1.0

216.0
1.0
1.0

227.25
1.0
1.0

245.25
1.0
1.0

254.25
1.0
1.0

263.25
1.0
1.0

306.0
1.0
1.0

316.5
1.0
1.0

326.25
1.0
1.0

333.75
1.0
1.0

352.5
1.0
1.0

360.75
1.0
1.0

396.75
1.0
1.0

405.0
1.0
1.0

461.25
1.0
1.0

468.0
1.0
1.0

479.25
1.0
1.0

505.5
1.0
1.0

514.5
1.0
1.0

549.75
1.0
1.0

586.5
1.0
1.0

603.75
1.0
1.0

612.0
1.0
1.0

649.5
1.0
1.0

666.75
1.0
1.0

676.5
1.0
1.0

