10.5
1.0
1.0

29.25
1.0
1.0

38.25
1.0
1.0

47.25
1.0
1.0

90.0
1.0
1.0

128.25
1.0
1.0

144.0
1.0
1.0

164.25
1.0
1.0

200.25
1.0
1.0

217.5
1.0
1.0

271.5
1.0
1.0

279.0
1.0
1.0

288.75
1.0
1.0

298.5
1.0
1.0

344.25
1.0
1.0

360.0
1.0
1.0

378.75
1.0
1.0

387.0
1.0
1.0

416.25
1.0
1.0

425.25
1.0
1.0

459.75
1.0
1.0

468.0
1.0
1.0

488.25
1.0
1.0

506.25
1.0
1.0

515.25
1.0
1.0

549.0
1.0
1.0

558.0
1.0
1.0

585.0
1.0
1.0

594.75
1.0
1.0

622.5
1.0
1.0

632.25
1.0
1.0

639.75
1.0
1.0

648.0
1.0
1.0

666.0
1.0
1.0

676.5
1.0
1.0

686.25
1.0
1.0

