1000.5
1.0
1.0

1044.0
1.0
1.0

1071.75
1.0
1.0

1081.5
1.0
1.0

1143.75
1.0
1.0

1179.0
1.0
1.0

1198.5
1.0
1.0

1206.0
1.0
1.0

1224.0
1.0
1.0

1251.75
1.0
1.0

1307.25
1.0
1.0

1368.75
1.0
1.0

1379.25
1.0
1.0

1414.5
1.0
1.0

1476.0
1.0
1.0

1485.75
1.0
1.0

1532.25
1.0
1.0

1568.25
1.0
1.0

1577.25
1.0
1.0

1593.0
1.0
1.0

1613.25
1.0
1.0

1621.5
1.0
1.0

1719.0
1.0
1.0

1737.75
1.0
1.0

1764.75
1.0
1.0

1791.75
1.0
1.0

1809.0
1.0
1.0

1819.5
1.0
1.0

2548.5
1.0
1.0

2556.0
1.0
1.0

2602.5
1.0
1.0

2718.0
1.0
1.0

2764.5
1.0
1.0

2772.0
1.0
1.0

2809.5
1.0
1.0

2826.0
1.0
1.0

2864.25
1.0
1.0

2889.0
1.0
1.0

2898.75
1.0
1.0

2909.25
1.0
1.0

2972.25
1.0
1.0

3026.25
1.0
1.0

3044.25
1.0
1.0

3062.25
1.0
1.0

3078.75
1.0
1.0

3096.0
1.0
1.0

3105.75
1.0
1.0

3114.0
1.0
1.0

3132.0
1.0
1.0

3141.75
1.0
1.0

3187.5
1.0
1.0

3197.25
1.0
1.0

3222.0
1.0
1.0

3287.25
1.0
1.0

3295.5
1.0
1.0

3330.75
1.0
1.0

