1000.5
1.0
1.0

1017.75
1.0
1.0

1027.5
1.0
1.0

1073.25
1.0
1.0

1091.25
1.0
1.0

1109.25
1.0
1.0

1127.25
1.0
1.0

1145.25
1.0
1.0

1154.25
1.0
1.0

1253.25
1.0
1.0

1260.0
1.0
1.0

1334.25
1.0
1.0

1341.0
1.0
1.0

1431.75
1.0
1.0

1440.0
1.0
1.0

1512.75
1.0
1.0

1521.0
1.0
1.0

1577.25
1.0
1.0

1595.25
1.0
1.0

1602.0
1.0
1.0

1638.0
1.0
1.0

1656.0
1.0
1.0

1667.25
1.0
1.0

1674.75
1.0
1.0

1739.25
1.0
1.0

1773.0
1.0
1.0

1784.25
1.0
1.0

1791.75
1.0
1.0

2558.25
1.0
1.0

2567.25
1.0
1.0

2592.0
1.0
1.0

2629.5
1.0
1.0

2673.75
1.0
1.0

2755.5
1.0
1.0

2765.25
1.0
1.0

2799.75
1.0
1.0

2845.5
1.0
1.0

2855.25
1.0
1.0

2871.75
1.0
1.0

2881.5
1.0
1.0

2970.75
1.0
1.0

2998.5
1.0
1.0

3025.5
1.0
1.0

3052.5
1.0
1.0

3080.25
1.0
1.0

3096.75
1.0
1.0

3106.5
1.0
1.0

3115.5
1.0
1.0

3133.5
1.0
1.0

3150.0
1.0
1.0

3169.5
1.0
1.0

3222.0
1.0
1.0

3259.5
1.0
1.0

3277.5
1.0
1.0

3294.0
1.0
1.0

3330.75
1.0
1.0

