374.5
2.0
1.0

383.5
2.0
1.0

418.0
2.0
1.0

472.0
2.0
1.0

489.25
2.0
1.0

597.25
2.0
1.0

643.0
2.0
1.0

661.0
2.0
1.0

753.25
2.0
1.0

805.75
2.0
1.0

823.75
2.0
1.0

884.5
2.0
1.0

894.25
2.0
1.0

902.5
2.0
1.0

923.5
2.0
1.0

949.75
2.0
1.0

976.0
2.0
1.0

985.0
2.0
1.0

1864.75
2.0
1.0

1893.25
2.0
1.0

1911.25
2.0
1.0

1983.25
2.0
1.0

2020.0
2.0
1.0

2029.0
2.0
1.0

2039.5
2.0
1.0

2057.5
2.0
1.0

2128.75
2.0
1.0

2145.25
2.0
1.0

2263.75
2.0
1.0

2271.25
2.0
1.0

2288.5
2.0
1.0

2425.75
2.0
1.0

2453.5
2.0
1.0

2515.75
2.0
1.0

2525.5
2.0
1.0

2533.0
2.0
1.0

