0.0
4.8
1.0

17.0
4.8
1.0

35.0
4.8
1.0

45.0
4.8
1.0

88.0
4.8
1.0

107.5
4.8
1.0

137.0
4.8
1.0

167.0
4.8
1.0

177.0
4.8
1.0

204.0
4.8
1.0

214.0
4.8
1.0

225.5
4.8
1.0

251.5
4.8
1.0

295.5
4.8
1.0

333.5
4.8
1.0

370.5
4.8
1.0

381.0
4.8
1.0

390.5
4.8
1.0

408.5
4.8
1.0

419.5
4.8
1.0

448.5
4.8
1.0

464.5
4.8
1.0

494.5
4.8
1.0

514.5
4.8
1.0

543.5
4.8
1.0

560.5
4.8
1.0

569.0
4.8
1.0

577.5
4.8
1.0

586.0
4.8
1.0

630.5
4.8
1.0

639.0
4.8
1.0

647.5
4.8
1.0

695.5
4.8
1.0

705.5
4.8
1.0

715.5
4.8
1.0

725.0
4.8
1.0

771.0
4.8
1.0

806.0
4.8
1.0

814.0
4.8
1.0

831.0
4.8
1.0

838.5
4.8
1.0

867.5
4.8
1.0

877.0
4.8
1.0

887.5
4.8
1.0

896.0
4.8
1.0

915.5
4.8
1.0

943.5
4.8
1.0

963.0
4.8
1.0

