47.25
1.0
1.0

54.75
1.0
1.0

63.0
1.0
1.0

117.0
1.0
1.0

128.25
1.0
1.0

135.0
1.0
1.0

153.0
1.0
1.0

190.5
1.0
1.0

207.75
1.0
1.0

216.75
1.0
1.0

243.0
1.0
1.0

270.0
1.0
1.0

290.25
1.0
1.0

297.0
1.0
1.0

307.5
1.0
1.0

344.25
1.0
1.0

360.0
1.0
1.0

371.25
1.0
1.0

397.5
1.0
1.0

406.5
1.0
1.0

424.5
1.0
1.0

450.75
1.0
1.0

459.0
1.0
1.0

495.0
1.0
1.0

540.0
1.0
1.0

560.25
1.0
1.0

567.0
1.0
1.0

586.5
1.0
1.0

604.5
1.0
1.0

621.0
1.0
1.0

648.75
1.0
1.0

657.75
1.0
1.0

666.0
1.0
1.0

675.0
1.0
1.0

694.5
1.0
1.0

702.75
1.0
1.0

