1206.0
4.8
1.0

1234.5
4.8
1.0

1244.0
4.8
1.0

1299.0
4.8
1.0

1306.5
4.8
1.0

1335.5
4.8
1.0

1345.0
4.8
1.0

1370.5
4.8
1.0

1378.5
4.8
1.0

1399.0
4.8
1.0

1448.0
4.8
1.0

1456.0
4.8
1.0

1465.5
4.8
1.0

1493.0
4.8
1.0

1502.5
4.8
1.0

1511.0
4.8
1.0

1540.0
4.8
1.0

1558.0
4.8
1.0

1597.0
4.8
1.0

1606.0
4.8
1.0

1614.0
4.8
1.0

1641.5
4.8
1.0

1651.5
4.8
1.0

1661.5
4.8
1.0

1671.0
4.8
1.0

1721.0
4.8
1.0

1731.5
4.8
1.0

1768.5
4.8
1.0

1784.5
4.8
1.0

1794.0
4.8
1.0

1811.5
4.8
1.0

1830.0
4.8
1.0

1875.5
4.8
1.0

1895.5
4.8
1.0

1914.0
4.8
1.0

1946.0
4.8
1.0

1954.5
4.8
1.0

1965.5
4.8
1.0

1975.5
4.8
1.0

2009.5
4.8
1.0

2019.0
4.8
1.0

2049.0
4.8
1.0

2056.0
4.8
1.0

2065.0
4.8
1.0

2085.5
4.8
1.0

2130.5
4.8
1.0

2141.5
4.8
1.0

2161.0
4.8
1.0

3144.5
4.8
1.0

3165.0
4.8
1.0

3221.5
4.8
1.0

3230.0
4.8
1.0

3238.5
4.8
1.0

3256.5
4.8
1.0

3265.0
4.8
1.0

3285.5
4.8
1.0

3294.5
4.8
1.0

3315.5
4.8
1.0

3324.0
4.8
1.0

3335.0
4.8
1.0

3355.5
4.8
1.0

3391.5
4.8
1.0

3401.5
4.8
1.0

3445.5
4.8
1.0

3464.5
4.8
1.0

3508.5
4.8
1.0

3518.0
4.8
1.0

3546.5
4.8
1.0

3593.5
4.8
1.0

3610.0
4.8
1.0

3618.0
4.8
1.0

3629.0
4.8
1.0

3646.0
4.8
1.0

3675.0
4.8
1.0

3723.0
4.8
1.0

3733.0
4.8
1.0

3763.5
4.8
1.0

3773.5
4.8
1.0

3783.5
4.8
1.0

3792.5
4.8
1.0

3838.5
4.8
1.0

3848.5
4.8
1.0

3857.0
4.8
1.0

3866.0
4.8
1.0

3904.5
4.8
1.0

3913.0
4.8
1.0

3938.5
4.8
1.0

3946.5
4.8
1.0

3966.5
4.8
1.0

3983.5
4.8
1.0

3992.0
4.8
1.0

4013.0
4.8
1.0

4022.5
4.8
1.0

4068.0
4.8
1.0

4077.5
4.8
1.0

4114.0
4.8
1.0

