360.0
1.0
1.0

389.25
1.0
1.0

407.25
1.0
1.0

443.25
1.0
1.0

496.5
1.0
1.0

541.5
1.0
1.0

585.75
1.0
1.0

594.75
1.0
1.0

603.0
1.0
1.0

632.25
1.0
1.0

667.5
1.0
1.0

693.0
1.0
1.0

711.0
1.0
1.0

748.5
1.0
1.0

792.75
1.0
1.0

803.25
1.0
1.0

829.5
1.0
1.0

855.75
1.0
1.0

866.25
1.0
1.0

927.75
1.0
1.0

956.25
1.0
1.0

963.75
1.0
1.0

982.5
1.0
1.0

992.25
1.0
1.0

1008.75
1.0
1.0

1036.5
1.0
1.0

1054.5
1.0
1.0

1071.0
1.0
1.0

2547.75
1.0
1.0

2556.0
1.0
1.0

2611.5
1.0
1.0

2629.5
1.0
1.0

2675.25
1.0
1.0

2709.75
1.0
1.0

2781.0
1.0
1.0

2801.25
1.0
1.0

2826.0
1.0
1.0

2882.25
1.0
1.0

2899.5
1.0
1.0

2961.75
1.0
1.0

2997.75
1.0
1.0

3024.0
1.0
1.0

3060.75
1.0
1.0

3069.75
1.0
1.0

3088.5
1.0
1.0

3134.25
1.0
1.0

3150.75
1.0
1.0

3170.25
1.0
1.0

3195.0
1.0
1.0

3222.75
1.0
1.0

3231.75
1.0
1.0

3260.25
1.0
1.0

3278.25
1.0
1.0

3285.0
1.0
1.0

3294.0
1.0
1.0

3330.0
1.0
1.0

