288.75
1.0
1.0

297.0
1.0
1.0

335.25
1.0
1.0

369.0
1.0
1.0

388.5
1.0
1.0

460.5
1.0
1.0

468.0
1.0
1.0

478.5
1.0
1.0

488.25
1.0
1.0

513.75
1.0
1.0

558.0
1.0
1.0

594.0
1.0
1.0

621.0
1.0
1.0

650.25
1.0
1.0

677.25
1.0
1.0

713.25
1.0
1.0

792.75
1.0
1.0

819.0
1.0
1.0

846.0
1.0
1.0

866.25
1.0
1.0

882.75
1.0
1.0

920.25
1.0
1.0

938.25
1.0
1.0

999.0
1.0
1.0

1026.0
1.0
1.0

1054.5
1.0
1.0

1073.25
1.0
1.0

1089.0
1.0
1.0

2575.5
1.0
1.0

2592.75
1.0
1.0

2628.75
1.0
1.0

2637.75
1.0
1.0

2682.75
1.0
1.0

2711.25
1.0
1.0

2783.25
1.0
1.0

2826.0
1.0
1.0

2845.5
1.0
1.0

2862.0
1.0
1.0

2871.0
1.0
1.0

2882.25
1.0
1.0

2890.5
1.0
1.0

2925.0
1.0
1.0

2953.5
1.0
1.0

2981.25
1.0
1.0

3034.5
1.0
1.0

3053.25
1.0
1.0

3069.0
1.0
1.0

3078.75
1.0
1.0

3168.0
1.0
1.0

3186.0
1.0
1.0

3215.25
1.0
1.0

3276.75
1.0
1.0

3286.5
1.0
1.0

3294.0
1.0
1.0

3312.75
1.0
1.0

3322.5
1.0
1.0

