315.75
1.0
1.0

326.25
1.0
1.0

405.0
1.0
1.0

450.0
1.0
1.0

497.25
1.0
1.0

505.5
1.0
1.0

522.75
1.0
1.0

576.75
1.0
1.0

639.75
1.0
1.0

659.25
1.0
1.0

704.25
1.0
1.0

720.75
1.0
1.0

729.0
1.0
1.0

740.25
1.0
1.0

765.75
1.0
1.0

803.25
1.0
1.0

830.25
1.0
1.0

855.75
1.0
1.0

892.5
1.0
1.0

902.25
1.0
1.0

928.5
1.0
1.0

956.25
1.0
1.0

972.0
1.0
1.0

1010.25
1.0
1.0

1017.0
1.0
1.0

1035.75
1.0
1.0

1044.75
1.0
1.0

1108.5
1.0
1.0

2549.25
1.0
1.0

2565.0
1.0
1.0

2583.0
1.0
1.0

2603.25
1.0
1.0

2648.25
1.0
1.0

2656.5
1.0
1.0

2665.5
1.0
1.0

2674.5
1.0
1.0

2729.25
1.0
1.0

2853.0
1.0
1.0

2907.0
1.0
1.0

2918.25
1.0
1.0

2944.5
1.0
1.0

2962.5
1.0
1.0

2988.0
1.0
1.0

2997.0
1.0
1.0

3026.25
1.0
1.0

3044.25
1.0
1.0

3087.75
1.0
1.0

3106.5
1.0
1.0

3123.0
1.0
1.0

3133.5
1.0
1.0

3152.25
1.0
1.0

3177.75
1.0
1.0

3195.0
1.0
1.0

3249.0
1.0
1.0

3330.75
1.0
1.0

3350.25
1.0
1.0

