314.8
1.5
1.0

376.8
1.5
1.0

416.3
1.5
1.0

479.8
1.5
1.0

531.8
1.5
1.0

603.8
1.5
1.0

735.8
1.5
1.0

745.8
1.5
1.0

815.8
1.5
1.0

933.3
1.5
1.0

986.3
1.5
1.0

1005.8
1.5
1.0

1113.3
1.5
1.0

1130.8
1.5
1.0

1160.8
1.5
1.0

1186.8
1.5
1.0

2226.8
1.5
1.0

2315.8
1.5
1.0

2399.3
1.5
1.0

2407.3
1.5
1.0

2466.3
1.5
1.0

2523.3
1.5
1.0

2569.3
1.5
1.0

2615.8
1.5
1.0

2753.3
1.5
1.0

2761.3
1.5
1.0

2799.3
1.5
1.0

2857.8
1.5
1.0

2911.3
1.5
1.0

2973.8
1.5
1.0

3017.3
1.5
1.0

3064.8
1.5
1.0

