1369.3
1.5
1.0

1413.3
1.5
1.0

1529.8
1.5
1.0

1567.3
1.5
1.0

1718.8
1.5
1.0

1807.8
1.5
1.0

1859.3
1.5
1.0

1877.8
1.5
1.0

1947.8
1.5
1.0

1955.3
1.5
1.0

1992.8
1.5
1.0

2029.3
1.5
1.0

2046.8
1.5
1.0

2064.8
1.5
1.0

2093.8
1.5
1.0

2103.8
1.5
1.0

2120.8
1.5
1.0

2139.3
1.5
1.0

2158.3
1.5
1.0

2229.8
1.5
1.0

2249.3
1.5
1.0

2277.3
1.5
1.0

2294.3
1.5
1.0

2305.3
1.5
1.0

3311.3
1.5
1.0

3318.8
1.5
1.0

3365.8
1.5
1.0

3401.3
1.5
1.0

3518.3
1.5
1.0

3544.8
1.5
1.0

3579.3
1.5
1.0

3597.3
1.5
1.0

3605.8
1.5
1.0

3657.8
1.5
1.0

3739.8
1.5
1.0

3758.8
1.5
1.0

3777.3
1.5
1.0

3806.8
1.5
1.0

3815.3
1.5
1.0

3870.8
1.5
1.0

3926.3
1.5
1.0

3979.3
1.5
1.0

4026.8
1.5
1.0

4072.8
1.5
1.0

4160.3
1.5
1.0

4198.8
1.5
1.0

4216.3
1.5
1.0

4245.3
1.5
1.0

