392.8
1.5
1.0

439.8
1.5
1.0

528.3
1.5
1.0

538.3
1.5
1.0

678.8
1.5
1.0

688.3
1.5
1.0

709.8
1.5
1.0

823.3
1.5
1.0

926.3
1.5
1.0

989.8
1.5
1.0

1023.3
1.5
1.0

1060.3
1.5
1.0

1204.3
1.5
1.0

1264.8
1.5
1.0

1289.3
1.5
1.0

1305.8
1.5
1.0

2332.3
1.5
1.0

2384.8
1.5
1.0

2479.8
1.5
1.0

2640.3
1.5
1.0

2669.8
1.5
1.0

2733.3
1.5
1.0

2750.8
1.5
1.0

2788.3
1.5
1.0

2806.8
1.5
1.0

2934.3
1.5
1.0

3001.3
1.5
1.0

3069.8
1.5
1.0

3107.3
1.5
1.0

3188.3
1.5
1.0

3198.3
1.5
1.0

3227.3
1.5
1.0

