428.8
1.5
1.0

454.8
1.5
1.0

547.8
1.5
1.0

604.3
1.5
1.0

623.3
1.5
1.0

728.8
1.5
1.0

781.3
1.5
1.0

886.8
1.5
1.0

936.3
1.5
1.0

955.8
1.5
1.0

997.3
1.5
1.0

1005.3
1.5
1.0

1032.3
1.5
1.0

1214.3
1.5
1.0

1254.3
1.5
1.0

1273.8
1.5
1.0

2367.8
1.5
1.0

2376.8
1.5
1.0

2432.3
1.5
1.0

2470.8
1.5
1.0

2584.8
1.5
1.0

2611.3
1.5
1.0

2724.3
1.5
1.0

2759.8
1.5
1.0

2779.3
1.5
1.0

2797.8
1.5
1.0

2844.8
1.5
1.0

2869.8
1.5
1.0

2914.8
1.5
1.0

3031.3
1.5
1.0

3077.8
1.5
1.0

3161.8
1.5
1.0

