1086.5
4.8
1.0

1097.5
4.8
1.0

1149.5
4.8
1.0

1168.5
4.8
1.0

1195.5
4.8
1.0

1214.0
4.8
1.0

1233.0
4.8
1.0

1250.0
4.8
1.0

1277.0
4.8
1.0

1287.0
4.8
1.0

1305.0
4.8
1.0

1325.5
4.8
1.0

1343.5
4.8
1.0

1400.5
4.8
1.0

1419.0
4.8
1.0

1426.0
4.8
1.0

1435.0
4.8
1.0

1455.0
4.8
1.0

1473.5
4.8
1.0

1500.0
4.8
1.0

1597.0
4.8
1.0

1617.0
4.8
1.0

1626.5
4.8
1.0

1690.0
4.8
1.0

1727.5
4.8
1.0

1736.0
4.8
1.0

1765.0
4.8
1.0

1774.5
4.8
1.0

1821.0
4.8
1.0

1932.5
4.8
1.0

1943.5
4.8
1.0

1972.0
4.8
1.0

