0.75
1.0
1.0

20.25
1.0
1.0

27.75
1.0
1.0

45.0
1.0
1.0

54.0
1.0
1.0

73.5
1.0
1.0

83.25
1.0
1.0

128.25
1.0
1.0

145.5
1.0
1.0

163.5
1.0
1.0

171.0
1.0
1.0

189.0
1.0
1.0

200.25
1.0
1.0

216.75
1.0
1.0

236.25
1.0
1.0

281.25
1.0
1.0

297.75
1.0
1.0

307.5
1.0
1.0

315.75
1.0
1.0

333.0
1.0
1.0

344.25
1.0
1.0

360.75
1.0
1.0

369.0
1.0
1.0

380.25
1.0
1.0

407.25
1.0
1.0

433.5
1.0
1.0

459.0
1.0
1.0

495.0
1.0
1.0

514.5
1.0
1.0

531.75
1.0
1.0

540.0
1.0
1.0

558.0
1.0
1.0

567.75
1.0
1.0

612.0
1.0
1.0

639.0
1.0
1.0

659.25
1.0
1.0

702.0
1.0
1.0

729.75
1.0
1.0

747.0
1.0
1.0

775.5
1.0
1.0

783.75
1.0
1.0

801.75
1.0
1.0

