27.75
1.0
1.0

74.25
1.0
1.0

81.75
1.0
1.0

101.25
1.0
1.0

127.5
1.0
1.0

137.25
1.0
1.0

155.25
1.0
1.0

181.5
1.0
1.0

189.75
1.0
1.0

207.0
1.0
1.0

225.0
1.0
1.0

234.0
1.0
1.0

243.0
1.0
1.0

308.25
1.0
1.0

317.25
1.0
1.0

335.25
1.0
1.0

361.5
1.0
1.0

380.25
1.0
1.0

434.25
1.0
1.0

441.75
1.0
1.0

452.25
1.0
1.0

468.0
1.0
1.0

478.5
1.0
1.0

506.25
1.0
1.0

513.0
1.0
1.0

523.5
1.0
1.0

531.75
1.0
1.0

540.75
1.0
1.0

560.25
1.0
1.0

595.5
1.0
1.0

648.75
1.0
1.0

659.25
1.0
1.0

667.5
1.0
1.0

675.0
1.0
1.0

694.5
1.0
1.0

702.0
1.0
1.0

