1044.0
1.0
1.0

1099.5
1.0
1.0

1197.0
1.0
1.0

1217.25
1.0
1.0

1233.75
1.0
1.0

1280.25
1.0
1.0

1289.25
1.0
1.0

1332.75
1.0
1.0

1433.25
1.0
1.0

1458.0
1.0
1.0

1478.25
1.0
1.0

1496.25
1.0
1.0

1512.0
1.0
1.0

1523.25
1.0
1.0

1567.5
1.0
1.0

1575.0
1.0
1.0

1585.5
1.0
1.0

1612.5
1.0
1.0

1631.25
1.0
1.0

1638.0
1.0
1.0

1657.5
1.0
1.0

1674.0
1.0
1.0

1683.75
1.0
1.0

1729.5
1.0
1.0

1746.75
1.0
1.0

1773.75
1.0
1.0

1782.75
1.0
1.0

1800.75
1.0
1.0

1827.75
1.0
1.0

1845.75
1.0
1.0

1918.5
1.0
1.0

1926.0
1.0
1.0

1946.25
1.0
1.0

1962.0
1.0
1.0

1972.5
1.0
1.0

1981.5
1.0
1.0

1999.5
1.0
1.0

2034.75
1.0
1.0

2045.25
1.0
1.0

2061.75
1.0
1.0

2117.25
1.0
1.0

2125.5
1.0
1.0

2205.0
1.0
1.0

2242.5
1.0
1.0

2268.0
1.0
1.0

2340.75
1.0
1.0

2367.0
1.0
1.0

2378.25
1.0
1.0

2385.75
1.0
1.0

2421.75
1.0
1.0

2484.0
1.0
1.0

2511.75
1.0
1.0

2557.5
1.0
1.0

2601.75
1.0
1.0

2611.5
1.0
1.0

2647.5
1.0
1.0

