999.75
1.0
1.0

1019.25
1.0
1.0

1045.5
1.0
1.0

1063.5
1.0
1.0

1108.5
1.0
1.0

1153.5
1.0
1.0

1170.75
1.0
1.0

1179.75
1.0
1.0

1253.25
1.0
1.0

1278.75
1.0
1.0

1288.5
1.0
1.0

1314.0
1.0
1.0

1396.5
1.0
1.0

1406.25
1.0
1.0

1415.25
1.0
1.0

1422.75
1.0
1.0

1450.5
1.0
1.0

1495.5
1.0
1.0

1539.0
1.0
1.0

1577.25
1.0
1.0

1611.0
1.0
1.0

1647.0
1.0
1.0

1685.25
1.0
1.0

1719.0
1.0
1.0

1737.0
1.0
1.0

1755.0
1.0
1.0

1765.5
1.0
1.0

1800.75
1.0
1.0

1837.5
1.0
1.0

1874.25
1.0
1.0

1918.5
1.0
1.0

1964.25
1.0
1.0

1998.0
1.0
1.0

2054.25
1.0
1.0

2071.5
1.0
1.0

2099.25
1.0
1.0

2153.25
1.0
1.0

2171.25
1.0
1.0

2205.0
1.0
1.0

2241.0
1.0
1.0

2260.5
1.0
1.0

2268.75
1.0
1.0

2332.5
1.0
1.0

2367.75
1.0
1.0

2378.25
1.0
1.0

2396.25
1.0
1.0

2430.0
1.0
1.0

2493.0
1.0
1.0

2513.25
1.0
1.0

2567.25
1.0
1.0

2575.5
1.0
1.0

2583.0
1.0
1.0

2592.0
1.0
1.0

2620.5
1.0
1.0

2629.5
1.0
1.0

2648.25
1.0
1.0

