308.5
2.0
1.0

318.25
2.0
1.0

347.5
2.0
1.0

381.25
2.0
1.0

391.75
2.0
1.0

399.25
2.0
1.0

445.0
2.0
1.0

455.5
2.0
1.0

553.0
2.0
1.0

571.0
2.0
1.0

652.0
2.0
1.0

661.0
2.0
1.0

714.25
2.0
1.0

726.25
2.0
1.0

787.0
2.0
1.0

895.0
2.0
1.0

931.0
2.0
1.0

948.25
2.0
1.0

2675.5
2.0
1.0

2751.25
2.0
1.0

2766.25
2.0
1.0

2812.0
2.0
1.0

2848.0
2.0
1.0

2876.5
2.0
1.0

2893.0
2.0
1.0

2911.75
2.0
1.0

3007.75
2.0
1.0

3073.0
2.0
1.0

3090.25
2.0
1.0

3107.5
2.0
1.0

3117.25
2.0
1.0

3135.25
2.0
1.0

3197.5
2.0
1.0

3271.0
2.0
1.0

3315.25
2.0
1.0

3344.5
2.0
1.0

