247.5
4.8
1.0

267.0
4.8
1.0

296.0
4.8
1.0

323.0
4.8
1.0

353.5
4.8
1.0

380.5
4.8
1.0

420.5
4.8
1.0

468.5
4.8
1.0

479.5
4.8
1.0

536.5
4.8
1.0

544.0
4.8
1.0

552.0
4.8
1.0

561.0
4.8
1.0

581.0
4.8
1.0

589.0
4.8
1.0

609.5
4.8
1.0

619.0
4.8
1.0

666.0
4.8
1.0

675.5
4.8
1.0

702.0
4.8
1.0

729.5
4.8
1.0

739.0
4.8
1.0

749.0
4.8
1.0

756.0
4.8
1.0

814.5
4.8
1.0

833.0
4.8
1.0

862.0
4.8
1.0

873.5
4.8
1.0

883.5
4.8
1.0

893.5
4.8
1.0

910.5
4.8
1.0

918.0
4.8
1.0

944.5
4.8
1.0

975.5
4.8
1.0

984.5
4.8
1.0

992.5
4.8
1.0

1003.5
4.8
1.0

1029.0
4.8
1.0

1047.5
4.8
1.0

1067.5
4.8
1.0

1094.0
4.8
1.0

1112.5
4.8
1.0

1120.5
4.8
1.0

1130.0
4.8
1.0

1178.0
4.8
1.0

1206.5
4.8
1.0

1217.5
4.8
1.0

1226.5
4.8
1.0

