334.5
1.0
1.0

351.0
1.0
1.0

369.75
1.0
1.0

398.25
1.0
1.0

450.0
1.0
1.0

497.25
1.0
1.0

506.25
1.0
1.0

524.25
1.0
1.0

569.25
1.0
1.0

587.25
1.0
1.0

614.25
1.0
1.0

632.25
1.0
1.0

649.5
1.0
1.0

666.75
1.0
1.0

729.75
1.0
1.0

756.75
1.0
1.0

792.0
1.0
1.0

803.25
1.0
1.0

819.75
1.0
1.0

847.5
1.0
1.0

864.0
1.0
1.0

875.25
1.0
1.0

892.5
1.0
1.0

928.5
1.0
1.0

947.25
1.0
1.0

963.0
1.0
1.0

1080.0
1.0
1.0

1089.75
1.0
1.0

1909.5
1.0
1.0

1917.0
1.0
1.0

1926.0
1.0
1.0

1945.5
1.0
1.0

1962.0
1.0
1.0

1990.5
1.0
1.0

2016.75
1.0
1.0

2027.25
1.0
1.0

2043.0
1.0
1.0

2061.75
1.0
1.0

2072.25
1.0
1.0

2117.25
1.0
1.0

2196.0
1.0
1.0

2205.75
1.0
1.0

2214.0
1.0
1.0

2223.0
1.0
1.0

2243.25
1.0
1.0

2260.5
1.0
1.0

2322.0
1.0
1.0

2333.25
1.0
1.0

2349.75
1.0
1.0

2466.0
1.0
1.0

2477.25
1.0
1.0

2485.5
1.0
1.0

2566.5
1.0
1.0

2593.5
1.0
1.0

2612.25
1.0
1.0

2638.5
1.0
1.0

