1137.25
2.0
1.0

1145.5
2.0
1.0

1182.25
2.0
1.0

1219.0
2.0
1.0

1235.5
2.0
1.0

1318.75
2.0
1.0

1354.0
2.0
1.0

1362.25
2.0
1.0

1418.5
2.0
1.0

1462.75
2.0
1.0

1532.5
2.0
1.0

1580.5
2.0
1.0

1617.25
2.0
1.0

1651.0
2.0
1.0

1660.0
2.0
1.0

1686.25
2.0
1.0

1740.25
2.0
1.0

1785.25
2.0
1.0

2695.75
2.0
1.0

2713.0
2.0
1.0

2758.0
2.0
1.0

2791.75
2.0
1.0

2857.75
2.0
1.0

2918.5
2.0
1.0

2928.25
2.0
1.0

2983.75
2.0
1.0

3010.75
2.0
1.0

3018.25
2.0
1.0

3109.0
2.0
1.0

3127.75
2.0
1.0

3189.25
2.0
1.0

3217.0
2.0
1.0

3289.75
2.0
1.0

3343.75
2.0
1.0

3350.5
2.0
1.0

3360.25
2.0
1.0

