399.8
1.5
1.0

495.8
1.5
1.0

573.8
1.5
1.0

592.3
1.5
1.0

601.3
1.5
1.0

749.3
1.5
1.0

757.8
1.5
1.0

776.3
1.5
1.0

856.3
1.5
1.0

886.8
1.5
1.0

944.8
1.5
1.0

1073.8
1.5
1.0

1089.8
1.5
1.0

1183.8
1.5
1.0

1307.8
1.5
1.0

1316.3
1.5
1.0

1379.3
1.5
1.0

1406.8
1.5
1.0

1493.3
1.5
1.0

1517.8
1.5
1.0

1525.3
1.5
1.0

1558.8
1.5
1.0

1601.8
1.5
1.0

1641.3
1.5
1.0

1659.3
1.5
1.0

1720.3
1.5
1.0

1804.8
1.5
1.0

1954.3
1.5
1.0

1963.8
1.5
1.0

2026.8
1.5
1.0

2190.3
1.5
1.0

2282.3
1.5
1.0

