383.8
1.5
1.0

417.8
1.5
1.0

447.3
1.5
1.0

533.8
1.5
1.0

543.8
1.5
1.0

619.3
1.5
1.0

673.8
1.5
1.0

701.8
1.5
1.0

739.3
1.5
1.0

787.3
1.5
1.0

847.8
1.5
1.0

935.3
1.5
1.0

1109.3
1.5
1.0

1129.3
1.5
1.0

1149.3
1.5
1.0

1156.8
1.5
1.0

1415.8
1.5
1.0

1473.8
1.5
1.0

1501.3
1.5
1.0

1533.8
1.5
1.0

1549.8
1.5
1.0

1787.8
1.5
1.0

1842.8
1.5
1.0

1879.3
1.5
1.0

1889.3
1.5
1.0

1990.3
1.5
1.0

2099.3
1.5
1.0

2108.8
1.5
1.0

2128.3
1.5
1.0

2237.3
1.5
1.0

2273.8
1.5
1.0

2301.8
1.5
1.0

