1365.5
4.8
1.0

1375.5
4.8
1.0

1384.0
4.8
1.0

1392.5
4.8
1.0

1419.5
4.8
1.0

1429.5
4.8
1.0

1438.5
4.8
1.0

1456.5
4.8
1.0

1466.0
4.8
1.0

1494.0
4.8
1.0

1539.0
4.8
1.0

1548.5
4.8
1.0

1575.0
4.8
1.0

1584.0
4.8
1.0

1630.5
4.8
1.0

1638.0
4.8
1.0

1666.0
4.8
1.0

1675.5
4.8
1.0

1684.0
4.8
1.0

1708.5
4.8
1.0

1736.5
4.8
1.0

1755.5
4.8
1.0

1765.0
4.8
1.0

1790.5
4.8
1.0

1799.0
4.8
1.0

1808.0
4.8
1.0

1835.5
4.8
1.0

1844.0
4.8
1.0

1861.0
4.8
1.0

1903.0
4.8
1.0

1938.5
4.8
1.0

1958.0
4.8
1.0

1969.5
4.8
1.0

1996.0
4.8
1.0

2006.5
4.8
1.0

2016.0
4.8
1.0

2052.0
4.8
1.0

2091.0
4.8
1.0

2101.5
4.8
1.0

2139.0
4.8
1.0

2172.0
4.8
1.0

2183.5
4.8
1.0

2193.0
4.8
1.0

2203.0
4.8
1.0

2239.0
4.8
1.0

2248.0
4.8
1.0

2258.0
4.8
1.0

2300.0
4.8
1.0

2326.0
4.8
1.0

2350.0
4.8
1.0

2375.5
4.8
1.0

2403.0
4.8
1.0

2459.5
4.8
1.0

2469.5
4.8
1.0

2478.0
4.8
1.0

2508.0
4.8
1.0

2516.0
4.8
1.0

2526.0
4.8
1.0

2542.0
4.8
1.0

2550.5
4.8
1.0

2580.5
4.8
1.0

2618.5
4.8
1.0

2629.0
4.8
1.0

2685.5
4.8
1.0

2694.5
4.8
1.0

2705.5
4.8
1.0

2735.0
4.8
1.0

2753.5
4.8
1.0

2763.5
4.8
1.0

2772.5
4.8
1.0

2780.0
4.8
1.0

2816.5
4.8
1.0

2832.5
4.8
1.0

2860.5
4.8
1.0

2868.0
4.8
1.0

2894.0
4.8
1.0

2933.5
4.8
1.0

2943.0
4.8
1.0

2973.0
4.8
1.0

2983.5
4.8
1.0

3018.5
4.8
1.0

3029.0
4.8
1.0

3036.5
4.8
1.0

3054.5
4.8
1.0

3064.5
4.8
1.0

3073.5
4.8
1.0

3126.5
4.8
1.0

3134.0
4.8
1.0

3145.0
4.8
1.0

3155.0
4.8
1.0

3174.0
4.8
1.0

3183.0
4.8
1.0

3200.5
4.8
1.0

3239.5
4.8
1.0

3248.5
4.8
1.0

3266.5
4.8
1.0

