289.5
1.0
1.0

297.75
1.0
1.0

316.5
1.0
1.0

333.0
1.0
1.0

361.5
1.0
1.0

387.75
1.0
1.0

406.5
1.0
1.0

441.0
1.0
1.0

450.75
1.0
1.0

504.0
1.0
1.0

524.25
1.0
1.0

549.0
1.0
1.0

569.25
1.0
1.0

594.75
1.0
1.0

614.25
1.0
1.0

621.75
1.0
1.0

639.75
1.0
1.0

648.0
1.0
1.0

711.0
1.0
1.0

731.25
1.0
1.0

767.25
1.0
1.0

784.5
1.0
1.0

803.25
1.0
1.0

819.0
1.0
1.0

981.75
1.0
1.0

1026.0
1.0
1.0

1064.25
1.0
1.0

1091.25
1.0
1.0

1829.25
1.0
1.0

1882.5
1.0
1.0

1890.0
1.0
1.0

1927.5
1.0
1.0

1944.75
1.0
1.0

1962.75
1.0
1.0

2000.25
1.0
1.0

2007.0
1.0
1.0

2045.25
1.0
1.0

2080.5
1.0
1.0

2117.25
1.0
1.0

2187.0
1.0
1.0

2197.5
1.0
1.0

2206.5
1.0
1.0

2215.5
1.0
1.0

2259.0
1.0
1.0

2277.75
1.0
1.0

2296.5
1.0
1.0

2340.0
1.0
1.0

2368.5
1.0
1.0

2403.75
1.0
1.0

2466.75
1.0
1.0

2475.75
1.0
1.0

2547.0
1.0
1.0

2556.75
1.0
1.0

2602.5
1.0
1.0

2621.25
1.0
1.0

2628.0
1.0
1.0

