462.8
1.5
1.0

560.3
1.5
1.0

570.3
1.5
1.0

601.8
1.5
1.0

627.8
1.5
1.0

646.8
1.5
1.0

711.3
1.5
1.0

758.3
1.5
1.0

820.3
1.5
1.0

867.3
1.5
1.0

985.3
1.5
1.0

1001.8
1.5
1.0

1087.8
1.5
1.0

1136.8
1.5
1.0

1171.8
1.5
1.0

1210.3
1.5
1.0

3291.3
1.5
1.0

3338.8
1.5
1.0

3382.3
1.5
1.0

3473.8
1.5
1.0

3500.8
1.5
1.0

3519.8
1.5
1.0

3647.8
1.5
1.0

3760.8
1.5
1.0

3809.3
1.5
1.0

3819.3
1.5
1.0

3909.3
1.5
1.0

3990.3
1.5
1.0

4079.3
1.5
1.0

4098.3
1.5
1.0

4175.8
1.5
1.0

4184.8
1.5
1.0

