285.3
1.5
1.0

322.3
1.5
1.0

331.8
1.5
1.0

477.8
1.5
1.0

522.3
1.5
1.0

649.3
1.5
1.0

669.3
1.5
1.0

678.8
1.5
1.0

695.8
1.5
1.0

814.8
1.5
1.0

883.3
1.5
1.0

930.3
1.5
1.0

1026.8
1.5
1.0

1046.3
1.5
1.0

1073.8
1.5
1.0

1158.8
1.5
1.0

3193.3
1.5
1.0

3202.8
1.5
1.0

3352.3
1.5
1.0

3414.8
1.5
1.0

3475.8
1.5
1.0

3645.8
1.5
1.0

3697.8
1.5
1.0

3754.3
1.5
1.0

3763.3
1.5
1.0

3772.3
1.5
1.0

3836.8
1.5
1.0

3947.8
1.5
1.0

4033.8
1.5
1.0

4077.3
1.5
1.0

4087.8
1.5
1.0

4096.8
1.5
1.0

