398.8
1.5
1.0

408.8
1.5
1.0

427.3
1.5
1.0

493.3
1.5
1.0

523.3
1.5
1.0

551.8
1.5
1.0

684.8
1.5
1.0

749.3
1.5
1.0

856.8
1.5
1.0

1020.8
1.5
1.0

1069.3
1.5
1.0

1106.3
1.5
1.0

1200.3
1.5
1.0

1257.3
1.5
1.0

1284.8
1.5
1.0

1311.8
1.5
1.0

3280.3
1.5
1.0

3310.8
1.5
1.0

3422.8
1.5
1.0

3509.3
1.5
1.0

3557.3
1.5
1.0

3587.8
1.5
1.0

3603.3
1.5
1.0

3706.8
1.5
1.0

3791.3
1.5
1.0

3849.8
1.5
1.0

3927.8
1.5
1.0

4011.3
1.5
1.0

4028.3
1.5
1.0

4069.3
1.5
1.0

4204.3
1.5
1.0

4223.8
1.5
1.0

