1119.25
2.0
1.0

1209.25
2.0
1.0

1219.75
2.0
1.0

1246.75
2.0
1.0

1289.5
2.0
1.0

1354.0
2.0
1.0

1370.5
2.0
1.0

1426.0
2.0
1.0

1462.75
2.0
1.0

1491.25
2.0
1.0

1516.0
2.0
1.0

1525.0
2.0
1.0

1586.5
2.0
1.0

1603.75
2.0
1.0

1705.0
2.0
1.0

1738.75
2.0
1.0

1784.5
2.0
1.0

1794.25
2.0
1.0

2686.0
2.0
1.0

2848.75
2.0
1.0

2892.25
2.0
1.0

2947.0
2.0
1.0

2992.0
2.0
1.0

3018.25
2.0
1.0

3047.5
2.0
1.0

3070.75
2.0
1.0

3080.5
2.0
1.0

3118.0
2.0
1.0

3127.0
2.0
1.0

3136.0
2.0
1.0

3183.25
2.0
1.0

3235.75
2.0
1.0

3253.75
2.0
1.0

3261.25
2.0
1.0

3296.5
2.0
1.0

3306.25
2.0
1.0

