1137.25
2.0
1.0

1270.75
2.0
1.0

1306.75
2.0
1.0

1336.75
2.0
1.0

1342.75
2.0
1.0

1408.0
2.0
1.0

1453.0
2.0
1.0

1470.25
2.0
1.0

1531.75
2.0
1.0

1562.5
2.0
1.0

1621.75
2.0
1.0

1670.5
2.0
1.0

1677.25
2.0
1.0

1687.0
2.0
1.0

1732.0
2.0
1.0

1759.75
2.0
1.0

1777.75
2.0
1.0

1813.0
2.0
1.0

2728.75
2.0
1.0

2758.0
2.0
1.0

2766.25
2.0
1.0

2776.75
2.0
1.0

2819.5
2.0
1.0

2877.25
2.0
1.0

2937.25
2.0
1.0

2965.75
2.0
1.0

3008.5
2.0
1.0

3029.5
2.0
1.0

3037.0
2.0
1.0

3055.0
2.0
1.0

3100.75
2.0
1.0

3145.0
2.0
1.0

3242.5
2.0
1.0

3278.5
2.0
1.0

3334.75
2.0
1.0

3344.5
2.0
1.0

