3001.5
4.8
1.0

3021.0
4.8
1.0

3068.5
4.8
1.0

3089.5
4.8
1.0

3137.0
4.8
1.0

3146.5
4.8
1.0

3156.5
4.8
1.0

3175.5
4.8
1.0

3205.0
4.8
1.0

3214.5
4.8
1.0

3260.0
4.8
1.0

3324.5
4.8
1.0

3363.0
4.8
1.0

3402.5
4.8
1.0

3461.0
4.8
1.0

3478.0
4.8
1.0

3507.0
4.8
1.0

3553.5
4.8
1.0

3563.0
4.8
1.0

3573.0
4.8
1.0

3613.0
4.8
1.0

3622.0
4.8
1.0

3649.0
4.8
1.0

3677.0
4.8
1.0

3758.5
4.8
1.0

3766.5
4.8
1.0

3797.5
4.8
1.0

3851.0
4.8
1.0

3861.0
4.8
1.0

3907.0
4.8
1.0

3915.5
4.8
1.0

3970.0
4.8
1.0

