11.0
4.8
1.0

21.5
4.8
1.0

50.5
4.8
1.0

59.0
4.8
1.0

66.5
4.8
1.0

77.5
4.8
1.0

128.5
4.8
1.0

149.0
4.8
1.0

166.5
4.8
1.0

174.5
4.8
1.0

202.0
4.8
1.0

210.5
4.8
1.0

218.5
4.8
1.0

252.0
4.8
1.0

289.0
4.8
1.0

309.5
4.8
1.0

336.0
4.8
1.0

355.5
4.8
1.0

364.0
4.8
1.0

381.0
4.8
1.0

390.0
4.8
1.0

427.0
4.8
1.0

434.5
4.8
1.0

443.5
4.8
1.0

463.5
4.8
1.0

473.0
4.8
1.0

493.5
4.8
1.0

520.5
4.8
1.0

531.0
4.8
1.0

550.5
4.8
1.0

571.0
4.8
1.0

579.0
4.8
1.0

624.0
4.8
1.0

651.5
4.8
1.0

660.0
4.8
1.0

697.5
4.8
1.0

716.5
4.8
1.0

736.0
4.8
1.0

763.0
4.8
1.0

792.5
4.8
1.0

801.5
4.8
1.0

811.5
4.8
1.0

820.5
4.8
1.0

847.0
4.8
1.0

856.5
4.8
1.0

904.0
4.8
1.0

920.5
4.8
1.0

930.5
4.8
1.0

