1937.25
1.0
1.0

1962.75
1.0
1.0

1989.0
1.0
1.0

2000.25
1.0
1.0

2017.5
1.0
1.0

2034.75
1.0
1.0

2053.5
1.0
1.0

2061.0
1.0
1.0

2079.75
1.0
1.0

2143.5
1.0
1.0

2162.25
1.0
1.0

2207.25
1.0
1.0

2279.25
1.0
1.0

2313.0
1.0
1.0

2322.0
1.0
1.0

2340.75
1.0
1.0

2349.0
1.0
1.0

2387.25
1.0
1.0

2413.5
1.0
1.0

2422.5
1.0
1.0

2547.0
1.0
1.0

2566.5
1.0
1.0

2585.25
1.0
1.0

2601.0
1.0
1.0

2673.75
1.0
1.0

2702.25
1.0
1.0

2709.0
1.0
1.0

2718.0
1.0
1.0

2790.75
1.0
1.0

2801.25
1.0
1.0

2862.0
1.0
1.0

2871.0
1.0
1.0

2898.0
1.0
1.0

2908.5
1.0
1.0

2917.5
1.0
1.0

2934.75
1.0
1.0

2954.25
1.0
1.0

2970.0
1.0
1.0

3015.0
1.0
1.0

3025.5
1.0
1.0

3070.5
1.0
1.0

3078.0
1.0
1.0

3143.25
1.0
1.0

3195.0
1.0
1.0

3232.5
1.0
1.0

3305.25
1.0
1.0

3339.0
1.0
1.0

3420.0
1.0
1.0

3465.75
1.0
1.0

3484.5
1.0
1.0

3492.0
1.0
1.0

3511.5
1.0
1.0

3520.5
1.0
1.0

3528.75
1.0
1.0

3537.75
1.0
1.0

3557.25
1.0
1.0

