81.5
4.8
1.0

108.0
4.8
1.0

137.0
4.8
1.0

155.0
4.8
1.0

165.5
4.8
1.0

175.5
4.8
1.0

185.5
4.8
1.0

231.0
4.8
1.0

241.5
4.8
1.0

251.0
4.8
1.0

287.0
4.8
1.0

333.5
4.8
1.0

342.0
4.8
1.0

351.0
4.8
1.0

360.5
4.8
1.0

378.5
4.8
1.0

397.0
4.8
1.0

416.0
4.8
1.0

443.0
4.8
1.0

452.5
4.8
1.0

471.5
4.8
1.0

488.5
4.8
1.0

509.5
4.8
1.0

519.5
4.8
1.0

529.0
4.8
1.0

575.0
4.8
1.0

595.5
4.8
1.0

604.5
4.8
1.0

634.5
4.8
1.0

662.5
4.8
1.0

681.5
4.8
1.0

733.0
4.8
1.0

743.0
4.8
1.0

763.5
4.8
1.0

782.0
4.8
1.0

791.5
4.8
1.0

800.0
4.8
1.0

808.0
4.8
1.0

864.5
4.8
1.0

900.0
4.8
1.0

927.5
4.8
1.0

936.5
4.8
1.0

954.5
4.8
1.0

972.0
4.8
1.0

988.5
4.8
1.0

1007.5
4.8
1.0

1036.5
4.8
1.0

1047.5
4.8
1.0

1056.0
4.8
1.0

1065.0
4.8
1.0

1074.5
4.8
1.0

1112.0
4.8
1.0

1158.5
4.8
1.0

1184.5
4.8
1.0

1204.0
4.8
1.0

1213.5
4.8
1.0

1240.0
4.8
1.0

1248.0
4.8
1.0

1267.0
4.8
1.0

1324.5
4.8
1.0

1350.0
4.8
1.0

1359.5
4.8
1.0

1377.0
4.8
1.0

1395.5
4.8
1.0

1412.0
4.8
1.0

1431.0
4.8
1.0

1439.5
4.8
1.0

1468.5
4.8
1.0

1476.5
4.8
1.0

1494.5
4.8
1.0

1502.0
4.8
1.0

1520.5
4.8
1.0

1557.5
4.8
1.0

1566.5
4.8
1.0

1577.0
4.8
1.0

1625.0
4.8
1.0

1633.5
4.8
1.0

1643.0
4.8
1.0

1661.5
4.8
1.0

1678.0
4.8
1.0

1695.0
4.8
1.0

1705.5
4.8
1.0

1760.5
4.8
1.0

1771.5
4.8
1.0

1790.0
4.8
1.0

1809.0
4.8
1.0

1827.0
4.8
1.0

1837.5
4.8
1.0

1865.0
4.8
1.0

1885.0
4.8
1.0

1892.5
4.8
1.0

1911.5
4.8
1.0

1928.5
4.8
1.0

1977.0
4.8
1.0

2004.5
4.8
1.0

2013.0
4.8
1.0

