2223.3
1.5
1.0

2241.8
1.5
1.0

2348.3
1.5
1.0

2393.8
1.5
1.0

2616.3
1.5
1.0

2671.8
1.5
1.0

2679.8
1.5
1.0

2688.3
1.5
1.0

2729.3
1.5
1.0

2785.8
1.5
1.0

2881.8
1.5
1.0

2972.3
1.5
1.0

2983.8
1.5
1.0

3028.8
1.5
1.0

3038.3
1.5
1.0

3085.8
1.5
1.0

3237.8
1.5
1.0

3282.8
1.5
1.0

3428.8
1.5
1.0

3508.8
1.5
1.0

3518.3
1.5
1.0

3576.3
1.5
1.0

3686.8
1.5
1.0

3756.3
1.5
1.0

3766.8
1.5
1.0

3805.8
1.5
1.0

3891.3
1.5
1.0

3901.3
1.5
1.0

3909.3
1.5
1.0

3951.3
1.5
1.0

4016.8
1.5
1.0

4053.8
1.5
1.0

