2238.3
1.5
1.0

2266.3
1.5
1.0

2416.3
1.5
1.0

2442.3
1.5
1.0

2532.8
1.5
1.0

2567.8
1.5
1.0

2613.8
1.5
1.0

2641.3
1.5
1.0

2744.3
1.5
1.0

2925.3
1.5
1.0

2961.8
1.5
1.0

2970.3
1.5
1.0

3016.8
1.5
1.0

3044.8
1.5
1.0

3063.3
1.5
1.0

3107.3
1.5
1.0

3240.8
1.5
1.0

3250.8
1.5
1.0

3426.8
1.5
1.0

3457.3
1.5
1.0

3517.3
1.5
1.0

3561.3
1.5
1.0

3683.8
1.5
1.0

3693.3
1.5
1.0

3700.8
1.5
1.0

3708.8
1.5
1.0

3828.3
1.5
1.0

3837.8
1.5
1.0

3962.3
1.5
1.0

3973.3
1.5
1.0

4090.8
1.5
1.0

4110.8
1.5
1.0

