309.25
2.0
1.0

408.25
2.0
1.0

525.25
2.0
1.0

555.25
2.0
1.0

568.75
2.0
1.0

589.75
2.0
1.0

607.0
2.0
1.0

686.5
2.0
1.0

715.0
2.0
1.0

722.5
2.0
1.0

803.5
2.0
1.0

813.25
2.0
1.0

832.0
2.0
1.0

905.5
2.0
1.0

913.0
2.0
1.0

932.5
2.0
1.0

966.25
2.0
1.0

984.25
2.0
1.0

1102.75
2.0
1.0

1120.75
2.0
1.0

1127.5
2.0
1.0

1182.25
2.0
1.0

1198.75
2.0
1.0

1210.0
2.0
1.0

1236.25
2.0
1.0

1263.25
2.0
1.0

1345.0
2.0
1.0

1407.25
2.0
1.0

1444.75
2.0
1.0

1453.0
2.0
1.0

1471.0
2.0
1.0

1508.5
2.0
1.0

1526.5
2.0
1.0

1641.25
2.0
1.0

1680.25
2.0
1.0

1698.25
2.0
1.0

