2128.3
1.5
1.0

2345.3
1.5
1.0

2354.3
1.5
1.0

2372.8
1.5
1.0

2398.3
1.5
1.0

2475.8
1.5
1.0

2504.3
1.5
1.0

2614.3
1.5
1.0

2659.8
1.5
1.0

2666.8
1.5
1.0

2770.3
1.5
1.0

2779.3
1.5
1.0

2835.8
1.5
1.0

2844.8
1.5
1.0

2881.3
1.5
1.0

2994.8
1.5
1.0

3012.8
1.5
1.0

3030.8
1.5
1.0

3097.8
1.5
1.0

3269.3
1.5
1.0

3353.3
1.5
1.0

3390.3
1.5
1.0

3430.8
1.5
1.0

3502.3
1.5
1.0

3556.8
1.5
1.0

3648.3
1.5
1.0

3659.8
1.5
1.0

3739.3
1.5
1.0

3755.3
1.5
1.0

3840.8
1.5
1.0

3888.3
1.5
1.0

3943.3
1.5
1.0

