1043.5
4.8
1.0

1052.0
4.8
1.0

1063.5
4.8
1.0

1091.5
4.8
1.0

1110.5
4.8
1.0

1118.5
4.8
1.0

1137.5
4.8
1.0

1193.0
4.8
1.0

1202.0
4.8
1.0

1212.5
4.8
1.0

1223.5
4.8
1.0

1240.5
4.8
1.0

1267.5
4.8
1.0

1277.5
4.8
1.0

1286.5
4.8
1.0

1304.0
4.8
1.0

1341.5
4.8
1.0

1361.0
4.8
1.0

1419.5
4.8
1.0

1447.0
4.8
1.0

1454.5
4.8
1.0

1483.0
4.8
1.0

1503.0
4.8
1.0

1522.5
4.8
1.0

1540.5
4.8
1.0

1576.0
4.8
1.0

1614.5
4.8
1.0

1625.5
4.8
1.0

1634.0
4.8
1.0

1662.0
4.8
1.0

1670.0
4.8
1.0

1678.5
4.8
1.0

1688.0
4.8
1.0

1706.0
4.8
1.0

1715.5
4.8
1.0

1725.5
4.8
1.0

1742.5
4.8
1.0

1800.5
4.8
1.0

1809.5
4.8
1.0

1826.5
4.8
1.0

1837.0
4.8
1.0

1874.0
4.8
1.0

1900.0
4.8
1.0

1943.0
4.8
1.0

1953.0
4.8
1.0

1973.0
4.8
1.0

1980.0
4.8
1.0

1990.5
4.8
1.0

2990.5
4.8
1.0

2999.5
4.8
1.0

3019.0
4.8
1.0

3029.5
4.8
1.0

3048.0
4.8
1.0

3056.0
4.8
1.0

3076.0
4.8
1.0

3085.5
4.8
1.0

3102.5
4.8
1.0

3113.0
4.8
1.0

3139.5
4.8
1.0

3148.5
4.8
1.0

3168.5
4.8
1.0

3205.5
4.8
1.0

3242.0
4.8
1.0

3278.0
4.8
1.0

3327.5
4.8
1.0

3336.0
4.8
1.0

3367.0
4.8
1.0

3401.0
4.8
1.0

3418.0
4.8
1.0

3437.5
4.8
1.0

3446.0
4.8
1.0

3475.5
4.8
1.0

3485.0
4.8
1.0

3513.5
4.8
1.0

3523.5
4.8
1.0

3553.5
4.8
1.0

3580.0
4.8
1.0

3616.5
4.8
1.0

3634.5
4.8
1.0

3675.0
4.8
1.0

3692.0
4.8
1.0

3729.0
4.8
1.0

3738.0
4.8
1.0

3747.0
4.8
1.0

3765.5
4.8
1.0

3784.5
4.8
1.0

3793.5
4.8
1.0

3811.0
4.8
1.0

3820.5
4.8
1.0

3867.5
4.8
1.0

3885.5
4.8
1.0

3895.5
4.8
1.0

3915.5
4.8
1.0

3942.0
4.8
1.0

3950.5
4.8
1.0

3958.5
4.8
1.0

