1097.3
4.8
1.0

1124.8
4.8
1.0

1199.3
4.8
1.0

1208.3
4.8
1.0

1229.8
4.8
1.0

1291.3
4.8
1.0

1309.3
4.8
1.0

1347.8
4.8
1.0

1367.3
4.8
1.0

1451.8
4.8
1.0

1460.3
4.8
1.0

1528.3
4.8
1.0

1582.3
4.8
1.0

1620.3
4.8
1.0

1692.8
4.8
1.0

1711.3
4.8
1.0

1720.3
4.8
1.0

1747.3
4.8
1.0

1832.3
4.8
1.0

1843.3
4.8
1.0

1879.3
4.8
1.0

1904.8
4.8
1.0

1986.3
4.8
1.0

1996.8
4.8
1.0

2995.8
4.8
1.0

3034.3
4.8
1.0

3053.3
4.8
1.0

3090.3
4.8
1.0

3108.3
4.8
1.0

3144.3
4.8
1.0

3210.8
4.8
1.0

3333.8
4.8
1.0

3342.3
4.8
1.0

3371.8
4.8
1.0

3407.3
4.8
1.0

3424.3
4.8
1.0

3451.3
4.8
1.0

3491.3
4.8
1.0

3519.8
4.8
1.0

3528.3
4.8
1.0

3640.8
4.8
1.0

3680.3
4.8
1.0

3734.8
4.8
1.0

3743.8
4.8
1.0

3799.8
4.8
1.0

3817.3
4.8
1.0

3826.3
4.8
1.0

3964.3
4.8
1.0

