1.5
4.8
1.0

19.5
4.8
1.0

28.0
4.8
1.0

55.5
4.8
1.0

64.5
4.8
1.0

74.5
4.8
1.0

110.0
4.8
1.0

119.5
4.8
1.0

174.0
4.8
1.0

182.0
4.8
1.0

227.5
4.8
1.0

236.5
4.8
1.0

253.5
4.8
1.0

271.0
4.8
1.0

288.0
4.8
1.0

296.0
4.8
1.0

305.5
4.8
1.0

314.5
4.8
1.0

356.5
4.8
1.0

366.5
4.8
1.0

374.5
4.8
1.0

392.0
4.8
1.0

403.0
4.8
1.0

429.0
4.8
1.0

438.0
4.8
1.0

447.5
4.8
1.0

467.5
4.8
1.0

486.5
4.8
1.0

505.5
4.8
1.0

515.5
4.8
1.0

524.5
4.8
1.0

580.0
4.8
1.0

605.5
4.8
1.0

625.0
4.8
1.0

635.0
4.8
1.0

645.5
4.8
1.0

688.5
4.8
1.0

735.5
4.8
1.0

781.5
4.8
1.0

790.5
4.8
1.0

809.5
4.8
1.0

849.5
4.8
1.0

858.0
4.8
1.0

869.0
4.8
1.0

879.5
4.8
1.0

907.0
4.8
1.0

925.5
4.8
1.0

953.5
4.8
1.0

