2223.5
4.8
1.0

2261.5
4.8
1.0

2271.5
4.8
1.0

2350.0
4.8
1.0

2358.0
4.8
1.0

2387.0
4.8
1.0

2405.0
4.8
1.0

2434.5
4.8
1.0

2489.0
4.8
1.0

2497.0
4.8
1.0

2506.0
4.8
1.0

2546.0
4.8
1.0

2617.5
4.8
1.0

2653.5
4.8
1.0

2698.0
4.8
1.0

2708.0
4.8
1.0

2717.5
4.8
1.0

2726.5
4.8
1.0

2745.5
4.8
1.0

2821.5
4.8
1.0

2878.5
4.8
1.0

2894.0
4.8
1.0

2980.0
4.8
1.0

2989.0
4.8
1.0

3014.5
4.8
1.0

3030.5
4.8
1.0

3038.0
4.8
1.0

3047.5
4.8
1.0

3056.0
4.8
1.0

3102.0
4.8
1.0

3140.0
4.8
1.0

3149.0
4.8
1.0

