2417.3
1.5
1.0

2549.3
1.5
1.0

2601.8
1.5
1.0

2638.8
1.5
1.0

2647.8
1.5
1.0

2656.3
1.5
1.0

2709.8
1.5
1.0

2781.8
1.5
1.0

2816.3
1.5
1.0

2850.8
1.5
1.0

2879.3
1.5
1.0

2955.3
1.5
1.0

3061.3
1.5
1.0

3144.8
1.5
1.0

3205.8
1.5
1.0

3251.8
1.5
1.0

3378.3
1.5
1.0

3464.8
1.5
1.0

3474.3
1.5
1.0

3521.8
1.5
1.0

3614.8
1.5
1.0

3632.8
1.5
1.0

3650.8
1.5
1.0

3675.3
1.5
1.0

3789.8
1.5
1.0

3807.8
1.5
1.0

3815.3
1.5
1.0

3968.3
1.5
1.0

4105.8
1.5
1.0

4184.8
1.5
1.0

4211.3
1.5
1.0

4260.3
1.5
1.0

