2368.8
1.5
1.0

2454.8
1.5
1.0

2530.3
1.5
1.0

2539.8
1.5
1.0

2585.8
1.5
1.0

2609.8
1.5
1.0

2619.8
1.5
1.0

2674.3
1.5
1.0

2754.8
1.5
1.0

2807.3
1.5
1.0

2826.8
1.5
1.0

2889.3
1.5
1.0

2983.8
1.5
1.0

3078.8
1.5
1.0

3114.8
1.5
1.0

3232.8
1.5
1.0

3308.8
1.5
1.0

3369.8
1.5
1.0

3435.3
1.5
1.0

3485.3
1.5
1.0

3503.8
1.5
1.0

3643.3
1.5
1.0

3824.3
1.5
1.0

3834.8
1.5
1.0

3894.3
1.5
1.0

3931.8
1.5
1.0

4003.8
1.5
1.0

4049.3
1.5
1.0

4076.8
1.5
1.0

4122.3
1.5
1.0

4201.8
1.5
1.0

4220.3
1.5
1.0

