302.5
2.0
1.0

355.75
2.0
1.0

427.75
2.0
1.0

498.25
2.0
1.0

517.0
2.0
1.0

553.0
2.0
1.0

597.25
2.0
1.0

607.0
2.0
1.0

632.5
2.0
1.0

649.75
2.0
1.0

670.0
2.0
1.0

722.5
2.0
1.0

742.75
2.0
1.0

786.25
2.0
1.0

816.25
2.0
1.0

849.25
2.0
1.0

868.0
2.0
1.0

940.0
2.0
1.0

1029.25
2.0
1.0

1046.5
2.0
1.0

1099.75
2.0
1.0

1156.75
2.0
1.0

1176.25
2.0
1.0

1248.25
2.0
1.0

1264.0
2.0
1.0

1336.0
2.0
1.0

1372.0
2.0
1.0

1390.0
2.0
1.0

1425.25
2.0
1.0

1453.75
2.0
1.0

1524.25
2.0
1.0

1552.0
2.0
1.0

1576.75
2.0
1.0

1615.0
2.0
1.0

1624.0
2.0
1.0

1658.5
2.0
1.0

