9.75
1.0
1.0

20.25
1.0
1.0

29.25
1.0
1.0

38.25
1.0
1.0

45.0
1.0
1.0

73.5
1.0
1.0

83.25
1.0
1.0

92.25
1.0
1.0

99.0
1.0
1.0

119.25
1.0
1.0

164.25
1.0
1.0

180.0
1.0
1.0

225.0
1.0
1.0

254.25
1.0
1.0

279.0
1.0
1.0

290.25
1.0
1.0

308.25
1.0
1.0

351.75
1.0
1.0

360.0
1.0
1.0

369.0
1.0
1.0

406.5
1.0
1.0

414.75
1.0
1.0

432.0
1.0
1.0

443.25
1.0
1.0

452.25
1.0
1.0

459.0
1.0
1.0

477.75
1.0
1.0

497.25
1.0
1.0

506.25
1.0
1.0

524.25
1.0
1.0

531.75
1.0
1.0

567.0
1.0
1.0

594.75
1.0
1.0

639.75
1.0
1.0

650.25
1.0
1.0

702.75
1.0
1.0

