11.25
1.0
1.0

55.5
1.0
1.0

81.0
1.0
1.0

91.5
1.0
1.0

110.25
1.0
1.0

154.5
1.0
1.0

164.25
1.0
1.0

173.25
1.0
1.0

181.5
1.0
1.0

207.0
1.0
1.0

216.0
1.0
1.0

253.5
1.0
1.0

271.5
1.0
1.0

281.25
1.0
1.0

289.5
1.0
1.0

307.5
1.0
1.0

325.5
1.0
1.0

333.75
1.0
1.0

344.25
1.0
1.0

396.0
1.0
1.0

405.75
1.0
1.0

441.75
1.0
1.0

468.0
1.0
1.0

486.0
1.0
1.0

497.25
1.0
1.0

522.75
1.0
1.0

542.25
1.0
1.0

559.5
1.0
1.0

605.25
1.0
1.0

612.75
1.0
1.0

630.0
1.0
1.0

639.75
1.0
1.0

648.75
1.0
1.0

684.0
1.0
1.0

693.0
1.0
1.0

702.75
1.0
1.0

