9.0
1.0
1.0

46.5
1.0
1.0

55.5
1.0
1.0

72.75
1.0
1.0

90.0
1.0
1.0

100.5
1.0
1.0

119.25
1.0
1.0

162.0
1.0
1.0

180.75
1.0
1.0

199.5
1.0
1.0

243.75
1.0
1.0

280.5
1.0
1.0

297.0
1.0
1.0

306.75
1.0
1.0

326.25
1.0
1.0

343.5
1.0
1.0

353.25
1.0
1.0

360.75
1.0
1.0

369.75
1.0
1.0

406.5
1.0
1.0

451.5
1.0
1.0

479.25
1.0
1.0

486.75
1.0
1.0

513.0
1.0
1.0

522.0
1.0
1.0

531.0
1.0
1.0

567.75
1.0
1.0

585.0
1.0
1.0

594.0
1.0
1.0

603.75
1.0
1.0

623.25
1.0
1.0

639.0
1.0
1.0

657.75
1.0
1.0

676.5
1.0
1.0

684.0
1.0
1.0

704.25
1.0
1.0

