0.75
1.0
1.0

11.25
1.0
1.0

28.5
1.0
1.0

47.25
1.0
1.0

72.0
1.0
1.0

128.25
1.0
1.0

164.25
1.0
1.0

181.5
1.0
1.0

216.0
1.0
1.0

236.25
1.0
1.0

270.0
1.0
1.0

290.25
1.0
1.0

297.75
1.0
1.0

324.75
1.0
1.0

333.0
1.0
1.0

351.0
1.0
1.0

360.75
1.0
1.0

369.75
1.0
1.0

396.0
1.0
1.0

416.25
1.0
1.0

425.25
1.0
1.0

434.25
1.0
1.0

443.25
1.0
1.0

459.0
1.0
1.0

477.0
1.0
1.0

486.0
1.0
1.0

551.25
1.0
1.0

558.0
1.0
1.0

567.75
1.0
1.0

585.75
1.0
1.0

594.75
1.0
1.0

613.5
1.0
1.0

622.5
1.0
1.0

650.25
1.0
1.0

676.5
1.0
1.0

684.0
1.0
1.0

