1.5
1.0
1.0

18.0
1.0
1.0

36.75
1.0
1.0

47.25
1.0
1.0

54.0
1.0
1.0

63.75
1.0
1.0

90.0
1.0
1.0

99.0
1.0
1.0

163.5
1.0
1.0

191.25
1.0
1.0

199.5
1.0
1.0

209.25
1.0
1.0

216.0
1.0
1.0

243.0
1.0
1.0

254.25
1.0
1.0

261.0
1.0
1.0

280.5
1.0
1.0

333.0
1.0
1.0

342.0
1.0
1.0

362.25
1.0
1.0

378.0
1.0
1.0

388.5
1.0
1.0

396.0
1.0
1.0

425.25
1.0
1.0

441.0
1.0
1.0

469.5
1.0
1.0

488.25
1.0
1.0

504.75
1.0
1.0

567.0
1.0
1.0

578.25
1.0
1.0

594.75
1.0
1.0

604.5
1.0
1.0

621.0
1.0
1.0

632.25
1.0
1.0

657.0
1.0
1.0

666.0
1.0
1.0

