246.0
4.8
1.0

281.5
4.8
1.0

290.5
4.8
1.0

300.5
4.8
1.0

310.0
4.8
1.0

356.5
4.8
1.0

373.0
4.8
1.0

393.5
4.8
1.0

402.5
4.8
1.0

421.5
4.8
1.0

431.5
4.8
1.0

441.5
4.8
1.0

469.0
4.8
1.0

488.5
4.8
1.0

537.5
4.8
1.0

547.5
4.8
1.0

556.0
4.8
1.0

610.5
4.8
1.0

620.0
4.8
1.0

630.0
4.8
1.0

639.0
4.8
1.0

684.5
4.8
1.0

705.5
4.8
1.0

724.5
4.8
1.0

745.0
4.8
1.0

801.5
4.8
1.0

810.0
4.8
1.0

819.5
4.8
1.0

829.0
4.8
1.0

848.5
4.8
1.0

859.0
4.8
1.0

868.5
4.8
1.0

878.0
4.8
1.0

917.0
4.8
1.0

945.5
4.8
1.0

964.5
4.8
1.0

973.5
4.8
1.0

990.5
4.8
1.0

1035.0
4.8
1.0

1073.5
4.8
1.0

1093.5
4.8
1.0

1103.0
4.8
1.0

1151.0
4.8
1.0

1171.5
4.8
1.0

1180.5
4.8
1.0

1198.0
4.8
1.0

1206.0
4.8
1.0

1216.5
4.8
1.0

