1.5
1.0
1.0

18.0
1.0
1.0

28.5
1.0
1.0

47.25
1.0
1.0

56.25
1.0
1.0

81.75
1.0
1.0

99.0
1.0
1.0

128.25
1.0
1.0

135.75
1.0
1.0

144.0
1.0
1.0

162.0
1.0
1.0

189.0
1.0
1.0

226.5
1.0
1.0

252.75
1.0
1.0

262.5
1.0
1.0

288.75
1.0
1.0

307.5
1.0
1.0

316.5
1.0
1.0

325.5
1.0
1.0

369.0
1.0
1.0

423.75
1.0
1.0

434.25
1.0
1.0

441.75
1.0
1.0

450.75
1.0
1.0

477.75
1.0
1.0

487.5
1.0
1.0

524.25
1.0
1.0

541.5
1.0
1.0

558.75
1.0
1.0

587.25
1.0
1.0

605.25
1.0
1.0

614.25
1.0
1.0

623.25
1.0
1.0

650.25
1.0
1.0

693.0
1.0
1.0

702.75
1.0
1.0

713.25
1.0
1.0

721.5
1.0
1.0

765.0
1.0
1.0

774.0
1.0
1.0

783.0
1.0
1.0

792.0
1.0
1.0

