1.5
1.0
1.0

27.0
1.0
1.0

38.25
1.0
1.0

47.25
1.0
1.0

65.25
1.0
1.0

83.25
1.0
1.0

90.75
1.0
1.0

119.25
1.0
1.0

128.25
1.0
1.0

135.0
1.0
1.0

162.0
1.0
1.0

171.75
1.0
1.0

189.0
1.0
1.0

208.5
1.0
1.0

216.75
1.0
1.0

243.75
1.0
1.0

252.0
1.0
1.0

270.0
1.0
1.0

289.5
1.0
1.0

316.5
1.0
1.0

326.25
1.0
1.0

388.5
1.0
1.0

441.75
1.0
1.0

461.25
1.0
1.0

479.25
1.0
1.0

495.75
1.0
1.0

505.5
1.0
1.0

531.75
1.0
1.0

540.75
1.0
1.0

549.0
1.0
1.0

568.5
1.0
1.0

603.0
1.0
1.0

639.0
1.0
1.0

648.75
1.0
1.0

684.0
1.0
1.0

693.75
1.0
1.0

