10.5
1.0
1.0

20.25
1.0
1.0

28.5
1.0
1.0

37.5
1.0
1.0

82.5
1.0
1.0

90.75
1.0
1.0

144.0
1.0
1.0

172.5
1.0
1.0

182.25
1.0
1.0

190.5
1.0
1.0

216.0
1.0
1.0

261.75
1.0
1.0

272.25
1.0
1.0

280.5
1.0
1.0

298.5
1.0
1.0

333.0
1.0
1.0

342.75
1.0
1.0

353.25
1.0
1.0

360.0
1.0
1.0

397.5
1.0
1.0

405.75
1.0
1.0

414.0
1.0
1.0

441.0
1.0
1.0

477.0
1.0
1.0

496.5
1.0
1.0

513.75
1.0
1.0

522.75
1.0
1.0

540.0
1.0
1.0

551.25
1.0
1.0

586.5
1.0
1.0

613.5
1.0
1.0

630.0
1.0
1.0

641.25
1.0
1.0

648.0
1.0
1.0

684.75
1.0
1.0

703.5
1.0
1.0

