2023.0
4.8
1.0

2062.5
4.8
1.0

2097.5
4.8
1.0

2107.0
4.8
1.0

2115.5
4.8
1.0

2125.0
4.8
1.0

2196.0
4.8
1.0

2204.5
4.8
1.0

2222.0
4.8
1.0

2240.5
4.8
1.0

2258.0
4.8
1.0

2268.0
4.8
1.0

2277.0
4.8
1.0

2305.5
4.8
1.0

2335.5
4.8
1.0

2354.0
4.8
1.0

2408.0
4.8
1.0

2445.0
4.8
1.0

2490.0
4.8
1.0

2607.0
4.8
1.0

2626.0
4.8
1.0

2643.5
4.8
1.0

2669.0
4.8
1.0

2715.0
4.8
1.0

2772.0
4.8
1.0

2799.0
4.8
1.0

2808.0
4.8
1.0

2836.5
4.8
1.0

2845.5
4.8
1.0

2854.5
4.8
1.0

2919.0
4.8
1.0

2942.0
4.8
1.0

2980.5
4.8
1.0

2988.5
4.8
1.0

3012.0
4.8
1.0

3020.5
4.8
1.0

3037.5
4.8
1.0

3056.0
4.8
1.0

3120.5
4.8
1.0

3128.5
4.8
1.0

3167.0
4.8
1.0

3215.5
4.8
1.0

3338.0
4.8
1.0

3396.0
4.8
1.0

3424.0
4.8
1.0

3432.0
4.8
1.0

3489.5
4.8
1.0

3523.5
4.8
1.0

3577.0
4.8
1.0

3596.5
4.8
1.0

3616.5
4.8
1.0

3634.5
4.8
1.0

3665.5
4.8
1.0

3732.5
4.8
1.0

3752.0
4.8
1.0

3809.5
4.8
1.0

3839.0
4.8
1.0

3848.0
4.8
1.0

3874.5
4.8
1.0

3882.0
4.8
1.0

3893.5
4.8
1.0

3911.5
4.8
1.0

3920.5
4.8
1.0

3928.0
4.8
1.0

