2013.0
4.8
1.0

2033.5
4.8
1.0

2043.0
4.8
1.0

2071.0
4.8
1.0

2144.0
4.8
1.0

2171.0
4.8
1.0

2179.0
4.8
1.0

2214.0
4.8
1.0

2250.5
4.8
1.0

2286.0
4.8
1.0

2295.0
4.8
1.0

2325.0
4.8
1.0

2427.5
4.8
1.0

2437.0
4.8
1.0

2455.0
4.8
1.0

2464.0
4.8
1.0

2499.5
4.8
1.0

2534.5
4.8
1.0

2543.0
4.8
1.0

2561.5
4.8
1.0

2634.5
4.8
1.0

2660.0
4.8
1.0

2697.5
4.8
1.0

2724.5
4.8
1.0

2745.5
4.8
1.0

2754.0
4.8
1.0

2828.0
4.8
1.0

2872.5
4.8
1.0

2881.5
4.8
1.0

2910.0
4.8
1.0

2926.5
4.8
1.0

2934.0
4.8
1.0

2997.0
4.8
1.0

3004.5
4.8
1.0

3072.0
4.8
1.0

3083.5
4.8
1.0

3112.0
4.8
1.0

3186.0
4.8
1.0

3195.5
4.8
1.0

3233.5
4.8
1.0

3261.0
4.8
1.0

3299.5
4.8
1.0

3309.5
4.8
1.0

3319.0
4.8
1.0

3357.0
4.8
1.0

3377.0
4.8
1.0

3387.0
4.8
1.0

3405.5
4.8
1.0

3415.0
4.8
1.0

3450.5
4.8
1.0

3480.5
4.8
1.0

3498.5
4.8
1.0

3533.0
4.8
1.0

3568.5
4.8
1.0

3606.0
4.8
1.0

3645.5
4.8
1.0

3675.0
4.8
1.0

3694.5
4.8
1.0

3705.5
4.8
1.0

3762.0
4.8
1.0

3781.5
4.8
1.0

3829.5
4.8
1.0

3903.0
4.8
1.0

3938.5
4.8
1.0

