104.8
4.8
1.0

162.3
4.8
1.0

247.3
4.8
1.0

256.3
4.8
1.0

267.8
4.8
1.0

303.8
4.8
1.0

356.8
4.8
1.0

423.3
4.8
1.0

477.8
4.8
1.0

548.8
4.8
1.0

558.8
4.8
1.0

585.8
4.8
1.0

593.8
4.8
1.0

647.3
4.8
1.0

691.8
4.8
1.0

708.8
4.8
1.0

734.3
4.8
1.0

763.3
4.8
1.0

938.8
4.8
1.0

947.8
4.8
1.0

957.3
4.8
1.0

965.8
4.8
1.0

1000.3
4.8
1.0

1040.3
4.8
1.0

1051.3
4.8
1.0

1076.8
4.8
1.0

1086.3
4.8
1.0

1140.8
4.8
1.0

1188.3
4.8
1.0

1206.8
4.8
1.0

1231.3
4.8
1.0

1265.8
4.8
1.0

1366.8
4.8
1.0

1376.3
4.8
1.0

1454.3
4.8
1.0

1464.8
4.8
1.0

1473.8
4.8
1.0

1591.3
4.8
1.0

1646.8
4.8
1.0

1665.8
4.8
1.0

1702.8
4.8
1.0

1756.8
4.8
1.0

1777.3
4.8
1.0

1795.8
4.8
1.0

1834.8
4.8
1.0

1859.3
4.8
1.0

1896.3
4.8
1.0

1915.3
4.8
1.0

