2066.5
4.8
1.0

2123.5
4.8
1.0

2132.0
4.8
1.0

2140.5
4.8
1.0

2156.5
4.8
1.0

2177.0
4.8
1.0

2185.5
4.8
1.0

2195.0
4.8
1.0

2203.0
4.8
1.0

2241.0
4.8
1.0

2250.0
4.8
1.0

2259.5
4.8
1.0

2297.5
4.8
1.0

2307.5
4.8
1.0

2316.0
4.8
1.0

2324.5
4.8
1.0

2352.5
4.8
1.0

2381.5
4.8
1.0

2390.0
4.8
1.0

2399.0
4.8
1.0

2424.0
4.8
1.0

2462.5
4.8
1.0

2472.0
4.8
1.0

2480.0
4.8
1.0

2489.5
4.8
1.0

2542.0
4.8
1.0

2570.5
4.8
1.0

2580.0
4.8
1.0

2599.0
4.8
1.0

2607.5
4.8
1.0

2616.0
4.8
1.0

2669.0
4.8
1.0

2687.0
4.8
1.0

2714.0
4.8
1.0

2725.0
4.8
1.0

2742.0
4.8
1.0

2772.0
4.8
1.0

2781.0
4.8
1.0

2808.0
4.8
1.0

2818.5
4.8
1.0

2827.0
4.8
1.0

2836.0
4.8
1.0

2863.5
4.8
1.0

2872.5
4.8
1.0

2919.0
4.8
1.0

2928.0
4.8
1.0

2964.0
4.8
1.0

3001.0
4.8
1.0

