0.0
1.0
1.0

10.5
1.0
1.0

46.5
1.0
1.0

99.0
1.0
1.0

119.25
1.0
1.0

162.0
1.0
1.0

172.5
1.0
1.0

180.75
1.0
1.0

189.0
1.0
1.0

218.25
1.0
1.0

235.5
1.0
1.0

252.75
1.0
1.0

272.25
1.0
1.0

279.0
1.0
1.0

326.25
1.0
1.0

360.0
1.0
1.0

405.0
1.0
1.0

416.25
1.0
1.0

460.5
1.0
1.0

486.75
1.0
1.0

497.25
1.0
1.0

504.75
1.0
1.0

513.0
1.0
1.0

540.0
1.0
1.0

551.25
1.0
1.0

558.0
1.0
1.0

577.5
1.0
1.0

596.25
1.0
1.0

605.25
1.0
1.0

613.5
1.0
1.0

630.75
1.0
1.0

639.75
1.0
1.0

649.5
1.0
1.0

686.25
1.0
1.0

693.75
1.0
1.0

702.75
1.0
1.0

