1.5
1.0
1.0

19.5
1.0
1.0

28.5
1.0
1.0

36.75
1.0
1.0

45.75
1.0
1.0

81.75
1.0
1.0

99.0
1.0
1.0

117.0
1.0
1.0

153.0
1.0
1.0

164.25
1.0
1.0

172.5
1.0
1.0

216.75
1.0
1.0

261.75
1.0
1.0

271.5
1.0
1.0

279.0
1.0
1.0

290.25
1.0
1.0

317.25
1.0
1.0

324.0
1.0
1.0

335.25
1.0
1.0

343.5
1.0
1.0

398.25
1.0
1.0

405.75
1.0
1.0

416.25
1.0
1.0

423.0
1.0
1.0

452.25
1.0
1.0

504.75
1.0
1.0

533.25
1.0
1.0

541.5
1.0
1.0

550.5
1.0
1.0

560.25
1.0
1.0

614.25
1.0
1.0

648.0
1.0
1.0

657.75
1.0
1.0

668.25
1.0
1.0

677.25
1.0
1.0

702.0
1.0
1.0

