0.75
1.0
1.0

36.0
1.0
1.0

45.75
1.0
1.0

65.25
1.0
1.0

99.0
1.0
1.0

118.5
1.0
1.0

126.0
1.0
1.0

144.75
1.0
1.0

155.25
1.0
1.0

172.5
1.0
1.0

180.0
1.0
1.0

191.25
1.0
1.0

216.75
1.0
1.0

225.75
1.0
1.0

236.25
1.0
1.0

270.75
1.0
1.0

280.5
1.0
1.0

288.75
1.0
1.0

316.5
1.0
1.0

335.25
1.0
1.0

343.5
1.0
1.0

360.75
1.0
1.0

371.25
1.0
1.0

414.75
1.0
1.0

424.5
1.0
1.0

460.5
1.0
1.0

470.25
1.0
1.0

477.0
1.0
1.0

531.0
1.0
1.0

551.25
1.0
1.0

587.25
1.0
1.0

613.5
1.0
1.0

622.5
1.0
1.0

648.75
1.0
1.0

659.25
1.0
1.0

676.5
1.0
1.0

