0.75
1.0
1.0

18.0
1.0
1.0

27.0
1.0
1.0

81.0
1.0
1.0

99.75
1.0
1.0

108.0
1.0
1.0

128.25
1.0
1.0

135.0
1.0
1.0

146.25
1.0
1.0

163.5
1.0
1.0

181.5
1.0
1.0

208.5
1.0
1.0

234.75
1.0
1.0

253.5
1.0
1.0

270.75
1.0
1.0

279.75
1.0
1.0

325.5
1.0
1.0

360.75
1.0
1.0

380.25
1.0
1.0

405.75
1.0
1.0

441.75
1.0
1.0

452.25
1.0
1.0

461.25
1.0
1.0

487.5
1.0
1.0

504.0
1.0
1.0

513.0
1.0
1.0

523.5
1.0
1.0

558.0
1.0
1.0

576.75
1.0
1.0

613.5
1.0
1.0

649.5
1.0
1.0

658.5
1.0
1.0

668.25
1.0
1.0

684.0
1.0
1.0

693.75
1.0
1.0

702.0
1.0
1.0

