297.75
1.0
1.0

306.0
1.0
1.0

325.5
1.0
1.0

342.0
1.0
1.0

353.25
1.0
1.0

450.75
1.0
1.0

459.0
1.0
1.0

542.25
1.0
1.0

559.5
1.0
1.0

614.25
1.0
1.0

649.5
1.0
1.0

703.5
1.0
1.0

711.75
1.0
1.0

730.5
1.0
1.0

738.0
1.0
1.0

776.25
1.0
1.0

829.5
1.0
1.0

837.0
1.0
1.0

857.25
1.0
1.0

874.5
1.0
1.0

883.5
1.0
1.0

901.5
1.0
1.0

918.75
1.0
1.0

983.25
1.0
1.0

1009.5
1.0
1.0

1027.5
1.0
1.0

1063.5
1.0
1.0

1090.5
1.0
1.0

2547.75
1.0
1.0

2557.5
1.0
1.0

2585.25
1.0
1.0

2620.5
1.0
1.0

2648.25
1.0
1.0

2673.75
1.0
1.0

2691.0
1.0
1.0

2709.75
1.0
1.0

2747.25
1.0
1.0

2772.75
1.0
1.0

2781.75
1.0
1.0

2792.25
1.0
1.0

2828.25
1.0
1.0

2899.5
1.0
1.0

2936.25
1.0
1.0

2944.5
1.0
1.0

2961.0
1.0
1.0

3007.5
1.0
1.0

3017.25
1.0
1.0

3033.0
1.0
1.0

3114.75
1.0
1.0

3132.0
1.0
1.0

3150.0
1.0
1.0

3160.5
1.0
1.0

3179.25
1.0
1.0

3268.5
1.0
1.0

3294.0
1.0
1.0

3341.25
1.0
1.0

