329.8
1.5
1.0

346.8
1.5
1.0

409.8
1.5
1.0

436.8
1.5
1.0

445.8
1.5
1.0

555.8
1.5
1.0

665.3
1.5
1.0

799.8
1.5
1.0

850.8
1.5
1.0

898.8
1.5
1.0

964.3
1.5
1.0

974.8
1.5
1.0

1057.8
1.5
1.0

1066.8
1.5
1.0

1124.8
1.5
1.0

1172.8
1.5
1.0

2181.8
1.5
1.0

2274.3
1.5
1.0

2302.3
1.5
1.0

2313.3
1.5
1.0

2366.8
1.5
1.0

2541.8
1.5
1.0

2661.3
1.5
1.0

2688.8
1.5
1.0

2709.3
1.5
1.0

2782.3
1.5
1.0

2831.3
1.5
1.0

2859.8
1.5
1.0

2978.3
1.5
1.0

3073.8
1.5
1.0

3118.3
1.5
1.0

3137.8
1.5
1.0

