416.3
1.5
1.0

502.8
1.5
1.0

573.8
1.5
1.0

631.8
1.5
1.0

673.8
1.5
1.0

735.3
1.5
1.0

755.3
1.5
1.0

821.8
1.5
1.0

893.3
1.5
1.0

1005.8
1.5
1.0

1015.3
1.5
1.0

1067.8
1.5
1.0

1107.3
1.5
1.0

1212.3
1.5
1.0

1221.8
1.5
1.0

1334.3
1.5
1.0

2452.3
1.5
1.0

2493.3
1.5
1.0

2642.3
1.5
1.0

2653.3
1.5
1.0

2699.3
1.5
1.0

2759.3
1.5
1.0

2786.3
1.5
1.0

2796.8
1.5
1.0

2815.3
1.5
1.0

2947.8
1.5
1.0

2965.3
1.5
1.0

2974.8
1.5
1.0

3027.8
1.5
1.0

3047.3
1.5
1.0

3153.8
1.5
1.0

3180.8
1.5
1.0

