289.5
1.0
1.0

299.25
1.0
1.0

306.75
1.0
1.0

334.5
1.0
1.0

344.25
1.0
1.0

361.5
1.0
1.0

397.5
1.0
1.0

407.25
1.0
1.0

414.75
1.0
1.0

443.25
1.0
1.0

452.25
1.0
1.0

478.5
1.0
1.0

533.25
1.0
1.0

567.0
1.0
1.0

585.75
1.0
1.0

594.0
1.0
1.0

632.25
1.0
1.0

675.75
1.0
1.0

684.75
1.0
1.0

693.75
1.0
1.0

711.75
1.0
1.0

729.0
1.0
1.0

756.75
1.0
1.0

767.25
1.0
1.0

783.75
1.0
1.0

793.5
1.0
1.0

819.0
1.0
1.0

828.0
1.0
1.0

846.0
1.0
1.0

855.0
1.0
1.0

864.0
1.0
1.0

874.5
1.0
1.0

902.25
1.0
1.0

928.5
1.0
1.0

945.0
1.0
1.0

981.75
1.0
1.0

2665.5
1.0
1.0

2700.0
1.0
1.0

2719.5
1.0
1.0

2729.25
1.0
1.0

2737.5
1.0
1.0

2747.25
1.0
1.0

2790.0
1.0
1.0

2800.5
1.0
1.0

2844.75
1.0
1.0

2881.5
1.0
1.0

2889.75
1.0
1.0

2899.5
1.0
1.0

2918.25
1.0
1.0

2945.25
1.0
1.0

2952.75
1.0
1.0

3008.25
1.0
1.0

3017.25
1.0
1.0

3034.5
1.0
1.0

3053.25
1.0
1.0

3070.5
1.0
1.0

3079.5
1.0
1.0

3107.25
1.0
1.0

3114.0
1.0
1.0

3123.75
1.0
1.0

3133.5
1.0
1.0

3150.0
1.0
1.0

3161.25
1.0
1.0

3213.0
1.0
1.0

3223.5
1.0
1.0

3232.5
1.0
1.0

3251.25
1.0
1.0

3267.75
1.0
1.0

3285.0
1.0
1.0

3321.0
1.0
1.0

3339.75
1.0
1.0

3359.25
1.0
1.0

