1061.5
4.8
1.0

1145.5
4.8
1.0

1215.0
4.8
1.0

1232.0
4.8
1.0

1241.5
4.8
1.0

1250.5
4.8
1.0

1261.0
4.8
1.0

1280.5
4.8
1.0

1288.5
4.8
1.0

1344.5
4.8
1.0

1355.0
4.8
1.0

1405.0
4.8
1.0

1488.0
4.8
1.0

1499.0
4.8
1.0

1540.0
4.8
1.0

1606.5
4.8
1.0

1617.0
4.8
1.0

1652.5
4.8
1.0

1660.5
4.8
1.0

1681.5
4.8
1.0

1710.0
4.8
1.0

1719.0
4.8
1.0

1746.0
4.8
1.0

1774.0
4.8
1.0

1793.0
4.8
1.0

1812.0
4.8
1.0

1858.5
4.8
1.0

1869.5
4.8
1.0

1888.0
4.8
1.0

1935.0
4.8
1.0

1944.0
4.8
1.0

2013.0
4.8
1.0

3010.5
4.8
1.0

3058.5
4.8
1.0

3067.0
4.8
1.0

3113.5
4.8
1.0

3152.5
4.8
1.0

3181.0
4.8
1.0

3216.5
4.8
1.0

3299.0
4.8
1.0

3309.5
4.8
1.0

3347.0
4.8
1.0

3403.0
4.8
1.0

3459.0
4.8
1.0

3499.0
4.8
1.0

3509.5
4.8
1.0

3549.0
4.8
1.0

3558.0
4.8
1.0

3585.5
4.8
1.0

3603.5
4.8
1.0

3660.0
4.8
1.0

3699.0
4.8
1.0

3718.5
4.8
1.0

3756.5
4.8
1.0

3817.5
4.8
1.0

3826.0
4.8
1.0

3863.5
4.8
1.0

3873.0
4.8
1.0

3892.0
4.8
1.0

3900.0
4.8
1.0

3909.5
4.8
1.0

3919.5
4.8
1.0

3939.5
4.8
1.0

3949.5
4.8
1.0

