1219.8
1.5
1.0

1247.8
1.5
1.0

1256.3
1.5
1.0

1267.3
1.5
1.0

1294.3
1.5
1.0

1410.8
1.5
1.0

1622.8
1.5
1.0

1657.3
1.5
1.0

1687.8
1.5
1.0

1715.3
1.5
1.0

1751.8
1.5
1.0

1864.3
1.5
1.0

1874.3
1.5
1.0

1940.8
1.5
1.0

1949.3
1.5
1.0

2018.3
1.5
1.0

3063.3
1.5
1.0

3072.3
1.5
1.0

3119.8
1.5
1.0

3185.8
1.5
1.0

3304.3
1.5
1.0

3407.8
1.5
1.0

3504.8
1.5
1.0

3515.8
1.5
1.0

3555.3
1.5
1.0

3704.3
1.5
1.0

3832.3
1.5
1.0

3868.3
1.5
1.0

3897.8
1.5
1.0

3905.3
1.5
1.0

3915.8
1.5
1.0

3955.3
1.5
1.0

