344.75
1.5
1.0

410.0
1.5
1.0

428.0
1.5
1.0

482.0
1.5
1.0

537.5
1.5
1.0

546.5
1.5
1.0

555.5
1.5
1.0

563.0
1.5
1.0

608.0
1.5
1.0

698.0
1.5
1.0

733.25
1.5
1.0

785.0
1.5
1.0

806.75
1.5
1.0

850.25
1.5
1.0

929.0
1.5
1.0

950.0
1.5
1.0

967.25
1.5
1.0

985.25
1.5
1.0

2713.25
1.5
1.0

2758.25
1.5
1.0

2767.25
1.5
1.0

2838.5
1.5
1.0

2855.75
1.5
1.0

2893.25
1.5
1.0

2911.25
1.5
1.0

2920.25
1.5
1.0

2957.0
1.5
1.0

2963.0
1.5
1.0

3002.0
1.5
1.0

3065.0
1.5
1.0

3071.75
1.5
1.0

3128.0
1.5
1.0

3138.5
1.5
1.0

3182.0
1.5
1.0

3199.25
1.5
1.0

3262.25
1.5
1.0

