1086.3
1.5
1.0

1168.3
1.5
1.0

1277.3
1.5
1.0

1370.3
1.5
1.0

1420.8
1.5
1.0

1521.8
1.5
1.0

1574.8
1.5
1.0

1603.3
1.5
1.0

1696.8
1.5
1.0

1706.3
1.5
1.0

1771.3
1.5
1.0

1835.3
1.5
1.0

1854.3
1.5
1.0

1903.3
1.5
1.0

1910.8
1.5
1.0

1965.8
1.5
1.0

3109.8
1.5
1.0

3129.3
1.5
1.0

3212.3
1.5
1.0

3248.8
1.5
1.0

3258.3
1.5
1.0

3266.8
1.5
1.0

3379.3
1.5
1.0

3437.3
1.5
1.0

3446.3
1.5
1.0

3455.3
1.5
1.0

3581.8
1.5
1.0

3674.3
1.5
1.0

3752.8
1.5
1.0

3813.3
1.5
1.0

3888.3
1.5
1.0

3974.8
1.5
1.0

