289.5
1.0
1.0

324.75
1.0
1.0

334.5
1.0
1.0

360.0
1.0
1.0

370.5
1.0
1.0

397.5
1.0
1.0

414.0
1.0
1.0

423.75
1.0
1.0

433.5
1.0
1.0

450.0
1.0
1.0

477.75
1.0
1.0

497.25
1.0
1.0

506.25
1.0
1.0

514.5
1.0
1.0

523.5
1.0
1.0

587.25
1.0
1.0

594.0
1.0
1.0

605.25
1.0
1.0

630.75
1.0
1.0

639.0
1.0
1.0

649.5
1.0
1.0

668.25
1.0
1.0

685.5
1.0
1.0

693.75
1.0
1.0

721.5
1.0
1.0

783.75
1.0
1.0

829.5
1.0
1.0

855.0
1.0
1.0

866.25
1.0
1.0

873.75
1.0
1.0

882.0
1.0
1.0

893.25
1.0
1.0

918.75
1.0
1.0

938.25
1.0
1.0

964.5
1.0
1.0

972.75
1.0
1.0

1000.5
1.0
1.0

1028.25
1.0
1.0

1035.0
1.0
1.0

1053.0
1.0
1.0

1073.25
1.0
1.0

1089.75
1.0
1.0

1099.5
1.0
1.0

1116.0
1.0
1.0

1125.75
1.0
1.0

1143.0
1.0
1.0

1170.75
1.0
1.0

1179.75
1.0
1.0

1235.25
1.0
1.0

1243.5
1.0
1.0

1253.25
1.0
1.0

1269.0
1.0
1.0

1287.0
1.0
1.0

1350.0
1.0
1.0

1359.0
1.0
1.0

1404.0
1.0
1.0

1415.25
1.0
1.0

1441.5
1.0
1.0

1449.0
1.0
1.0

1460.25
1.0
1.0

1469.25
1.0
1.0

1476.75
1.0
1.0

1504.5
1.0
1.0

1521.0
1.0
1.0

1531.5
1.0
1.0

1548.0
1.0
1.0

1558.5
1.0
1.0

1602.75
1.0
1.0

1622.25
1.0
1.0

1640.25
1.0
1.0

1647.0
1.0
1.0

1683.75
1.0
1.0

