2226.0
4.8
1.0

2235.0
4.8
1.0

2264.0
4.8
1.0

2301.5
4.8
1.0

2348.5
4.8
1.0

2369.5
4.8
1.0

2415.5
4.8
1.0

2424.0
4.8
1.0

2471.0
4.8
1.0

2507.0
4.8
1.0

2592.0
4.8
1.0

2631.0
4.8
1.0

2657.0
4.8
1.0

2693.0
4.8
1.0

2769.0
4.8
1.0

2822.5
4.8
1.0

2832.5
4.8
1.0

2840.0
4.8
1.0

2859.5
4.8
1.0

2876.0
4.8
1.0

2887.5
4.8
1.0

2906.0
4.8
1.0

2942.5
4.8
1.0

2976.5
4.8
1.0

2985.0
4.8
1.0

2992.5
4.8
1.0

3010.0
4.8
1.0

3038.0
4.8
1.0

3064.0
4.8
1.0

3110.0
4.8
1.0

3121.5
4.8
1.0

3131.5
4.8
1.0

