2245.5
4.8
1.0

2321.0
4.8
1.0

2331.5
4.8
1.0

2340.0
4.8
1.0

2442.5
4.8
1.0

2460.5
4.8
1.0

2490.5
4.8
1.0

2498.0
4.8
1.0

2516.0
4.8
1.0

2526.0
4.8
1.0

2535.5
4.8
1.0

2544.5
4.8
1.0

2565.0
4.8
1.0

2574.0
4.8
1.0

2583.5
4.8
1.0

2610.5
4.8
1.0

2711.5
4.8
1.0

2739.0
4.8
1.0

2758.5
4.8
1.0

2786.5
4.8
1.0

2805.5
4.8
1.0

2849.5
4.8
1.0

2869.0
4.8
1.0

2933.0
4.8
1.0

2968.0
4.8
1.0

3030.0
4.8
1.0

3047.0
4.8
1.0

3073.0
4.8
1.0

3083.5
4.8
1.0

3093.0
4.8
1.0

3150.0
4.8
1.0

3179.5
4.8
1.0

