344.5
2.0
1.0

356.5
2.0
1.0

408.25
2.0
1.0

445.75
2.0
1.0

490.0
2.0
1.0

535.75
2.0
1.0

562.0
2.0
1.0

590.5
2.0
1.0

606.25
2.0
1.0

625.0
2.0
1.0

706.0
2.0
1.0

715.0
2.0
1.0

759.25
2.0
1.0

814.0
2.0
1.0

859.0
2.0
1.0

868.75
2.0
1.0

885.25
2.0
1.0

974.5
2.0
1.0

1068.25
2.0
1.0

1127.5
2.0
1.0

1145.5
2.0
1.0

1193.5
2.0
1.0

1200.25
2.0
1.0

1219.0
2.0
1.0

1255.0
2.0
1.0

1274.5
2.0
1.0

1291.0
2.0
1.0

1309.0
2.0
1.0

1390.75
2.0
1.0

1397.5
2.0
1.0

1500.25
2.0
1.0

1553.5
2.0
1.0

1604.5
2.0
1.0

1651.0
2.0
1.0

1687.0
2.0
1.0

1705.0
2.0
1.0

