328.25
1.5
1.0

435.5
1.5
1.0

447.5
1.5
1.0

554.75
1.5
1.0

589.25
1.5
1.0

659.75
1.5
1.0

668.75
1.5
1.0

677.0
1.5
1.0

707.0
1.5
1.0

713.75
1.5
1.0

752.75
1.5
1.0

804.5
1.5
1.0

823.25
1.5
1.0

832.25
1.5
1.0

848.75
1.5
1.0

869.75
1.5
1.0

932.75
1.5
1.0

992.75
1.5
1.0

1040.0
1.5
1.0

1049.75
1.5
1.0

1085.75
1.5
1.0

1208.75
1.5
1.0

1373.75
1.5
1.0

1381.25
1.5
1.0

1390.25
1.5
1.0

1436.75
1.5
1.0

1444.25
1.5
1.0

1480.25
1.5
1.0

1498.25
1.5
1.0

1525.25
1.5
1.0

1561.25
1.5
1.0

1570.25
1.5
1.0

1587.5
1.5
1.0

1650.5
1.5
1.0

1667.75
1.5
1.0

1706.0
1.5
1.0

