1946.25
1.0
1.0

1962.0
1.0
1.0

1971.0
1.0
1.0

1999.5
1.0
1.0

2007.75
1.0
1.0

2017.5
1.0
1.0

2071.5
1.0
1.0

2116.5
1.0
1.0

2161.5
1.0
1.0

2188.5
1.0
1.0

2196.75
1.0
1.0

2232.75
1.0
1.0

2270.25
1.0
1.0

2279.25
1.0
1.0

2297.25
1.0
1.0

2306.25
1.0
1.0

2322.75
1.0
1.0

2333.25
1.0
1.0

2342.25
1.0
1.0

2349.75
1.0
1.0

2376.75
1.0
1.0

2386.5
1.0
1.0

2405.25
1.0
1.0

2421.75
1.0
1.0

2430.75
1.0
1.0

2448.75
1.0
1.0

2466.75
1.0
1.0

2511.0
1.0
1.0

2520.75
1.0
1.0

2539.5
1.0
1.0

2548.5
1.0
1.0

2583.75
1.0
1.0

2612.25
1.0
1.0

2619.0
1.0
1.0

2629.5
1.0
1.0

2637.0
1.0
1.0

2655.75
1.0
1.0

2665.5
1.0
1.0

2673.75
1.0
1.0

2691.75
1.0
1.0

2701.5
1.0
1.0

2710.5
1.0
1.0

2729.25
1.0
1.0

2738.25
1.0
1.0

2745.0
1.0
1.0

2754.0
1.0
1.0

2782.5
1.0
1.0

2819.25
1.0
1.0

2835.0
1.0
1.0

2844.75
1.0
1.0

2900.25
1.0
1.0

2909.25
1.0
1.0

2943.75
1.0
1.0

2952.0
1.0
1.0

2963.25
1.0
1.0

2981.25
1.0
1.0

2988.75
1.0
1.0

2998.5
1.0
1.0

3017.25
1.0
1.0

3062.25
1.0
1.0

3096.0
1.0
1.0

3134.25
1.0
1.0

3151.5
1.0
1.0

3178.5
1.0
1.0

3206.25
1.0
1.0

3222.0
1.0
1.0

3232.5
1.0
1.0

3287.25
1.0
1.0

3314.25
1.0
1.0

3322.5
1.0
1.0

3330.0
1.0
1.0

3339.0
1.0
1.0

