297.0
1.0
1.0

315.0
1.0
1.0

351.0
1.0
1.0

360.0
1.0
1.0

414.75
1.0
1.0

461.25
1.0
1.0

477.0
1.0
1.0

523.5
1.0
1.0

558.0
1.0
1.0

568.5
1.0
1.0

622.5
1.0
1.0

641.25
1.0
1.0

649.5
1.0
1.0

684.75
1.0
1.0

693.75
1.0
1.0

702.0
1.0
1.0

738.0
1.0
1.0

767.25
1.0
1.0

775.5
1.0
1.0

792.75
1.0
1.0

819.75
1.0
1.0

893.25
1.0
1.0

919.5
1.0
1.0

936.75
1.0
1.0

974.25
1.0
1.0

1008.0
1.0
1.0

1044.0
1.0
1.0

1063.5
1.0
1.0

1126.5
1.0
1.0

1188.75
1.0
1.0

1206.75
1.0
1.0

1305.75
1.0
1.0

1359.75
1.0
1.0

1395.75
1.0
1.0

1414.5
1.0
1.0

1449.75
1.0
1.0

1496.25
1.0
1.0

1513.5
1.0
1.0

1530.0
1.0
1.0

1566.75
1.0
1.0

1575.75
1.0
1.0

1594.5
1.0
1.0

1602.75
1.0
1.0

1612.5
1.0
1.0

1640.25
1.0
1.0

1666.5
1.0
1.0

1683.0
1.0
1.0

1703.25
1.0
1.0

1721.25
1.0
1.0

1728.75
1.0
1.0

1791.0
1.0
1.0

1828.5
1.0
1.0

1837.5
1.0
1.0

1892.25
1.0
1.0

1909.5
1.0
1.0

1918.5
1.0
1.0

