297.0
1.0
1.0

306.0
1.0
1.0

325.5
1.0
1.0

387.0
1.0
1.0

396.0
1.0
1.0

406.5
1.0
1.0

452.25
1.0
1.0

531.0
1.0
1.0

551.25
1.0
1.0

560.25
1.0
1.0

569.25
1.0
1.0

639.75
1.0
1.0

684.75
1.0
1.0

713.25
1.0
1.0

756.75
1.0
1.0

775.5
1.0
1.0

783.75
1.0
1.0

801.0
1.0
1.0

811.5
1.0
1.0

837.0
1.0
1.0

873.75
1.0
1.0

929.25
1.0
1.0

936.0
1.0
1.0

981.75
1.0
1.0

1027.5
1.0
1.0

1045.5
1.0
1.0

1062.0
1.0
1.0

1081.5
1.0
1.0

1125.0
1.0
1.0

1179.0
1.0
1.0

1224.75
1.0
1.0

1262.25
1.0
1.0

1271.25
1.0
1.0

1280.25
1.0
1.0

1296.0
1.0
1.0

1305.0
1.0
1.0

1350.0
1.0
1.0

1377.0
1.0
1.0

1406.25
1.0
1.0

1432.5
1.0
1.0

1441.5
1.0
1.0

1485.0
1.0
1.0

1494.0
1.0
1.0

1585.5
1.0
1.0

1604.25
1.0
1.0

1611.75
1.0
1.0

1656.0
1.0
1.0

1665.0
1.0
1.0

1693.5
1.0
1.0

1711.5
1.0
1.0

1746.0
1.0
1.0

1757.25
1.0
1.0

1818.75
1.0
1.0

1845.0
1.0
1.0

1872.75
1.0
1.0

1908.0
1.0
1.0

