289.5
1.0
1.0

353.25
1.0
1.0

360.75
1.0
1.0

369.0
1.0
1.0

443.25
1.0
1.0

459.75
1.0
1.0

477.0
1.0
1.0

504.75
1.0
1.0

514.5
1.0
1.0

542.25
1.0
1.0

576.75
1.0
1.0

594.0
1.0
1.0

603.0
1.0
1.0

612.0
1.0
1.0

631.5
1.0
1.0

648.75
1.0
1.0

721.5
1.0
1.0

738.75
1.0
1.0

747.0
1.0
1.0

794.25
1.0
1.0

864.0
1.0
1.0

900.0
1.0
1.0

920.25
1.0
1.0

946.5
1.0
1.0

963.75
1.0
1.0

1017.75
1.0
1.0

1089.0
1.0
1.0

1098.75
1.0
1.0

1118.25
1.0
1.0

1188.0
1.0
1.0

1208.25
1.0
1.0

1234.5
1.0
1.0

1251.75
1.0
1.0

1288.5
1.0
1.0

1332.75
1.0
1.0

1343.25
1.0
1.0

1360.5
1.0
1.0

1368.75
1.0
1.0

1386.0
1.0
1.0

1396.5
1.0
1.0

1413.75
1.0
1.0

1422.0
1.0
1.0

1458.75
1.0
1.0

1504.5
1.0
1.0

1512.0
1.0
1.0

1523.25
1.0
1.0

1539.75
1.0
1.0

1568.25
1.0
1.0

1575.75
1.0
1.0

1621.5
1.0
1.0

1629.0
1.0
1.0

1738.5
1.0
1.0

1764.75
1.0
1.0

1783.5
1.0
1.0

1864.5
1.0
1.0

1935.75
1.0
1.0

