1950.5
1.5
1.0

1964.75
1.5
1.0

2011.25
1.5
1.0

2120.0
1.5
1.0

2163.5
1.5
1.0

2191.25
1.5
1.0

2301.5
1.5
1.0

2346.5
1.5
1.0

2381.0
1.5
1.0

2390.0
1.5
1.0

2434.25
1.5
1.0

2450.75
1.5
1.0

2543.0
1.5
1.0

2552.0
1.5
1.0

2585.75
1.5
1.0

2615.0
1.5
1.0

2622.5
1.5
1.0

2639.75
1.5
1.0

2657.75
1.5
1.0

2669.0
1.5
1.0

2714.0
1.5
1.0

2740.25
1.5
1.0

2749.25
1.5
1.0

2756.0
1.5
1.0

2821.25
1.5
1.0

2911.25
1.5
1.0

2956.25
1.5
1.0

2993.0
1.5
1.0

3020.75
1.5
1.0

3064.25
1.5
1.0

3098.0
1.5
1.0

3137.0
1.5
1.0

3182.75
1.5
1.0

3210.5
1.5
1.0

3226.25
1.5
1.0

3341.0
1.5
1.0

