1984.0
2.0
1.0

2002.0
2.0
1.0

2047.75
2.0
1.0

2063.5
2.0
1.0

2109.25
2.0
1.0

2117.5
2.0
1.0

2145.25
2.0
1.0

2297.5
2.0
1.0

2316.25
2.0
1.0

2337.25
2.0
1.0

2362.0
2.0
1.0

2416.75
2.0
1.0

2575.75
2.0
1.0

2585.5
2.0
1.0

2596.75
2.0
1.0

2630.5
2.0
1.0

2640.25
2.0
1.0

2650.75
2.0
1.0

2676.25
2.0
1.0

2722.75
2.0
1.0

2786.5
2.0
1.0

2848.75
2.0
1.0

2857.75
2.0
1.0

2874.25
2.0
1.0

2927.5
2.0
1.0

2946.25
2.0
1.0

2956.75
2.0
1.0

3029.5
2.0
1.0

3118.75
2.0
1.0

3133.75
2.0
1.0

3155.5
2.0
1.0

3205.75
2.0
1.0

3233.5
2.0
1.0

3262.0
2.0
1.0

3270.25
2.0
1.0

3289.0
2.0
1.0

