2022.0
4.8
1.0

2031.5
4.8
1.0

2056.0
4.8
1.0

2074.5
4.8
1.0

2083.0
4.8
1.0

2130.0
4.8
1.0

2139.5
4.8
1.0

2156.5
4.8
1.0

2194.5
4.8
1.0

2215.5
4.8
1.0

2224.5
4.8
1.0

2250.5
4.8
1.0

2259.5
4.8
1.0

2277.0
4.8
1.0

2292.5
4.8
1.0

2311.5
4.8
1.0

2329.5
4.8
1.0

2346.5
4.8
1.0

2355.5
4.8
1.0

2365.0
4.8
1.0

2390.5
4.8
1.0

2399.5
4.8
1.0

2418.0
4.8
1.0

2452.0
4.8
1.0

2480.5
4.8
1.0

2504.0
4.8
1.0

2512.0
4.8
1.0

2523.5
4.8
1.0

2550.5
4.8
1.0

2566.0
4.8
1.0

2593.0
4.8
1.0

2602.5
4.8
1.0

2610.0
4.8
1.0

2629.0
4.8
1.0

2658.0
4.8
1.0

2667.5
4.8
1.0

2686.0
4.8
1.0

2714.5
4.8
1.0

2758.0
4.8
1.0

2774.0
4.8
1.0

2810.0
4.8
1.0

2841.0
4.8
1.0

2850.5
4.8
1.0

2876.5
4.8
1.0

2893.5
4.8
1.0

2903.5
4.8
1.0

2912.0
4.8
1.0

2940.0
4.8
1.0

