221.25
1.0
1.0

228.75
1.0
1.0

264.75
1.0
1.0

309.75
1.0
1.0

327.75
1.0
1.0

347.25
1.0
1.0

383.25
1.0
1.0

399.0
1.0
1.0

408.75
1.0
1.0

417.0
1.0
1.0

435.0
1.0
1.0

464.25
1.0
1.0

481.5
1.0
1.0

498.75
1.0
1.0

507.0
1.0
1.0

525.75
1.0
1.0

534.75
1.0
1.0

562.5
1.0
1.0

581.25
1.0
1.0

588.75
1.0
1.0

597.0
1.0
1.0

635.25
1.0
1.0

660.75
1.0
1.0

678.0
1.0
1.0

705.75
1.0
1.0

714.75
1.0
1.0

732.75
1.0
1.0

742.5
1.0
1.0

761.25
1.0
1.0

768.0
1.0
1.0

822.0
1.0
1.0

833.25
1.0
1.0

850.5
1.0
1.0

868.5
1.0
1.0

912.75
1.0
1.0

923.25
1.0
1.0

931.5
1.0
1.0

939.75
1.0
1.0

976.5
1.0
1.0

984.75
1.0
1.0

1011.0
1.0
1.0

1020.0
1.0
1.0

1868.25
1.0
1.0

1884.75
1.0
1.0

1903.5
1.0
1.0

1929.0
1.0
1.0

1966.5
1.0
1.0

1974.75
1.0
1.0

1984.5
1.0
1.0

1994.25
1.0
1.0

2028.0
1.0
1.0

2039.25
1.0
1.0

2047.5
1.0
1.0

2065.5
1.0
1.0

2083.5
1.0
1.0

2091.75
1.0
1.0

2146.5
1.0
1.0

2163.75
1.0
1.0

2174.25
1.0
1.0

2183.25
1.0
1.0

2191.5
1.0
1.0

2208.75
1.0
1.0

2217.0
1.0
1.0

2226.0
1.0
1.0

2273.25
1.0
1.0

2300.25
1.0
1.0

2353.5
1.0
1.0

2363.25
1.0
1.0

2370.0
1.0
1.0

2379.0
1.0
1.0

2398.5
1.0
1.0

2424.75
1.0
1.0

2433.75
1.0
1.0

2453.25
1.0
1.0

2488.5
1.0
1.0

2497.5
1.0
1.0

2523.75
1.0
1.0

2532.75
1.0
1.0

2551.5
1.0
1.0

2604.0
1.0
1.0

2614.5
1.0
1.0

2623.5
1.0
1.0

2632.5
1.0
1.0

2651.25
1.0
1.0

