1064.0
4.8
1.0

1083.0
4.8
1.0

1149.0
4.8
1.0

1186.0
4.8
1.0

1223.5
4.8
1.0

1233.5
4.8
1.0

1242.5
4.8
1.0

1270.0
4.8
1.0

1383.0
4.8
1.0

1403.5
4.8
1.0

1413.0
4.8
1.0

1453.0
4.8
1.0

1471.5
4.8
1.0

1520.5
4.8
1.0

1528.5
4.8
1.0

1546.0
4.8
1.0

1590.0
4.8
1.0

1601.5
4.8
1.0

1629.0
4.8
1.0

1672.0
4.8
1.0

1681.5
4.8
1.0

1730.5
4.8
1.0

1775.5
4.8
1.0

1795.5
4.8
1.0

1814.5
4.8
1.0

1835.0
4.8
1.0

1844.5
4.8
1.0

1871.0
4.8
1.0

1881.5
4.8
1.0

1891.0
4.8
1.0

1928.0
4.8
1.0

1936.0
4.8
1.0

2036.5
4.8
1.0

2045.5
4.8
1.0

2103.0
4.8
1.0

2132.5
4.8
1.0

2149.0
4.8
1.0

2184.0
4.8
1.0

2257.5
4.8
1.0

2274.5
4.8
1.0

2294.5
4.8
1.0

2312.0
4.8
1.0

2328.5
4.8
1.0

2339.0
4.8
1.0

2376.5
4.8
1.0

2394.0
4.8
1.0

2423.5
4.8
1.0

2450.0
4.8
1.0

2471.0
4.8
1.0

2488.5
4.8
1.0

2544.0
4.8
1.0

2562.5
4.8
1.0

2580.5
4.8
1.0

2601.5
4.8
1.0

2646.5
4.8
1.0

2677.0
4.8
1.0

2783.0
4.8
1.0

2803.5
4.8
1.0

2828.5
4.8
1.0

2878.5
4.8
1.0

2915.0
4.8
1.0

2961.0
4.8
1.0

2989.5
4.8
1.0

2998.5
4.8
1.0

