298.5
1.0
1.0

306.75
1.0
1.0

326.25
1.0
1.0

335.25
1.0
1.0

360.0
1.0
1.0

380.25
1.0
1.0

397.5
1.0
1.0

414.0
1.0
1.0

450.0
1.0
1.0

477.0
1.0
1.0

504.75
1.0
1.0

514.5
1.0
1.0

532.5
1.0
1.0

540.75
1.0
1.0

551.25
1.0
1.0

558.75
1.0
1.0

585.0
1.0
1.0

630.0
1.0
1.0

639.75
1.0
1.0

675.0
1.0
1.0

712.5
1.0
1.0

729.75
1.0
1.0

774.75
1.0
1.0

783.75
1.0
1.0

793.5
1.0
1.0

803.25
1.0
1.0

839.25
1.0
1.0

857.25
1.0
1.0

883.5
1.0
1.0

891.75
1.0
1.0

900.0
1.0
1.0

909.0
1.0
1.0

954.0
1.0
1.0

964.5
1.0
1.0

982.5
1.0
1.0

991.5
1.0
1.0

1829.25
1.0
1.0

1856.25
1.0
1.0

1908.0
1.0
1.0

1926.75
1.0
1.0

1935.75
1.0
1.0

1981.5
1.0
1.0

2000.25
1.0
1.0

2008.5
1.0
1.0

2018.25
1.0
1.0

2052.75
1.0
1.0

2062.5
1.0
1.0

2070.0
1.0
1.0

2115.0
1.0
1.0

2160.75
1.0
1.0

2169.75
1.0
1.0

2188.5
1.0
1.0

2216.25
1.0
1.0

2250.0
1.0
1.0

2268.0
1.0
1.0

2278.5
1.0
1.0

2295.75
1.0
1.0

2304.75
1.0
1.0

2331.0
1.0
1.0

2342.25
1.0
1.0

2349.0
1.0
1.0

2367.75
1.0
1.0

2396.25
1.0
1.0

2412.75
1.0
1.0

2430.75
1.0
1.0

2449.5
1.0
1.0

2459.25
1.0
1.0

2468.25
1.0
1.0

2475.75
1.0
1.0

2493.75
1.0
1.0

2511.0
1.0
1.0

2531.25
1.0
1.0

