364.75
2.0
1.0

391.75
2.0
1.0

427.75
2.0
1.0

434.5
2.0
1.0

454.0
2.0
1.0

463.75
2.0
1.0

562.0
2.0
1.0

579.25
2.0
1.0

625.75
2.0
1.0

663.25
2.0
1.0

740.5
2.0
1.0

760.75
2.0
1.0

798.25
2.0
1.0

825.25
2.0
1.0

883.75
2.0
1.0

957.25
2.0
1.0

977.5
2.0
1.0

985.0
2.0
1.0

1849.75
2.0
1.0

1866.25
2.0
1.0

1936.75
2.0
1.0

1993.0
2.0
1.0

2009.5
2.0
1.0

2019.25
2.0
1.0

2065.75
2.0
1.0

2092.75
2.0
1.0

2181.25
2.0
1.0

2218.0
2.0
1.0

2254.0
2.0
1.0

2290.75
2.0
1.0

2317.75
2.0
1.0

2335.75
2.0
1.0

2369.5
2.0
1.0

2425.0
2.0
1.0

2453.5
2.0
1.0

2532.25
2.0
1.0

