1116.8
1.5
1.0

1136.8
1.5
1.0

1285.3
1.5
1.0

1360.3
1.5
1.0

1398.8
1.5
1.0

1438.3
1.5
1.0

1559.3
1.5
1.0

1624.8
1.5
1.0

1707.8
1.5
1.0

1727.3
1.5
1.0

1753.8
1.5
1.0

1791.3
1.5
1.0

1866.8
1.5
1.0

1949.8
1.5
1.0

1987.8
1.5
1.0

2032.8
1.5
1.0

2145.3
1.5
1.0

2181.8
1.5
1.0

2325.8
1.5
1.0

2353.8
1.5
1.0

2363.8
1.5
1.0

2446.8
1.5
1.0

2466.3
1.5
1.0

2531.8
1.5
1.0

2623.3
1.5
1.0

2632.8
1.5
1.0

2643.8
1.5
1.0

2722.3
1.5
1.0

2750.3
1.5
1.0

2901.8
1.5
1.0

2985.8
1.5
1.0

3010.8
1.5
1.0

