85.8
1.5
1.0

118.8
1.5
1.0

270.3
1.5
1.0

280.3
1.5
1.0

370.8
1.5
1.0

397.3
1.5
1.0

446.8
1.5
1.0

455.3
1.5
1.0

464.3
1.5
1.0

510.8
1.5
1.0

555.8
1.5
1.0

583.3
1.5
1.0

648.3
1.5
1.0

692.8
1.5
1.0

710.3
1.5
1.0

749.8
1.5
1.0

811.8
1.5
1.0

819.8
1.5
1.0

829.3
1.5
1.0

874.3
1.5
1.0

884.8
1.5
1.0

950.8
1.5
1.0

971.3
1.5
1.0

1051.8
1.5
1.0

3037.3
1.5
1.0

3064.3
1.5
1.0

3074.8
1.5
1.0

3092.8
1.5
1.0

3117.8
1.5
1.0

3126.8
1.5
1.0

3156.3
1.5
1.0

3196.8
1.5
1.0

3227.3
1.5
1.0

3291.3
1.5
1.0

3335.8
1.5
1.0

3462.8
1.5
1.0

3586.3
1.5
1.0

3606.3
1.5
1.0

3616.8
1.5
1.0

3634.3
1.5
1.0

3675.3
1.5
1.0

3721.3
1.5
1.0

3740.8
1.5
1.0

3804.3
1.5
1.0

3863.3
1.5
1.0

3873.3
1.5
1.0

3946.3
1.5
1.0

3956.8
1.5
1.0

