1079.3
1.5
1.0

1097.3
1.5
1.0

1200.3
1.5
1.0

1294.3
1.5
1.0

1323.8
1.5
1.0

1332.8
1.5
1.0

1379.3
1.5
1.0

1449.3
1.5
1.0

1614.8
1.5
1.0

1669.8
1.5
1.0

1717.3
1.5
1.0

1857.8
1.5
1.0

1915.8
1.5
1.0

1924.8
1.5
1.0

1959.3
1.5
1.0

2013.3
1.5
1.0

2099.3
1.5
1.0

2163.3
1.5
1.0

2173.3
1.5
1.0

2208.8
1.5
1.0

2243.8
1.5
1.0

2271.8
1.5
1.0

2309.3
1.5
1.0

2559.8
1.5
1.0

2662.3
1.5
1.0

2702.8
1.5
1.0

2759.3
1.5
1.0

2825.8
1.5
1.0

2864.3
1.5
1.0

2892.3
1.5
1.0

2938.8
1.5
1.0

2957.3
1.5
1.0

