297.75
1.0
1.0

307.5
1.0
1.0

325.5
1.0
1.0

335.25
1.0
1.0

360.0
1.0
1.0

388.5
1.0
1.0

396.75
1.0
1.0

406.5
1.0
1.0

432.0
1.0
1.0

441.75
1.0
1.0

468.75
1.0
1.0

505.5
1.0
1.0

531.0
1.0
1.0

542.25
1.0
1.0

587.25
1.0
1.0

594.75
1.0
1.0

695.25
1.0
1.0

720.75
1.0
1.0

747.0
1.0
1.0

774.0
1.0
1.0

873.75
1.0
1.0

919.5
1.0
1.0

928.5
1.0
1.0

938.25
1.0
1.0

956.25
1.0
1.0

1008.0
1.0
1.0

1028.25
1.0
1.0

1090.5
1.0
1.0

2574.0
1.0
1.0

2610.75
1.0
1.0

2630.25
1.0
1.0

2637.0
1.0
1.0

2666.25
1.0
1.0

2682.0
1.0
1.0

2709.75
1.0
1.0

2791.5
1.0
1.0

2844.75
1.0
1.0

2871.75
1.0
1.0

2909.25
1.0
1.0

2917.5
1.0
1.0

2934.0
1.0
1.0

2998.5
1.0
1.0

3034.5
1.0
1.0

3052.5
1.0
1.0

3070.5
1.0
1.0

3096.0
1.0
1.0

3107.25
1.0
1.0

3114.0
1.0
1.0

3132.75
1.0
1.0

3143.25
1.0
1.0

3188.25
1.0
1.0

3204.75
1.0
1.0

3223.5
1.0
1.0

3267.75
1.0
1.0

3303.0
1.0
1.0

3322.5
1.0
1.0

