1053.0
4.8
1.0

1073.0
4.8
1.0

1123.0
4.8
1.0

1163.5
4.8
1.0

1173.5
4.8
1.0

1211.5
4.8
1.0

1231.5
4.8
1.0

1241.5
4.8
1.0

1251.0
4.8
1.0

1270.0
4.8
1.0

1307.0
4.8
1.0

1317.5
4.8
1.0

1337.0
4.8
1.0

1374.5
4.8
1.0

1432.5
4.8
1.0

1452.5
4.8
1.0

1473.5
4.8
1.0

1493.0
4.8
1.0

1539.5
4.8
1.0

1548.0
4.8
1.0

1556.0
4.8
1.0

1565.0
4.8
1.0

1583.5
4.8
1.0

1593.5
4.8
1.0

1603.0
4.8
1.0

1613.0
4.8
1.0

1633.0
4.8
1.0

1660.5
4.8
1.0

1686.5
4.8
1.0

1703.5
4.8
1.0

1713.5
4.8
1.0

1733.0
4.8
1.0

1743.0
4.8
1.0

1773.0
4.8
1.0

1788.0
4.8
1.0

1823.5
4.8
1.0

1851.5
4.8
1.0

1861.5
4.8
1.0

1879.0
4.8
1.0

1894.5
4.8
1.0

1904.0
4.8
1.0

1912.0
4.8
1.0

1939.5
4.8
1.0

1949.0
4.8
1.0

1966.0
4.8
1.0

1983.0
4.8
1.0

2013.0
4.8
1.0

2032.0
4.8
1.0

3035.5
4.8
1.0

3044.5
4.8
1.0

3055.0
4.8
1.0

3085.5
4.8
1.0

3102.5
4.8
1.0

3122.0
4.8
1.0

3131.0
4.8
1.0

3140.0
4.8
1.0

3159.0
4.8
1.0

3166.0
4.8
1.0

3220.5
4.8
1.0

3231.5
4.8
1.0

3275.0
4.8
1.0

3293.0
4.8
1.0

3303.0
4.8
1.0

3310.0
4.8
1.0

3367.5
4.8
1.0

3377.0
4.8
1.0

3386.0
4.8
1.0

3396.0
4.8
1.0

3433.5
4.8
1.0

3452.5
4.8
1.0

3473.5
4.8
1.0

3483.0
4.8
1.0

3491.0
4.8
1.0

3507.0
4.8
1.0

3517.0
4.8
1.0

3534.0
4.8
1.0

3543.5
4.8
1.0

3591.0
4.8
1.0

3629.5
4.8
1.0

3669.5
4.8
1.0

3688.5
4.8
1.0

3715.0
4.8
1.0

3744.5
4.8
1.0

3781.5
4.8
1.0

3819.0
4.8
1.0

3838.0
4.8
1.0

3847.0
4.8
1.0

3856.0
4.8
1.0

3883.0
4.8
1.0

3902.0
4.8
1.0

3918.5
4.8
1.0

3947.0
4.8
1.0

3965.0
4.8
1.0

3974.5
4.8
1.0

3983.0
4.8
1.0

3992.0
4.8
1.0

