378.3
1.5
1.0

451.3
1.5
1.0

514.3
1.5
1.0

542.8
1.5
1.0

616.8
1.5
1.0

662.3
1.5
1.0

704.8
1.5
1.0

807.8
1.5
1.0

1094.3
1.5
1.0

1208.8
1.5
1.0

1238.3
1.5
1.0

1249.3
1.5
1.0

1258.8
1.5
1.0

1287.3
1.5
1.0

1334.8
1.5
1.0

1342.8
1.5
1.0

2347.8
1.5
1.0

2393.3
1.5
1.0

2496.3
1.5
1.0

2549.3
1.5
1.0

2664.3
1.5
1.0

2778.3
1.5
1.0

2787.3
1.5
1.0

2856.3
1.5
1.0

2940.3
1.5
1.0

2989.8
1.5
1.0

3076.3
1.5
1.0

3093.3
1.5
1.0

3111.8
1.5
1.0

3154.8
1.5
1.0

3198.8
1.5
1.0

3237.3
1.5
1.0

