1233.8
1.5
1.0

1284.8
1.5
1.0

1294.3
1.5
1.0

1362.3
1.5
1.0

1378.8
1.5
1.0

1409.3
1.5
1.0

1453.3
1.5
1.0

1525.8
1.5
1.0

1552.3
1.5
1.0

1561.8
1.5
1.0

1589.8
1.5
1.0

1608.8
1.5
1.0

1627.8
1.5
1.0

1651.3
1.5
1.0

1730.3
1.5
1.0

1806.3
1.5
1.0

1865.8
1.5
1.0

1894.3
1.5
1.0

2026.3
1.5
1.0

2036.3
1.5
1.0

2075.8
1.5
1.0

2083.8
1.5
1.0

2090.8
1.5
1.0

2147.8
1.5
1.0

3182.3
1.5
1.0

3191.8
1.5
1.0

3231.8
1.5
1.0

3247.8
1.5
1.0

3293.8
1.5
1.0

3319.3
1.5
1.0

3376.8
1.5
1.0

3403.3
1.5
1.0

3524.8
1.5
1.0

3581.3
1.5
1.0

3591.8
1.5
1.0

3601.8
1.5
1.0

3621.3
1.5
1.0

3704.8
1.5
1.0

3713.3
1.5
1.0

3785.8
1.5
1.0

3832.3
1.5
1.0

3878.3
1.5
1.0

3942.3
1.5
1.0

3972.8
1.5
1.0

4000.3
1.5
1.0

4009.8
1.5
1.0

4043.8
1.5
1.0

4091.3
1.5
1.0

