3207.0
4.8
1.0

3217.0
4.8
1.0

3261.0
4.8
1.0

3291.5
4.8
1.0

3320.5
4.8
1.0

3338.0
4.8
1.0

3375.0
4.8
1.0

3403.0
4.8
1.0

3418.0
4.8
1.0

3452.5
4.8
1.0

3462.0
4.8
1.0

3486.5
4.8
1.0

3534.5
4.8
1.0

3562.5
4.8
1.0

3615.5
4.8
1.0

3632.0
4.8
1.0

3648.0
4.8
1.0

3777.0
4.8
1.0

3786.0
4.8
1.0

3794.5
4.8
1.0

3805.5
4.8
1.0

3841.5
4.8
1.0

3859.5
4.8
1.0

3925.5
4.8
1.0

3934.5
4.8
1.0

3951.0
4.8
1.0

3959.0
4.8
1.0

3989.0
4.8
1.0

4036.0
4.8
1.0

4055.0
4.8
1.0

4100.5
4.8
1.0

4110.5
4.8
1.0

