0.0
1.0
1.0

20.25
1.0
1.0

28.5
1.0
1.0

54.75
1.0
1.0

72.75
1.0
1.0

82.5
1.0
1.0

127.5
1.0
1.0

145.5
1.0
1.0

162.75
1.0
1.0

189.0
1.0
1.0

200.25
1.0
1.0

207.0
1.0
1.0

216.0
1.0
1.0

271.5
1.0
1.0

288.75
1.0
1.0

297.75
1.0
1.0

324.0
1.0
1.0

334.5
1.0
1.0

352.5
1.0
1.0

371.25
1.0
1.0

378.0
1.0
1.0

387.0
1.0
1.0

396.75
1.0
1.0

406.5
1.0
1.0

459.75
1.0
1.0

495.0
1.0
1.0

533.25
1.0
1.0

549.0
1.0
1.0

558.0
1.0
1.0

604.5
1.0
1.0

614.25
1.0
1.0

630.75
1.0
1.0

648.0
1.0
1.0

666.75
1.0
1.0

685.5
1.0
1.0

703.5
1.0
1.0

