2982.5
4.8
1.0

2990.0
4.8
1.0

3114.5
4.8
1.0

3142.5
4.8
1.0

3161.0
4.8
1.0

3181.0
4.8
1.0

3190.0
4.8
1.0

3198.5
4.8
1.0

3208.5
4.8
1.0

3244.5
4.8
1.0

3273.5
4.8
1.0

3298.5
4.8
1.0

3307.0
4.8
1.0

3315.0
4.8
1.0

3331.5
4.8
1.0

3350.5
4.8
1.0

3366.0
4.8
1.0

3375.5
4.8
1.0

3465.0
4.8
1.0

3484.5
4.8
1.0

3494.5
4.8
1.0

3541.5
4.8
1.0

3560.5
4.8
1.0

3597.5
4.8
1.0

3634.5
4.8
1.0

3670.5
4.8
1.0

3689.5
4.8
1.0

3764.0
4.8
1.0

3781.5
4.8
1.0

3878.5
4.8
1.0

3917.5
4.8
1.0

3927.0
4.8
1.0

