2972.5
4.8
1.0

3039.0
4.8
1.0

3059.0
4.8
1.0

3069.5
4.8
1.0

3134.5
4.8
1.0

3171.5
4.8
1.0

3228.0
4.8
1.0

3290.0
4.8
1.0

3322.0
4.8
1.0

3358.0
4.8
1.0

3384.5
4.8
1.0

3402.0
4.8
1.0

3437.5
4.8
1.0

3475.5
4.8
1.0

3502.5
4.8
1.0

3523.0
4.8
1.0

3532.0
4.8
1.0

3570.5
4.8
1.0

3607.0
4.8
1.0

3661.5
4.8
1.0

3679.5
4.8
1.0

3709.0
4.8
1.0

3755.5
4.8
1.0

3799.5
4.8
1.0

3818.0
4.8
1.0

3835.5
4.8
1.0

3844.0
4.8
1.0

3853.0
4.8
1.0

3863.0
4.8
1.0

3887.5
4.8
1.0

3897.5
4.8
1.0

3907.5
4.8
1.0

