398.5
4.8
1.0

407.0
4.8
1.0

416.5
4.8
1.0

443.5
4.8
1.0

476.0
4.8
1.0

503.0
4.8
1.0

511.5
4.8
1.0

548.5
4.8
1.0

567.0
4.8
1.0

602.5
4.8
1.0

613.5
4.8
1.0

650.5
4.8
1.0

679.0
4.8
1.0

689.0
4.8
1.0

709.0
4.8
1.0

746.5
4.8
1.0

766.0
4.8
1.0

914.0
4.8
1.0

969.0
4.8
1.0

994.5
4.8
1.0

1022.5
4.8
1.0

1094.5
4.8
1.0

1104.5
4.8
1.0

1115.5
4.8
1.0

1124.5
4.8
1.0

1162.5
4.8
1.0

1188.5
4.8
1.0

1206.5
4.8
1.0

1225.0
4.8
1.0

1234.0
4.8
1.0

1298.5
4.8
1.0

1317.5
4.8
1.0

3306.5
4.8
1.0

3326.0
4.8
1.0

3334.5
4.8
1.0

3367.0
4.8
1.0

3445.0
4.8
1.0

3506.5
4.8
1.0

3537.5
4.8
1.0

3576.5
4.8
1.0

3615.0
4.8
1.0

3662.0
4.8
1.0

3671.5
4.8
1.0

3689.0
4.8
1.0

3734.0
4.8
1.0

3753.5
4.8
1.0

3762.5
4.8
1.0

3773.5
4.8
1.0

3793.0
4.8
1.0

3822.5
4.8
1.0

3839.0
4.8
1.0

3912.0
4.8
1.0

3920.5
4.8
1.0

3955.5
4.8
1.0

3992.5
4.8
1.0

4000.5
4.8
1.0

4011.5
4.8
1.0

4020.5
4.8
1.0

4046.5
4.8
1.0

4093.5
4.8
1.0

4133.0
4.8
1.0

4169.5
4.8
1.0

4186.5
4.8
1.0

4203.0
4.8
1.0

