314.0
4.8
1.0

351.0
4.8
1.0

436.5
4.8
1.0

489.5
4.8
1.0

506.5
4.8
1.0

516.5
4.8
1.0

526.5
4.8
1.0

535.5
4.8
1.0

565.5
4.8
1.0

656.5
4.8
1.0

731.5
4.8
1.0

740.5
4.8
1.0

759.5
4.8
1.0

769.0
4.8
1.0

789.0
4.8
1.0

796.5
4.8
1.0

834.0
4.8
1.0

845.5
4.8
1.0

854.5
4.8
1.0

865.0
4.8
1.0

885.5
4.8
1.0

894.0
4.8
1.0

963.0
4.8
1.0

990.5
4.8
1.0

1009.5
4.8
1.0

1047.0
4.8
1.0

1063.0
4.8
1.0

1107.0
4.8
1.0

1163.0
4.8
1.0

1192.5
4.8
1.0

1200.5
4.8
1.0

1211.5
4.8
1.0

3228.5
4.8
1.0

3256.5
4.8
1.0

3302.0
4.8
1.0

3348.5
4.8
1.0

3366.0
4.8
1.0

3375.5
4.8
1.0

3405.0
4.8
1.0

3472.0
4.8
1.0

3503.0
4.8
1.0

3512.0
4.8
1.0

3538.5
4.8
1.0

3556.5
4.8
1.0

3575.0
4.8
1.0

3611.0
4.8
1.0

3620.5
4.8
1.0

3640.0
4.8
1.0

3671.5
4.8
1.0

3737.5
4.8
1.0

3781.5
4.8
1.0

3790.0
4.8
1.0

3856.0
4.8
1.0

3893.0
4.8
1.0

3902.5
4.8
1.0

3943.0
4.8
1.0

3979.0
4.8
1.0

3989.0
4.8
1.0

4018.5
4.8
1.0

4067.0
4.8
1.0

4134.5
4.8
1.0

4144.0
4.8
1.0

4164.5
4.8
1.0

4173.0
4.8
1.0

