441.8
1.5
1.0

495.3
1.5
1.0

531.3
1.5
1.0

662.3
1.5
1.0

736.8
1.5
1.0

765.8
1.5
1.0

774.3
1.5
1.0

801.8
1.5
1.0

840.3
1.5
1.0

860.8
1.5
1.0

890.8
1.5
1.0

1051.8
1.5
1.0

1067.8
1.5
1.0

1112.8
1.5
1.0

1197.8
1.5
1.0

1206.8
1.5
1.0

3233.3
1.5
1.0

3261.3
1.5
1.0

3308.3
1.5
1.0

3353.3
1.5
1.0

3411.3
1.5
1.0

3508.3
1.5
1.0

3543.3
1.5
1.0

3562.3
1.5
1.0

3617.3
1.5
1.0

3899.3
1.5
1.0

3908.3
1.5
1.0

3947.8
1.5
1.0

3984.3
1.5
1.0

4024.3
1.5
1.0

4169.3
1.5
1.0

4177.8
1.5
1.0

