1127.5
2.0
1.0

1246.75
2.0
1.0

1255.0
2.0
1.0

1273.0
2.0
1.0

1290.25
2.0
1.0

1373.5
2.0
1.0

1382.5
2.0
1.0

1424.5
2.0
1.0

1488.25
2.0
1.0

1561.0
2.0
1.0

1604.5
2.0
1.0

1622.5
2.0
1.0

1651.0
2.0
1.0

1660.0
2.0
1.0

1695.25
2.0
1.0

1714.0
2.0
1.0

1747.75
2.0
1.0

1803.25
2.0
1.0

2686.75
2.0
1.0

2713.0
2.0
1.0

2751.25
2.0
1.0

2757.25
2.0
1.0

2803.0
2.0
1.0

2827.75
2.0
1.0

2850.25
2.0
1.0

2902.75
2.0
1.0

2919.25
2.0
1.0

2948.5
2.0
1.0

2984.5
2.0
1.0

2992.0
2.0
1.0

3020.5
2.0
1.0

3064.75
2.0
1.0

3154.0
2.0
1.0

3191.5
2.0
1.0

3352.75
2.0
1.0

3361.0
2.0
1.0

