1370.3
1.5
1.0

1399.3
1.5
1.0

1418.3
1.5
1.0

1474.3
1.5
1.0

1511.3
1.5
1.0

1573.3
1.5
1.0

1620.3
1.5
1.0

1640.3
1.5
1.0

1650.3
1.5
1.0

1670.3
1.5
1.0

1756.3
1.5
1.0

1803.8
1.5
1.0

1811.3
1.5
1.0

1883.8
1.5
1.0

1938.3
1.5
1.0

1956.3
1.5
1.0

1992.8
1.5
1.0

2048.8
1.5
1.0

2067.8
1.5
1.0

2147.3
1.5
1.0

2155.8
1.5
1.0

2232.3
1.5
1.0

2242.3
1.5
1.0

2278.8
1.5
1.0

2324.3
1.5
1.0

2372.8
1.5
1.0

2383.3
1.5
1.0

2392.3
1.5
1.0

2402.8
1.5
1.0

2462.3
1.5
1.0

2568.8
1.5
1.0

2634.3
1.5
1.0

2652.8
1.5
1.0

2702.3
1.5
1.0

2731.8
1.5
1.0

2776.8
1.5
1.0

2786.3
1.5
1.0

2796.3
1.5
1.0

2916.8
1.5
1.0

2954.3
1.5
1.0

2972.8
1.5
1.0

3001.3
1.5
1.0

3028.3
1.5
1.0

3075.8
1.5
1.0

3084.8
1.5
1.0

3122.3
1.5
1.0

3209.8
1.5
1.0

3302.8
1.5
1.0

