264.8
1.5
1.0

291.3
1.5
1.0

458.8
1.5
1.0

477.3
1.5
1.0

485.3
1.5
1.0

608.8
1.5
1.0

627.3
1.5
1.0

689.8
1.5
1.0

811.3
1.5
1.0

920.3
1.5
1.0

938.3
1.5
1.0

987.3
1.5
1.0

1024.8
1.5
1.0

1059.3
1.5
1.0

1085.3
1.5
1.0

1139.8
1.5
1.0

3204.8
1.5
1.0

3224.8
1.5
1.0

3289.8
1.5
1.0

3334.8
1.5
1.0

3345.8
1.5
1.0

3431.3
1.5
1.0

3468.8
1.5
1.0

3590.3
1.5
1.0

3685.3
1.5
1.0

3804.3
1.5
1.0

3842.8
1.5
1.0

3852.8
1.5
1.0

3889.3
1.5
1.0

3938.8
1.5
1.0

4122.8
1.5
1.0

4131.3
1.5
1.0

