481.8
1.5
1.0

554.3
1.5
1.0

618.3
1.5
1.0

684.3
1.5
1.0

714.3
1.5
1.0

770.8
1.5
1.0

919.3
1.5
1.0

973.8
1.5
1.0

1000.8
1.5
1.0

1110.3
1.5
1.0

1120.8
1.5
1.0

1130.8
1.5
1.0

1193.3
1.5
1.0

1230.3
1.5
1.0

1240.3
1.5
1.0

1323.3
1.5
1.0

3371.8
1.5
1.0

3581.3
1.5
1.0

3620.3
1.5
1.0

3666.8
1.5
1.0

3694.8
1.5
1.0

3738.8
1.5
1.0

3768.3
1.5
1.0

3827.8
1.5
1.0

3845.3
1.5
1.0

3917.8
1.5
1.0

3997.8
1.5
1.0

4016.8
1.5
1.0

4025.8
1.5
1.0

4052.3
1.5
1.0

4099.3
1.5
1.0

4175.8
1.5
1.0

