403.8
1.5
1.0

412.8
1.5
1.0

422.8
1.5
1.0

449.8
1.5
1.0

507.8
1.5
1.0

516.3
1.5
1.0

573.3
1.5
1.0

608.8
1.5
1.0

655.8
1.5
1.0

695.3
1.5
1.0

752.3
1.5
1.0

1027.3
1.5
1.0

1100.8
1.5
1.0

1168.3
1.5
1.0

1211.3
1.5
1.0

1304.8
1.5
1.0

3312.3
1.5
1.0

3331.8
1.5
1.0

3339.3
1.5
1.0

3449.8
1.5
1.0

3512.8
1.5
1.0

3543.3
1.5
1.0

3676.3
1.5
1.0

3759.3
1.5
1.0

3778.8
1.5
1.0

3799.3
1.5
1.0

3925.8
1.5
1.0

3961.3
1.5
1.0

4006.8
1.5
1.0

4139.3
1.5
1.0

4191.8
1.5
1.0

4208.8
1.5
1.0

