0.0
1.0
1.0

11.25
1.0
1.0

45.75
1.0
1.0

56.25
1.0
1.0

63.0
1.0
1.0

109.5
1.0
1.0

146.25
1.0
1.0

163.5
1.0
1.0

172.5
1.0
1.0

191.25
1.0
1.0

226.5
1.0
1.0

245.25
1.0
1.0

252.0
1.0
1.0

261.75
1.0
1.0

288.0
1.0
1.0

325.5
1.0
1.0

362.25
1.0
1.0

425.25
1.0
1.0

434.25
1.0
1.0

450.75
1.0
1.0

479.25
1.0
1.0

486.75
1.0
1.0

497.25
1.0
1.0

505.5
1.0
1.0

523.5
1.0
1.0

540.75
1.0
1.0

558.0
1.0
1.0

567.75
1.0
1.0

576.0
1.0
1.0

622.5
1.0
1.0

648.75
1.0
1.0

659.25
1.0
1.0

667.5
1.0
1.0

677.25
1.0
1.0

684.75
1.0
1.0

704.25
1.0
1.0

