1.0
4.8
1.0

20.5
4.8
1.0

49.5
4.8
1.0

67.0
4.8
1.0

84.5
4.8
1.0

112.5
4.8
1.0

132.0
4.8
1.0

140.0
4.8
1.0

169.5
4.8
1.0

179.0
4.8
1.0

189.0
4.8
1.0

239.0
4.8
1.0

294.0
4.8
1.0

318.5
4.8
1.0

326.0
4.8
1.0

343.0
4.8
1.0

363.0
4.8
1.0

372.0
4.8
1.0

381.0
4.8
1.0

391.0
4.8
1.0

448.0
4.8
1.0

456.0
4.8
1.0

482.5
4.8
1.0

501.0
4.8
1.0

528.5
4.8
1.0

545.0
4.8
1.0

564.5
4.8
1.0

574.0
4.8
1.0

619.5
4.8
1.0

647.5
4.8
1.0

666.5
4.8
1.0

686.0
4.8
1.0

696.5
4.8
1.0

755.5
4.8
1.0

764.0
4.8
1.0

782.5
4.8
1.0

791.0
4.8
1.0

800.0
4.8
1.0

819.5
4.8
1.0

838.0
4.8
1.0

858.0
4.8
1.0

866.0
4.8
1.0

875.5
4.8
1.0

902.5
4.8
1.0

920.5
4.8
1.0

931.5
4.8
1.0

941.5
4.8
1.0

966.5
4.8
1.0

