246.5
4.8
1.0

257.0
4.8
1.0

267.5
4.8
1.0

315.0
4.8
1.0

372.5
4.8
1.0

399.5
4.8
1.0

416.0
4.8
1.0

426.5
4.8
1.0

464.0
4.8
1.0

473.0
4.8
1.0

499.0
4.8
1.0

509.5
4.8
1.0

556.5
4.8
1.0

567.5
4.8
1.0

577.0
4.8
1.0

587.5
4.8
1.0

613.5
4.8
1.0

633.5
4.8
1.0

679.5
4.8
1.0

688.5
4.8
1.0

697.5
4.8
1.0

706.5
4.8
1.0

752.5
4.8
1.0

771.5
4.8
1.0

781.5
4.8
1.0

810.0
4.8
1.0

820.5
4.8
1.0

829.5
4.8
1.0

839.0
4.8
1.0

859.0
4.8
1.0

909.5
4.8
1.0

926.0
4.8
1.0

942.0
4.8
1.0

952.0
4.8
1.0

990.5
4.8
1.0

999.0
4.8
1.0

1019.5
4.8
1.0

1064.5
4.8
1.0

1082.0
4.8
1.0

1101.5
4.8
1.0

1111.5
4.8
1.0

1120.5
4.8
1.0

1155.0
4.8
1.0

1164.0
4.8
1.0

1173.5
4.8
1.0

1182.5
4.8
1.0

1209.5
4.8
1.0

1219.0
4.8
1.0

