2020.5
4.8
1.0

2039.0
4.8
1.0

2049.5
4.8
1.0

2058.5
4.8
1.0

2068.5
4.8
1.0

2134.0
4.8
1.0

2145.0
4.8
1.0

2211.0
4.8
1.0

2220.0
4.8
1.0

2228.0
4.8
1.0

2236.5
4.8
1.0

2254.0
4.8
1.0

2369.0
4.8
1.0

2378.0
4.8
1.0

2469.0
4.8
1.0

2552.5
4.8
1.0

2570.5
4.8
1.0

2588.0
4.8
1.0

2598.0
4.8
1.0

2606.0
4.8
1.0

2672.5
4.8
1.0

2701.0
4.8
1.0

2708.5
4.8
1.0

2756.5
4.8
1.0

2784.0
4.8
1.0

2821.5
4.8
1.0

2830.0
4.8
1.0

2839.5
4.8
1.0

2887.5
4.8
1.0

2916.0
4.8
1.0

2973.0
4.8
1.0

2981.5
4.8
1.0

3000.5
4.8
1.0

3016.5
4.8
1.0

3061.5
4.8
1.0

3070.5
4.8
1.0

3086.0
4.8
1.0

3153.5
4.8
1.0

3163.5
4.8
1.0

3240.5
4.8
1.0

3258.5
4.8
1.0

3278.5
4.8
1.0

3297.0
4.8
1.0

3343.5
4.8
1.0

3352.5
4.8
1.0

3381.0
4.8
1.0

3408.0
4.8
1.0

3433.0
4.8
1.0

3511.5
4.8
1.0

3520.0
4.8
1.0

3539.0
4.8
1.0

3549.0
4.8
1.0

3581.0
4.8
1.0

3599.5
4.8
1.0

3619.0
4.8
1.0

3628.5
4.8
1.0

3679.5
4.8
1.0

3724.5
4.8
1.0

3773.0
4.8
1.0

3782.0
4.8
1.0

3790.5
4.8
1.0

3914.5
4.8
1.0

3941.0
4.8
1.0

3961.0
4.8
1.0

