81.5
4.8
1.0

90.5
4.8
1.0

145.5
4.8
1.0

154.0
4.8
1.0

162.5
4.8
1.0

173.5
4.8
1.0

221.0
4.8
1.0

238.5
4.8
1.0

247.0
4.8
1.0

254.5
4.8
1.0

285.0
4.8
1.0

339.5
4.8
1.0

349.5
4.8
1.0

368.0
4.8
1.0

386.0
4.8
1.0

403.0
4.8
1.0

412.5
4.8
1.0

432.0
4.8
1.0

459.0
4.8
1.0

495.0
4.8
1.0

513.5
4.8
1.0

523.5
4.8
1.0

541.5
4.8
1.0

550.0
4.8
1.0

586.5
4.8
1.0

607.5
4.8
1.0

616.5
4.8
1.0

657.0
4.8
1.0

686.5
4.8
1.0

696.0
4.8
1.0

715.5
4.8
1.0

754.0
4.8
1.0

765.0
4.8
1.0

783.5
4.8
1.0

830.5
4.8
1.0

840.5
4.8
1.0

860.0
4.8
1.0

884.0
4.8
1.0

911.0
4.8
1.0

936.5
4.8
1.0

946.0
4.8
1.0

956.0
4.8
1.0

964.0
4.8
1.0

988.5
4.8
1.0

1004.5
4.8
1.0

1015.0
4.8
1.0

1032.0
4.8
1.0

1041.0
4.8
1.0

1050.5
4.8
1.0

1068.0
4.8
1.0

1113.0
4.8
1.0

1133.0
4.8
1.0

1143.5
4.8
1.0

1199.0
4.8
1.0

1206.5
4.8
1.0

1224.5
4.8
1.0

1232.0
4.8
1.0

1276.5
4.8
1.0

1296.5
4.8
1.0

1306.0
4.8
1.0

1314.0
4.8
1.0

1333.0
4.8
1.0

1362.0
4.8
1.0

1380.0
4.8
1.0

1388.5
4.8
1.0

1396.0
4.8
1.0

1406.0
4.8
1.0

1453.5
4.8
1.0

1463.0
4.8
1.0

1481.5
4.8
1.0

1491.0
4.8
1.0

1500.5
4.8
1.0

1508.0
4.8
1.0

1547.0
4.8
1.0

1557.5
4.8
1.0

1575.5
4.8
1.0

1602.0
4.8
1.0

1620.5
4.8
1.0

1628.0
4.8
1.0

1678.5
4.8
1.0

1688.5
4.8
1.0

1697.0
4.8
1.0

1743.5
4.8
1.0

1788.5
4.8
1.0

1837.5
4.8
1.0

1846.0
4.8
1.0

1857.5
4.8
1.0

1866.5
4.8
1.0

1893.0
4.8
1.0

1940.0
4.8
1.0

1959.0
4.8
1.0

1969.0
4.8
1.0

1976.5
4.8
1.0

1995.5
4.8
1.0

2004.0
4.8
1.0

2013.0
4.8
1.0

