2064.3
4.8
1.0

2150.3
4.8
1.0

2217.3
4.8
1.0

2233.3
4.8
1.0

2383.8
4.8
1.0

2473.8
4.8
1.0

2558.8
4.8
1.0

2575.8
4.8
1.0

2603.8
4.8
1.0

2678.3
4.8
1.0

2705.8
4.8
1.0

2788.8
4.8
1.0

2827.8
4.8
1.0

2893.3
4.8
1.0

2920.8
4.8
1.0

2986.8
4.8
1.0

3021.8
4.8
1.0

3067.3
4.8
1.0

3075.3
4.8
1.0

3092.3
4.8
1.0

3264.3
4.8
1.0

3283.3
4.8
1.0

3303.3
4.8
1.0

3387.3
4.8
1.0

3438.8
4.8
1.0

3517.8
4.8
1.0

3525.8
4.8
1.0

3545.3
4.8
1.0

3586.3
4.8
1.0

3605.3
4.8
1.0

3778.3
4.8
1.0

3946.8
4.8
1.0

