2130.8
4.8
1.0

2207.3
4.8
1.0

2251.3
4.8
1.0

2314.8
4.8
1.0

2325.3
4.8
1.0

2391.8
4.8
1.0

2408.3
4.8
1.0

2465.8
4.8
1.0

2500.8
4.8
1.0

2567.8
4.8
1.0

2722.3
4.8
1.0

2806.3
4.8
1.0

2855.3
4.8
1.0

2929.8
4.8
1.0

2939.3
4.8
1.0

2996.3
4.8
1.0

3013.3
4.8
1.0

3047.8
4.8
1.0

3148.3
4.8
1.0

3236.3
4.8
1.0

3339.3
4.8
1.0

3468.3
4.8
1.0

3569.3
4.8
1.0

3594.8
4.8
1.0

3614.3
4.8
1.0

3645.3
4.8
1.0

3665.8
4.8
1.0

3674.3
4.8
1.0

3712.3
4.8
1.0

3814.8
4.8
1.0

3852.8
4.8
1.0

3937.3
4.8
1.0

