0.0
4.8
1.0

19.5
4.8
1.0

29.0
4.8
1.0

47.0
4.8
1.0

97.0
4.8
1.0

127.5
4.8
1.0

137.0
4.8
1.0

157.0
4.8
1.0

167.0
4.8
1.0

174.0
4.8
1.0

205.0
4.8
1.0

214.5
4.8
1.0

233.0
4.8
1.0

263.5
4.8
1.0

281.0
4.8
1.0

298.0
4.8
1.0

308.0
4.8
1.0

346.0
4.8
1.0

356.0
4.8
1.0

367.0
4.8
1.0

377.5
4.8
1.0

424.5
4.8
1.0

445.0
4.8
1.0

453.5
4.8
1.0

508.0
4.8
1.0

529.0
4.8
1.0

537.0
4.8
1.0

555.0
4.8
1.0

574.0
4.8
1.0

582.0
4.8
1.0

620.0
4.8
1.0

629.0
4.8
1.0

649.0
4.8
1.0

666.0
4.8
1.0

677.0
4.8
1.0

733.0
4.8
1.0

743.5
4.8
1.0

788.0
4.8
1.0

797.0
4.8
1.0

846.0
4.8
1.0

855.0
4.8
1.0

885.0
4.8
1.0

911.5
4.8
1.0

920.0
4.8
1.0

939.0
4.8
1.0

959.5
4.8
1.0

969.5
4.8
1.0

978.5
4.8
1.0

