1080.0
4.8
1.0

1089.5
4.8
1.0

1109.0
4.8
1.0

1119.0
4.8
1.0

1127.5
4.8
1.0

1156.5
4.8
1.0

1166.0
4.8
1.0

1174.0
4.8
1.0

1182.0
4.8
1.0

1236.5
4.8
1.0

1245.5
4.8
1.0

1273.0
4.8
1.0

1311.5
4.8
1.0

1321.0
4.8
1.0

1329.0
4.8
1.0

1348.0
4.8
1.0

1356.0
4.8
1.0

1364.0
4.8
1.0

1411.5
4.8
1.0

1421.5
4.8
1.0

1451.5
4.8
1.0

1487.5
4.8
1.0

1515.0
4.8
1.0

1542.5
4.8
1.0

1560.5
4.8
1.0

1568.0
4.8
1.0

1613.0
4.8
1.0

1622.5
4.8
1.0

1632.0
4.8
1.0

1642.5
4.8
1.0

1680.5
4.8
1.0

1709.0
4.8
1.0

1726.5
4.8
1.0

1736.0
4.8
1.0

1744.0
4.8
1.0

1781.0
4.8
1.0

1789.5
4.8
1.0

1799.0
4.8
1.0

1808.5
4.8
1.0

1854.0
4.8
1.0

1891.5
4.8
1.0

1901.5
4.8
1.0

1910.0
4.8
1.0

1919.0
4.8
1.0

1946.0
4.8
1.0

1983.5
4.8
1.0

1992.0
4.8
1.0

2001.0
4.8
1.0

2036.0
4.8
1.0

2045.0
4.8
1.0

2065.5
4.8
1.0

2075.0
4.8
1.0

2085.0
4.8
1.0

2103.5
4.8
1.0

2138.5
4.8
1.0

2149.0
4.8
1.0

2158.0
4.8
1.0

2205.5
4.8
1.0

2214.5
4.8
1.0

2223.5
4.8
1.0

2233.5
4.8
1.0

2283.0
4.8
1.0

2300.0
4.8
1.0

2317.5
4.8
1.0

2360.0
4.8
1.0

2368.0
4.8
1.0

2395.5
4.8
1.0

2420.5
4.8
1.0

2451.0
4.8
1.0

2459.0
4.8
1.0

2478.5
4.8
1.0

2486.5
4.8
1.0

2505.5
4.8
1.0

2515.5
4.8
1.0

2535.0
4.8
1.0

2573.0
4.8
1.0

2580.5
4.8
1.0

2611.0
4.8
1.0

2626.5
4.8
1.0

2653.5
4.8
1.0

2662.5
4.8
1.0

2678.5
4.8
1.0

2712.5
4.8
1.0

2722.0
4.8
1.0

2741.5
4.8
1.0

2761.5
4.8
1.0

2815.0
4.8
1.0

2825.0
4.8
1.0

2855.0
4.8
1.0

2883.0
4.8
1.0

2892.5
4.8
1.0

2902.0
4.8
1.0

2951.0
4.8
1.0

2960.5
4.8
1.0

2968.0
4.8
1.0

2986.0
4.8
1.0

