46.0
4.8
1.0

75.0
4.8
1.0

85.5
4.8
1.0

122.5
4.8
1.0

140.5
4.8
1.0

169.0
4.8
1.0

194.5
4.8
1.0

202.0
4.8
1.0

218.5
4.8
1.0

227.5
4.8
1.0

246.0
4.8
1.0

254.5
4.8
1.0

272.5
4.8
1.0

282.0
4.8
1.0

292.0
4.8
1.0

319.5
4.8
1.0

336.0
4.8
1.0

353.5
4.8
1.0

400.5
4.8
1.0

409.5
4.8
1.0

418.0
4.8
1.0

462.5
4.8
1.0

472.0
4.8
1.0

482.0
4.8
1.0

518.0
4.8
1.0

527.0
4.8
1.0

534.5
4.8
1.0

542.0
4.8
1.0

559.5
4.8
1.0

608.5
4.8
1.0

636.0
4.8
1.0

676.5
4.8
1.0

694.5
4.8
1.0

731.0
4.8
1.0

740.5
4.8
1.0

766.5
4.8
1.0

785.5
4.8
1.0

794.5
4.8
1.0

823.0
4.8
1.0

832.0
4.8
1.0

840.5
4.8
1.0

858.0
4.8
1.0

886.5
4.8
1.0

896.5
4.8
1.0

905.5
4.8
1.0

915.5
4.8
1.0

935.0
4.8
1.0

944.0
4.8
1.0

