0.0
1.0
1.0

11.25
1.0
1.0

56.25
1.0
1.0

74.25
1.0
1.0

92.25
1.0
1.0

117.0
1.0
1.0

144.0
1.0
1.0

171.0
1.0
1.0

181.5
1.0
1.0

191.25
1.0
1.0

216.75
1.0
1.0

225.75
1.0
1.0

245.25
1.0
1.0

252.0
1.0
1.0

270.0
1.0
1.0

297.0
1.0
1.0

306.75
1.0
1.0

315.0
1.0
1.0

326.25
1.0
1.0

351.75
1.0
1.0

379.5
1.0
1.0

387.0
1.0
1.0

414.75
1.0
1.0

423.0
1.0
1.0

432.0
1.0
1.0

486.75
1.0
1.0

514.5
1.0
1.0

533.25
1.0
1.0

540.75
1.0
1.0

551.25
1.0
1.0

558.0
1.0
1.0

605.25
1.0
1.0

612.75
1.0
1.0

641.25
1.0
1.0

657.0
1.0
1.0

666.0
1.0
1.0

704.25
1.0
1.0

747.0
1.0
1.0

766.5
1.0
1.0

774.0
1.0
1.0

784.5
1.0
1.0

792.75
1.0
1.0

