19.5
1.0
1.0

28.5
1.0
1.0

45.0
1.0
1.0

55.5
1.0
1.0

63.0
1.0
1.0

119.25
1.0
1.0

128.25
1.0
1.0

145.5
1.0
1.0

153.75
1.0
1.0

172.5
1.0
1.0

225.75
1.0
1.0

234.75
1.0
1.0

243.0
1.0
1.0

262.5
1.0
1.0

279.75
1.0
1.0

308.25
1.0
1.0

315.0
1.0
1.0

324.75
1.0
1.0

360.0
1.0
1.0

379.5
1.0
1.0

387.75
1.0
1.0

396.75
1.0
1.0

414.75
1.0
1.0

425.25
1.0
1.0

479.25
1.0
1.0

486.0
1.0
1.0

497.25
1.0
1.0

549.0
1.0
1.0

603.0
1.0
1.0

612.75
1.0
1.0

621.75
1.0
1.0

630.0
1.0
1.0

657.0
1.0
1.0

686.25
1.0
1.0

695.25
1.0
1.0

704.25
1.0
1.0

