297.0
1.0
1.0

343.5
1.0
1.0

388.5
1.0
1.0

416.25
1.0
1.0

424.5
1.0
1.0

459.0
1.0
1.0

479.25
1.0
1.0

486.0
1.0
1.0

495.0
1.0
1.0

522.0
1.0
1.0

550.5
1.0
1.0

613.5
1.0
1.0

658.5
1.0
1.0

748.5
1.0
1.0

793.5
1.0
1.0

802.5
1.0
1.0

810.0
1.0
1.0

828.75
1.0
1.0

856.5
1.0
1.0

893.25
1.0
1.0

920.25
1.0
1.0

937.5
1.0
1.0

945.75
1.0
1.0

999.75
1.0
1.0

1008.0
1.0
1.0

1044.0
1.0
1.0

1064.25
1.0
1.0

1091.25
1.0
1.0

1845.0
1.0
1.0

1863.0
1.0
1.0

1890.75
1.0
1.0

1899.0
1.0
1.0

1928.25
1.0
1.0

1944.75
1.0
1.0

1963.5
1.0
1.0

1972.5
1.0
1.0

1980.75
1.0
1.0

2000.25
1.0
1.0

2009.25
1.0
1.0

2043.0
1.0
1.0

2115.0
1.0
1.0

2151.75
1.0
1.0

2160.75
1.0
1.0

2189.25
1.0
1.0

2196.75
1.0
1.0

2268.0
1.0
1.0

2306.25
1.0
1.0

2341.5
1.0
1.0

2385.0
1.0
1.0

2394.75
1.0
1.0

2457.75
1.0
1.0

2484.0
1.0
1.0

2547.0
1.0
1.0

2585.25
1.0
1.0

2628.75
1.0
1.0

2646.0
1.0
1.0

