1125.0
1.0
1.0

1143.75
1.0
1.0

1189.5
1.0
1.0

1197.0
1.0
1.0

1244.25
1.0
1.0

1251.0
1.0
1.0

1261.5
1.0
1.0

1278.75
1.0
1.0

1287.75
1.0
1.0

1296.0
1.0
1.0

1323.75
1.0
1.0

1368.75
1.0
1.0

1378.5
1.0
1.0

1414.5
1.0
1.0

1459.5
1.0
1.0

1467.75
1.0
1.0

1485.75
1.0
1.0

1550.25
1.0
1.0

1568.25
1.0
1.0

1575.0
1.0
1.0

1585.5
1.0
1.0

1593.75
1.0
1.0

1621.5
1.0
1.0

1631.25
1.0
1.0

1638.75
1.0
1.0

1665.0
1.0
1.0

1675.5
1.0
1.0

1683.0
1.0
1.0

1692.0
1.0
1.0

1702.5
1.0
1.0

1739.25
1.0
1.0

1748.25
1.0
1.0

1755.75
1.0
1.0

1766.25
1.0
1.0

1775.25
1.0
1.0

1802.25
1.0
1.0

2656.5
1.0
1.0

2673.75
1.0
1.0

2691.75
1.0
1.0

2702.25
1.0
1.0

2727.0
1.0
1.0

2756.25
1.0
1.0

2764.5
1.0
1.0

2773.5
1.0
1.0

2837.25
1.0
1.0

2864.25
1.0
1.0

2899.5
1.0
1.0

2908.5
1.0
1.0

2917.5
1.0
1.0

2934.75
1.0
1.0

2943.0
1.0
1.0

2961.0
1.0
1.0

2972.25
1.0
1.0

2989.5
1.0
1.0

2997.0
1.0
1.0

3015.75
1.0
1.0

3024.75
1.0
1.0

3044.25
1.0
1.0

3096.75
1.0
1.0

3150.0
1.0
1.0

3160.5
1.0
1.0

3169.5
1.0
1.0

3177.75
1.0
1.0

3188.25
1.0
1.0

3204.0
1.0
1.0

3241.5
1.0
1.0

3268.5
1.0
1.0

3276.75
1.0
1.0

3323.25
1.0
1.0

3331.5
1.0
1.0

3348.75
1.0
1.0

3357.0
1.0
1.0

