1139.75
1.5
1.0

1145.75
1.5
1.0

1156.25
1.5
1.0

1199.75
1.5
1.0

1272.5
1.5
1.0

1291.25
1.5
1.0

1337.75
1.5
1.0

1352.75
1.5
1.0

1380.5
1.5
1.0

1388.75
1.5
1.0

1415.75
1.5
1.0

1437.5
1.5
1.0

1478.0
1.5
1.0

1507.25
1.5
1.0

1526.75
1.5
1.0

1606.25
1.5
1.0

1732.25
1.5
1.0

1796.75
1.5
1.0

2667.5
1.5
1.0

2684.75
1.5
1.0

2738.75
1.5
1.0

2775.5
1.5
1.0

2804.0
1.5
1.0

2813.0
1.5
1.0

2846.75
1.5
1.0

2855.0
1.5
1.0

2875.25
1.5
1.0

2911.25
1.5
1.0

2993.75
1.5
1.0

3066.5
1.5
1.0

3074.0
1.5
1.0

3098.75
1.5
1.0

3173.0
1.5
1.0

3209.0
1.5
1.0

3282.5
1.5
1.0

3326.0
1.5
1.0

