11.25
1.0
1.0

29.25
1.0
1.0

36.75
1.0
1.0

90.0
1.0
1.0

101.25
1.0
1.0

110.25
1.0
1.0

135.0
1.0
1.0

171.0
1.0
1.0

182.25
1.0
1.0

189.0
1.0
1.0

207.0
1.0
1.0

216.0
1.0
1.0

226.5
1.0
1.0

279.75
1.0
1.0

288.75
1.0
1.0

307.5
1.0
1.0

325.5
1.0
1.0

333.75
1.0
1.0

342.75
1.0
1.0

352.5
1.0
1.0

387.75
1.0
1.0

396.0
1.0
1.0

405.75
1.0
1.0

434.25
1.0
1.0

451.5
1.0
1.0

497.25
1.0
1.0

524.25
1.0
1.0

559.5
1.0
1.0

568.5
1.0
1.0

577.5
1.0
1.0

595.5
1.0
1.0

623.25
1.0
1.0

630.0
1.0
1.0

649.5
1.0
1.0

657.75
1.0
1.0

666.0
1.0
1.0

