2.25
1.0
1.0

18.0
1.0
1.0

83.25
1.0
1.0

110.25
1.0
1.0

117.0
1.0
1.0

127.5
1.0
1.0

164.25
1.0
1.0

171.75
1.0
1.0

189.75
1.0
1.0

198.75
1.0
1.0

207.0
1.0
1.0

227.25
1.0
1.0

235.5
1.0
1.0

245.25
1.0
1.0

254.25
1.0
1.0

280.5
1.0
1.0

299.25
1.0
1.0

315.75
1.0
1.0

324.75
1.0
1.0

342.0
1.0
1.0

352.5
1.0
1.0

369.75
1.0
1.0

405.75
1.0
1.0

468.75
1.0
1.0

479.25
1.0
1.0

496.5
1.0
1.0

506.25
1.0
1.0

513.75
1.0
1.0

531.75
1.0
1.0

567.0
1.0
1.0

577.5
1.0
1.0

605.25
1.0
1.0

613.5
1.0
1.0

621.0
1.0
1.0

639.75
1.0
1.0

676.5
1.0
1.0

