1045.0
4.8
1.0

1052.0
4.8
1.0

1157.0
4.8
1.0

1215.0
4.8
1.0

1233.0
4.8
1.0

1253.0
4.8
1.0

1273.0
4.8
1.0

1291.0
4.8
1.0

1373.5
4.8
1.0

1401.0
4.8
1.0

1428.5
4.8
1.0

1438.0
4.8
1.0

1487.5
4.8
1.0

1537.5
4.8
1.0

1546.0
4.8
1.0

1554.0
4.8
1.0

1573.0
4.8
1.0

1611.5
4.8
1.0

1649.5
4.8
1.0

1668.0
4.8
1.0

1714.5
4.8
1.0

1740.0
4.8
1.0

1749.5
4.8
1.0

1788.0
4.8
1.0

1798.0
4.8
1.0

1878.5
4.8
1.0

1906.0
4.8
1.0

1914.5
4.8
1.0

1934.5
4.8
1.0

1944.5
4.8
1.0

1955.0
4.8
1.0

2005.5
4.8
1.0

2997.0
4.8
1.0

3005.0
4.8
1.0

3030.5
4.8
1.0

3078.5
4.8
1.0

3097.5
4.8
1.0

3106.0
4.8
1.0

3124.0
4.8
1.0

3133.0
4.8
1.0

3152.5
4.8
1.0

3216.0
4.8
1.0

3260.5
4.8
1.0

3278.5
4.8
1.0

3287.0
4.8
1.0

3305.0
4.8
1.0

3315.5
4.8
1.0

3360.5
4.8
1.0

3379.0
4.8
1.0

3389.5
4.8
1.0

3408.0
4.8
1.0

3529.5
4.8
1.0

3577.0
4.8
1.0

3617.5
4.8
1.0

3635.0
4.8
1.0

3662.0
4.8
1.0

3758.5
4.8
1.0

3822.0
4.8
1.0

3843.5
4.8
1.0

3860.0
4.8
1.0

3888.0
4.8
1.0

3907.0
4.8
1.0

3917.5
4.8
1.0

3936.5
4.8
1.0

