81.5
4.8
1.0

100.5
4.8
1.0

111.5
4.8
1.0

139.5
4.8
1.0

167.5
4.8
1.0

176.5
4.8
1.0

197.0
4.8
1.0

237.0
4.8
1.0

252.5
4.8
1.0

261.0
4.8
1.0

279.5
4.8
1.0

306.5
4.8
1.0

334.5
4.8
1.0

363.5
4.8
1.0

393.0
4.8
1.0

421.0
4.8
1.0

428.0
4.8
1.0

436.5
4.8
1.0

454.5
4.8
1.0

474.0
4.8
1.0

501.0
4.8
1.0

510.0
4.8
1.0

546.0
4.8
1.0

583.0
4.8
1.0

590.5
4.8
1.0

618.5
4.8
1.0

629.5
4.8
1.0

638.0
4.8
1.0

663.0
4.8
1.0

673.5
4.8
1.0

683.0
4.8
1.0

701.5
4.8
1.0

728.0
4.8
1.0

737.0
4.8
1.0

744.0
4.8
1.0

752.0
4.8
1.0

781.0
4.8
1.0

788.5
4.8
1.0

796.0
4.8
1.0

817.0
4.8
1.0

869.5
4.8
1.0

878.5
4.8
1.0

906.0
4.8
1.0

923.5
4.8
1.0

940.5
4.8
1.0

951.0
4.8
1.0

968.0
4.8
1.0

1014.5
4.8
1.0

2025.5
4.8
1.0

2073.5
4.8
1.0

2103.0
4.8
1.0

2110.0
4.8
1.0

2129.0
4.8
1.0

2138.5
4.8
1.0

2149.5
4.8
1.0

2169.5
4.8
1.0

2197.0
4.8
1.0

2224.5
4.8
1.0

2232.5
4.8
1.0

2250.0
4.8
1.0

2310.0
4.8
1.0

2318.5
4.8
1.0

2335.0
4.8
1.0

2353.0
4.8
1.0

2362.0
4.8
1.0

2371.5
4.8
1.0

2396.5
4.8
1.0

2416.0
4.8
1.0

2434.0
4.8
1.0

2442.0
4.8
1.0

2480.0
4.8
1.0

2514.0
4.8
1.0

2531.0
4.8
1.0

2556.5
4.8
1.0

2567.0
4.8
1.0

2576.5
4.8
1.0

2584.0
4.8
1.0

2603.5
4.8
1.0

2622.0
4.8
1.0

2630.0
4.8
1.0

2658.5
4.8
1.0

2675.0
4.8
1.0

2730.0
4.8
1.0

2738.5
4.8
1.0

2749.5
4.8
1.0

2759.5
4.8
1.0

2797.5
4.8
1.0

2806.0
4.8
1.0

2833.5
4.8
1.0

2886.5
4.8
1.0

2895.0
4.8
1.0

2904.5
4.8
1.0

2915.0
4.8
1.0

2951.0
4.8
1.0

2960.5
4.8
1.0

2978.0
4.8
1.0

