1060.0
4.8
1.0

1069.0
4.8
1.0

1076.5
4.8
1.0

1121.5
4.8
1.0

1138.0
4.8
1.0

1146.0
4.8
1.0

1166.0
4.8
1.0

1185.5
4.8
1.0

1205.5
4.8
1.0

1281.5
4.8
1.0

1300.0
4.8
1.0

1309.5
4.8
1.0

1319.0
4.8
1.0

1337.5
4.8
1.0

1347.0
4.8
1.0

1355.0
4.8
1.0

1459.5
4.8
1.0

1469.5
4.8
1.0

1527.5
4.8
1.0

1563.0
4.8
1.0

1592.0
4.8
1.0

1686.5
4.8
1.0

1705.5
4.8
1.0

1733.0
4.8
1.0

1758.5
4.8
1.0

1824.0
4.8
1.0

1833.0
4.8
1.0

1843.0
4.8
1.0

1870.0
4.8
1.0

1897.5
4.8
1.0

1985.0
4.8
1.0

1995.5
4.8
1.0

3012.5
4.8
1.0

3048.5
4.8
1.0

3059.5
4.8
1.0

3168.5
4.8
1.0

3188.0
4.8
1.0

3225.0
4.8
1.0

3233.5
4.8
1.0

3269.5
4.8
1.0

3295.5
4.8
1.0

3352.0
4.8
1.0

3454.0
4.8
1.0

3482.0
4.8
1.0

3500.0
4.8
1.0

3510.5
4.8
1.0

3520.5
4.8
1.0

3548.5
4.8
1.0

3558.0
4.8
1.0

3586.0
4.8
1.0

3626.0
4.8
1.0

3654.5
4.8
1.0

3672.5
4.8
1.0

3681.5
4.8
1.0

3720.0
4.8
1.0

3728.5
4.8
1.0

3749.0
4.8
1.0

3795.5
4.8
1.0

3804.5
4.8
1.0

3814.0
4.8
1.0

3868.0
4.8
1.0

3927.0
4.8
1.0

3947.0
4.8
1.0

3954.5
4.8
1.0

