1049.8
4.8
1.0

1238.3
4.8
1.0

1259.3
4.8
1.0

1296.8
4.8
1.0

1406.8
4.8
1.0

1444.3
4.8
1.0

1493.3
4.8
1.0

1542.3
4.8
1.0

1559.8
4.8
1.0

1673.8
4.8
1.0

1720.3
4.8
1.0

1754.8
4.8
1.0

1802.8
4.8
1.0

1920.3
4.8
1.0

1940.3
4.8
1.0

2010.8
4.8
1.0

3036.3
4.8
1.0

3084.3
4.8
1.0

3129.8
4.8
1.0

3138.3
4.8
1.0

3283.3
4.8
1.0

3310.8
4.8
1.0

3321.8
4.8
1.0

3384.8
4.8
1.0

3534.3
4.8
1.0

3640.3
4.8
1.0

3668.3
4.8
1.0

3848.8
4.8
1.0

3864.8
4.8
1.0

3893.8
4.8
1.0

3913.3
4.8
1.0

3923.3
4.8
1.0

