1057.8
4.8
1.0

1162.3
4.8
1.0

1221.3
4.8
1.0

1277.8
4.8
1.0

1378.8
4.8
1.0

1434.8
4.8
1.0

1551.3
4.8
1.0

1578.8
4.8
1.0

1617.8
4.8
1.0

1654.3
4.8
1.0

1744.8
4.8
1.0

1794.3
4.8
1.0

1883.8
4.8
1.0

1911.8
4.8
1.0

1950.3
4.8
1.0

1961.3
4.8
1.0

3001.8
4.8
1.0

3009.8
4.8
1.0

3103.8
4.8
1.0

3111.3
4.8
1.0

3157.3
4.8
1.0

3221.8
4.8
1.0

3265.3
4.8
1.0

3291.8
4.8
1.0

3365.3
4.8
1.0

3395.3
4.8
1.0

3413.8
4.8
1.0

3583.3
4.8
1.0

3622.8
4.8
1.0

3763.3
4.8
1.0

3828.3
4.8
1.0

3942.8
4.8
1.0

