86.3
4.8
1.0

173.8
4.8
1.0

202.3
4.8
1.0

257.8
4.8
1.0

266.8
4.8
1.0

285.3
4.8
1.0

368.3
4.8
1.0

441.8
4.8
1.0

460.8
4.8
1.0

506.8
4.8
1.0

515.3
4.8
1.0

551.8
4.8
1.0

587.8
4.8
1.0

635.8
4.8
1.0

642.8
4.8
1.0

687.8
4.8
1.0

741.8
4.8
1.0

757.8
4.8
1.0

785.8
4.8
1.0

793.3
4.8
1.0

821.8
4.8
1.0

884.8
4.8
1.0

946.8
4.8
1.0

974.3
4.8
1.0

2031.3
4.8
1.0

2078.8
4.8
1.0

2115.3
4.8
1.0

2134.3
4.8
1.0

2174.3
4.8
1.0

2202.3
4.8
1.0

2229.3
4.8
1.0

2256.3
4.8
1.0

2339.8
4.8
1.0

2358.3
4.8
1.0

2367.8
4.8
1.0

2377.3
4.8
1.0

2402.3
4.8
1.0

2421.3
4.8
1.0

2439.3
4.8
1.0

2448.3
4.8
1.0

2485.3
4.8
1.0

2562.3
4.8
1.0

2609.8
4.8
1.0

2626.8
4.8
1.0

2635.3
4.8
1.0

2754.3
4.8
1.0

2839.8
4.8
1.0

2900.3
4.8
1.0

