1275.0
4.8
1.0

1294.0
4.8
1.0

1312.0
4.8
1.0

1362.0
4.8
1.0

1427.0
4.8
1.0

1447.0
4.8
1.0

1466.0
4.8
1.0

1484.5
4.8
1.0

1512.5
4.8
1.0

1533.5
4.8
1.0

1637.0
4.8
1.0

1647.0
4.8
1.0

1656.5
4.8
1.0

1674.5
4.8
1.0

1683.0
4.8
1.0

1692.0
4.8
1.0

1726.0
4.8
1.0

1756.0
4.8
1.0

1764.5
4.8
1.0

1833.5
4.8
1.0

1843.5
4.8
1.0

1873.0
4.8
1.0

1880.5
4.8
1.0

1959.0
4.8
1.0

1978.0
4.8
1.0

2043.5
4.8
1.0

2098.5
4.8
1.0

2127.5
4.8
1.0

2136.5
4.8
1.0

2147.5
4.8
1.0

2157.0
4.8
1.0

2176.5
4.8
1.0

