1221.0
4.8
1.0

1237.5
4.8
1.0

1246.5
4.8
1.0

1255.0
4.8
1.0

1302.0
4.8
1.0

1339.0
4.8
1.0

1346.0
4.8
1.0

1388.5
4.8
1.0

1407.0
4.8
1.0

1417.5
4.8
1.0

1563.0
4.8
1.0

1591.0
4.8
1.0

1665.5
4.8
1.0

1709.5
4.8
1.0

1737.5
4.8
1.0

1793.5
4.8
1.0

1803.5
4.8
1.0

1863.5
4.8
1.0

1888.5
4.8
1.0

1896.5
4.8
1.0

1915.0
4.8
1.0

1933.5
4.8
1.0

1942.0
4.8
1.0

2013.0
4.8
1.0

2033.5
4.8
1.0

2053.0
4.8
1.0

2062.0
4.8
1.0

2080.0
4.8
1.0

2089.0
4.8
1.0

2108.0
4.8
1.0

2167.0
4.8
1.0

2184.5
4.8
1.0

