1039.5
4.8
1.0

1049.5
4.8
1.0

1158.5
4.8
1.0

1167.5
4.8
1.0

1249.0
4.8
1.0

1276.0
4.8
1.0

1343.0
4.8
1.0

1360.5
4.8
1.0

1429.0
4.8
1.0

1462.0
4.8
1.0

1498.5
4.8
1.0

1528.0
4.8
1.0

1557.5
4.8
1.0

1567.5
4.8
1.0

1577.0
4.8
1.0

1587.0
4.8
1.0

1613.0
4.8
1.0

1650.0
4.8
1.0

1680.0
4.8
1.0

1706.5
4.8
1.0

1724.0
4.8
1.0

1735.5
4.8
1.0

1745.5
4.8
1.0

1754.0
4.8
1.0

1781.0
4.8
1.0

1800.5
4.8
1.0

1845.0
4.8
1.0

1875.0
4.8
1.0

1906.0
4.8
1.0

1916.0
4.8
1.0

1967.0
4.8
1.0

1977.5
4.8
1.0

