2052.5
4.8
1.0

2080.0
4.8
1.0

2098.0
4.8
1.0

2118.5
4.8
1.0

2156.0
4.8
1.0

2165.5
4.8
1.0

2205.5
4.8
1.0

2223.5
4.8
1.0

2261.0
4.8
1.0

2296.5
4.8
1.0

2306.5
4.8
1.0

2324.5
4.8
1.0

2477.0
4.8
1.0

2486.5
4.8
1.0

2518.0
4.8
1.0

2545.5
4.8
1.0

2603.5
4.8
1.0

2661.5
4.8
1.0

2678.0
4.8
1.0

2687.5
4.8
1.0

2715.0
4.8
1.0

2724.0
4.8
1.0

2732.5
4.8
1.0

2743.5
4.8
1.0

2778.5
4.8
1.0

2798.5
4.8
1.0

2815.0
4.8
1.0

2883.0
4.8
1.0

2902.5
4.8
1.0

2949.5
4.8
1.0

2959.5
4.8
1.0

2987.0
4.8
1.0

