245.0
4.8
1.0

273.5
4.8
1.0

292.5
4.8
1.0

310.0
4.8
1.0

329.5
4.8
1.0

435.5
4.8
1.0

455.0
4.8
1.0

465.0
4.8
1.0

509.5
4.8
1.0

527.5
4.8
1.0

544.0
4.8
1.0

560.0
4.8
1.0

569.0
4.8
1.0

631.5
4.8
1.0

651.5
4.8
1.0

669.0
4.8
1.0

709.0
4.8
1.0

727.0
4.8
1.0

813.0
4.8
1.0

862.0
4.8
1.0

870.5
4.8
1.0

879.5
4.8
1.0

926.0
4.8
1.0

979.0
4.8
1.0

988.5
4.8
1.0

1006.0
4.8
1.0

1014.5
4.8
1.0

1023.5
4.8
1.0

1033.0
4.8
1.0

1053.0
4.8
1.0

1194.0
4.8
1.0

1205.0
4.8
1.0

1221.0
4.8
1.0

1231.0
4.8
1.0

1306.5
4.8
1.0

1315.0
4.8
1.0

1333.5
4.8
1.0

1342.5
4.8
1.0

1361.5
4.8
1.0

1381.5
4.8
1.0

1417.5
4.8
1.0

1480.0
4.8
1.0

1518.5
4.8
1.0

1556.5
4.8
1.0

1567.5
4.8
1.0

1611.0
4.8
1.0

1629.5
4.8
1.0

1666.0
4.8
1.0

1733.5
4.8
1.0

1806.0
4.8
1.0

1814.0
4.8
1.0

1853.5
4.8
1.0

1863.5
4.8
1.0

1882.0
4.8
1.0

1927.0
4.8
1.0

1937.5
4.8
1.0

1985.5
4.8
1.0

2013.5
4.8
1.0

2022.5
4.8
1.0

2096.5
4.8
1.0

2104.5
4.8
1.0

2122.5
4.8
1.0

2162.5
4.8
1.0

2181.0
4.8
1.0

