1117.5
1.0
1.0

1126.5
1.0
1.0

1135.5
1.0
1.0

1144.5
1.0
1.0

1163.25
1.0
1.0

1181.25
1.0
1.0

1224.0
1.0
1.0

1233.0
1.0
1.0

1243.5
1.0
1.0

1278.75
1.0
1.0

1288.5
1.0
1.0

1306.5
1.0
1.0

1334.25
1.0
1.0

1342.5
1.0
1.0

1368.0
1.0
1.0

1378.5
1.0
1.0

1413.0
1.0
1.0

1460.25
1.0
1.0

1503.0
1.0
1.0

1521.75
1.0
1.0

1540.5
1.0
1.0

1575.0
1.0
1.0

1593.0
1.0
1.0

1604.25
1.0
1.0

1621.5
1.0
1.0

1630.5
1.0
1.0

1658.25
1.0
1.0

1675.5
1.0
1.0

1684.5
1.0
1.0

1721.25
1.0
1.0

1739.25
1.0
1.0

1757.25
1.0
1.0

1764.75
1.0
1.0

1792.5
1.0
1.0

1802.25
1.0
1.0

1811.25
1.0
1.0

2655.75
1.0
1.0

2664.75
1.0
1.0

2682.75
1.0
1.0

2719.5
1.0
1.0

2745.75
1.0
1.0

2765.25
1.0
1.0

2790.75
1.0
1.0

2808.0
1.0
1.0

2826.75
1.0
1.0

2844.75
1.0
1.0

2871.0
1.0
1.0

2890.5
1.0
1.0

2925.75
1.0
1.0

2936.25
1.0
1.0

2979.75
1.0
1.0

2988.0
1.0
1.0

3017.25
1.0
1.0

3025.5
1.0
1.0

3033.75
1.0
1.0

3052.5
1.0
1.0

3078.75
1.0
1.0

3096.0
1.0
1.0

3114.75
1.0
1.0

3142.5
1.0
1.0

3161.25
1.0
1.0

3169.5
1.0
1.0

3179.25
1.0
1.0

3204.0
1.0
1.0

3231.75
1.0
1.0

3268.5
1.0
1.0

3278.25
1.0
1.0

3287.25
1.0
1.0

3312.75
1.0
1.0

3321.75
1.0
1.0

3341.25
1.0
1.0

3357.75
1.0
1.0

