2206.8
1.5
1.0

2216.8
1.5
1.0

2272.3
1.5
1.0

2338.3
1.5
1.0

2347.8
1.5
1.0

2366.3
1.5
1.0

2386.8
1.5
1.0

2404.8
1.5
1.0

2462.3
1.5
1.0

2532.3
1.5
1.0

2571.8
1.5
1.0

2614.3
1.5
1.0

2624.8
1.5
1.0

2793.8
1.5
1.0

2827.8
1.5
1.0

2934.8
1.5
1.0

2944.8
1.5
1.0

2954.3
1.5
1.0

2995.3
1.5
1.0

3040.3
1.5
1.0

3068.3
1.5
1.0

3077.8
1.5
1.0

3087.8
1.5
1.0

3134.8
1.5
1.0

3190.8
1.5
1.0

3276.8
1.5
1.0

3321.8
1.5
1.0

3380.3
1.5
1.0

3434.8
1.5
1.0

3461.8
1.5
1.0

3469.3
1.5
1.0

3561.8
1.5
1.0

3588.3
1.5
1.0

3691.3
1.5
1.0

3755.3
1.5
1.0

3802.3
1.5
1.0

3812.3
1.5
1.0

3821.8
1.5
1.0

3969.3
1.5
1.0

3986.8
1.5
1.0

4005.3
1.5
1.0

4045.3
1.5
1.0

4053.3
1.5
1.0

4062.8
1.5
1.0

4081.8
1.5
1.0

4099.3
1.5
1.0

4108.3
1.5
1.0

4127.8
1.5
1.0

