471.8
1.5
1.0

518.3
1.5
1.0

603.3
1.5
1.0

639.3
1.5
1.0

683.3
1.5
1.0

741.3
1.5
1.0

1018.8
1.5
1.0

1037.3
1.5
1.0

1070.8
1.5
1.0

1107.3
1.5
1.0

1143.3
1.5
1.0

1189.8
1.5
1.0

1254.3
1.5
1.0

1306.3
1.5
1.0

1325.3
1.5
1.0

1335.8
1.5
1.0

1387.8
1.5
1.0

1451.8
1.5
1.0

1560.8
1.5
1.0

1617.3
1.5
1.0

1654.3
1.5
1.0

1717.8
1.5
1.0

1727.3
1.5
1.0

1878.8
1.5
1.0

1925.3
1.5
1.0

1991.3
1.5
1.0

2039.8
1.5
1.0

2047.8
1.5
1.0

2074.3
1.5
1.0

2144.8
1.5
1.0

2209.8
1.5
1.0

2256.8
1.5
1.0

