1944.0
1.0
1.0

1962.75
1.0
1.0

1998.75
1.0
1.0

2007.75
1.0
1.0

2016.75
1.0
1.0

2034.75
1.0
1.0

2043.75
1.0
1.0

2054.25
1.0
1.0

2079.75
1.0
1.0

2097.0
1.0
1.0

2108.25
1.0
1.0

2125.5
1.0
1.0

2133.0
1.0
1.0

2143.5
1.0
1.0

2169.0
1.0
1.0

2187.0
1.0
1.0

2198.25
1.0
1.0

2214.75
1.0
1.0

2261.25
1.0
1.0

2286.0
1.0
1.0

2296.5
1.0
1.0

2323.5
1.0
1.0

2331.75
1.0
1.0

2351.25
1.0
1.0

2368.5
1.0
1.0

2394.0
1.0
1.0

2405.25
1.0
1.0

2412.75
1.0
1.0

2431.5
1.0
1.0

2476.5
1.0
1.0

2521.5
1.0
1.0

2549.25
1.0
1.0

2574.0
1.0
1.0

2603.25
1.0
1.0

2611.5
1.0
1.0

2639.25
1.0
1.0

2674.5
1.0
1.0

2683.5
1.0
1.0

2736.0
1.0
1.0

2745.75
1.0
1.0

2764.5
1.0
1.0

2772.75
1.0
1.0

2801.25
1.0
1.0

2810.25
1.0
1.0

2846.25
1.0
1.0

2871.0
1.0
1.0

2927.25
1.0
1.0

2934.75
1.0
1.0

2945.25
1.0
1.0

2961.75
1.0
1.0

2971.5
1.0
1.0

3015.75
1.0
1.0

3033.0
1.0
1.0

3043.5
1.0
1.0

3051.0
1.0
1.0

3069.75
1.0
1.0

3098.25
1.0
1.0

3106.5
1.0
1.0

3115.5
1.0
1.0

3123.0
1.0
1.0

3141.75
1.0
1.0

3177.0
1.0
1.0

3187.5
1.0
1.0

3206.25
1.0
1.0

3222.75
1.0
1.0

3241.5
1.0
1.0

3258.0
1.0
1.0

3277.5
1.0
1.0

3313.5
1.0
1.0

3321.75
1.0
1.0

3331.5
1.0
1.0

3358.5
1.0
1.0

