1981.5
1.0
1.0

1990.5
1.0
1.0

2026.5
1.0
1.0

2036.25
1.0
1.0

2045.25
1.0
1.0

2080.5
1.0
1.0

2088.0
1.0
1.0

2098.5
1.0
1.0

2106.75
1.0
1.0

2125.5
1.0
1.0

2134.5
1.0
1.0

2162.25
1.0
1.0

2169.0
1.0
1.0

2206.5
1.0
1.0

2223.0
1.0
1.0

2242.5
1.0
1.0

2260.5
1.0
1.0

2270.25
1.0
1.0

2277.0
1.0
1.0

2286.0
1.0
1.0

2332.5
1.0
1.0

2376.0
1.0
1.0

2394.75
1.0
1.0

2405.25
1.0
1.0

2423.25
1.0
1.0

2458.5
1.0
1.0

2476.5
1.0
1.0

2513.25
1.0
1.0

2520.0
1.0
1.0

2538.75
1.0
1.0

2547.75
1.0
1.0

2565.0
1.0
1.0

2575.5
1.0
1.0

2610.75
1.0
1.0

2630.25
1.0
1.0

2647.5
1.0
1.0

2664.0
1.0
1.0

2693.25
1.0
1.0

2727.0
1.0
1.0

2738.25
1.0
1.0

2746.5
1.0
1.0

2783.25
1.0
1.0

2791.5
1.0
1.0

2808.75
1.0
1.0

2836.5
1.0
1.0

2844.0
1.0
1.0

2862.75
1.0
1.0

2881.5
1.0
1.0

2900.25
1.0
1.0

2907.75
1.0
1.0

2917.5
1.0
1.0

2936.25
1.0
1.0

2944.5
1.0
1.0

2962.5
1.0
1.0

2971.5
1.0
1.0

2997.0
1.0
1.0

3015.75
1.0
1.0

3044.25
1.0
1.0

3087.0
1.0
1.0

3141.0
1.0
1.0

3160.5
1.0
1.0

3168.0
1.0
1.0

3188.25
1.0
1.0

3197.25
1.0
1.0

3215.25
1.0
1.0

3222.75
1.0
1.0

3240.0
1.0
1.0

3249.75
1.0
1.0

3278.25
1.0
1.0

3314.25
1.0
1.0

3321.75
1.0
1.0

3349.5
1.0
1.0

