308.25
1.0
1.0

351.0
1.0
1.0

369.75
1.0
1.0

387.75
1.0
1.0

416.25
1.0
1.0

450.0
1.0
1.0

468.75
1.0
1.0

486.0
1.0
1.0

549.75
1.0
1.0

569.25
1.0
1.0

587.25
1.0
1.0

622.5
1.0
1.0

639.0
1.0
1.0

677.25
1.0
1.0

684.75
1.0
1.0

775.5
1.0
1.0

846.0
1.0
1.0

865.5
1.0
1.0

883.5
1.0
1.0

929.25
1.0
1.0

945.0
1.0
1.0

963.75
1.0
1.0

973.5
1.0
1.0

1000.5
1.0
1.0

1046.25
1.0
1.0

1053.75
1.0
1.0

1063.5
1.0
1.0

1091.25
1.0
1.0

2538.0
1.0
1.0

2619.75
1.0
1.0

2630.25
1.0
1.0

2638.5
1.0
1.0

2675.25
1.0
1.0

2693.25
1.0
1.0

2729.25
1.0
1.0

2747.25
1.0
1.0

2773.5
1.0
1.0

2782.5
1.0
1.0

2801.25
1.0
1.0

2810.25
1.0
1.0

2837.25
1.0
1.0

2853.0
1.0
1.0

2898.0
1.0
1.0

2907.0
1.0
1.0

2970.0
1.0
1.0

2988.0
1.0
1.0

2998.5
1.0
1.0

3024.75
1.0
1.0

3033.0
1.0
1.0

3087.0
1.0
1.0

3105.75
1.0
1.0

3159.0
1.0
1.0

3170.25
1.0
1.0

3214.5
1.0
1.0

3260.25
1.0
1.0

3331.5
1.0
1.0

