1075.3
1.5
1.0

1103.8
1.5
1.0

1123.8
1.5
1.0

1151.3
1.5
1.0

1217.8
1.5
1.0

1289.8
1.5
1.0

1309.8
1.5
1.0

1356.8
1.5
1.0

1377.3
1.5
1.0

1414.3
1.5
1.0

1432.8
1.5
1.0

1461.3
1.5
1.0

1508.3
1.5
1.0

1556.3
1.5
1.0

1575.8
1.5
1.0

1584.3
1.5
1.0

1648.3
1.5
1.0

1683.3
1.5
1.0

1746.3
1.5
1.0

1895.8
1.5
1.0

1923.8
1.5
1.0

1941.3
1.5
1.0

1967.3
1.5
1.0

1996.3
1.5
1.0

3038.3
1.5
1.0

3078.3
1.5
1.0

3123.3
1.5
1.0

3151.8
1.5
1.0

3201.3
1.5
1.0

3265.8
1.5
1.0

3303.3
1.5
1.0

3327.8
1.5
1.0

3411.3
1.5
1.0

3419.3
1.5
1.0

3503.3
1.5
1.0

3530.8
1.5
1.0

3539.3
1.5
1.0

3663.8
1.5
1.0

3672.3
1.5
1.0

3682.8
1.5
1.0

3747.8
1.5
1.0

3799.8
1.5
1.0

3864.8
1.5
1.0

3873.3
1.5
1.0

3921.3
1.5
1.0

3929.3
1.5
1.0

3947.3
1.5
1.0

3956.3
1.5
1.0

