389.8
1.5
1.0

417.3
1.5
1.0

469.3
1.5
1.0

520.8
1.5
1.0

673.3
1.5
1.0

701.8
1.5
1.0

891.3
1.5
1.0

964.3
1.5
1.0

993.8
1.5
1.0

1012.3
1.5
1.0

1048.8
1.5
1.0

1130.3
1.5
1.0

1149.8
1.5
1.0

1202.8
1.5
1.0

1312.3
1.5
1.0

1330.8
1.5
1.0

2328.3
1.5
1.0

2376.8
1.5
1.0

2404.8
1.5
1.0

2440.8
1.5
1.0

2465.8
1.5
1.0

2661.3
1.5
1.0

2670.8
1.5
1.0

2718.8
1.5
1.0

2729.8
1.5
1.0

2798.3
1.5
1.0

2808.3
1.5
1.0

2939.3
1.5
1.0

2957.3
1.5
1.0

3054.8
1.5
1.0

3154.3
1.5
1.0

3292.3
1.5
1.0

