459.8
1.5
1.0

537.3
1.5
1.0

606.8
1.5
1.0

615.3
1.5
1.0

664.8
1.5
1.0

682.8
1.5
1.0

778.3
1.5
1.0

843.3
1.5
1.0

909.3
1.5
1.0

944.3
1.5
1.0

1086.8
1.5
1.0

1175.3
1.5
1.0

1183.3
1.5
1.0

1213.3
1.5
1.0

1250.8
1.5
1.0

1295.8
1.5
1.0

2337.3
1.5
1.0

2415.8
1.5
1.0

2448.8
1.5
1.0

2474.3
1.5
1.0

2625.8
1.5
1.0

2688.3
1.5
1.0

2749.3
1.5
1.0

2769.3
1.5
1.0

2788.8
1.5
1.0

2875.8
1.5
1.0

2901.8
1.5
1.0

2920.8
1.5
1.0

3085.3
1.5
1.0

3124.3
1.5
1.0

3210.8
1.5
1.0

3247.8
1.5
1.0

