1043.0
1.5
1.0

1052.75
1.5
1.0

1094.75
1.5
1.0

1142.0
1.5
1.0

1148.75
1.5
1.0

1214.0
1.5
1.0

1223.75
1.5
1.0

1256.0
1.5
1.0

1269.5
1.5
1.0

1310.75
1.5
1.0

1340.75
1.5
1.0

1375.25
1.5
1.0

1409.75
1.5
1.0

1421.0
1.5
1.0

1446.5
1.5
1.0

1529.75
1.5
1.0

1554.5
1.5
1.0

1599.5
1.5
1.0

1618.25
1.5
1.0

1726.25
1.5
1.0

1834.25
1.5
1.0

1877.0
1.5
1.0

1887.5
1.5
1.0

1917.5
1.5
1.0

1940.75
1.5
1.0

2003.75
1.5
1.0

2123.75
1.5
1.0

2168.75
1.5
1.0

2293.25
1.5
1.0

2301.5
1.5
1.0

2311.25
1.5
1.0

2384.75
1.5
1.0

2400.5
1.5
1.0

2418.5
1.5
1.0

2447.75
1.5
1.0

2465.0
1.5
1.0

2474.0
1.5
1.0

2509.25
1.5
1.0

2563.25
1.5
1.0

2581.25
1.5
1.0

2626.25
1.5
1.0

2635.25
1.5
1.0

