1.0
4.8
1.0

11.0
4.8
1.0

58.5
4.8
1.0

67.5
4.8
1.0

85.0
4.8
1.0

112.5
4.8
1.0

140.5
4.8
1.0

150.0
4.8
1.0

169.0
4.8
1.0

208.5
4.8
1.0

244.5
4.8
1.0

254.5
4.8
1.0

272.0
4.8
1.0

291.0
4.8
1.0

309.0
4.8
1.0

328.5
4.8
1.0

339.0
4.8
1.0

349.0
4.8
1.0

384.5
4.8
1.0

419.0
4.8
1.0

437.0
4.8
1.0

444.0
4.8
1.0

483.5
4.8
1.0

501.5
4.8
1.0

558.0
4.8
1.0

567.0
4.8
1.0

577.0
4.8
1.0

617.0
4.8
1.0

624.0
4.8
1.0

635.0
4.8
1.0

653.0
4.8
1.0

662.5
4.8
1.0

681.5
4.8
1.0

710.5
4.8
1.0

729.0
4.8
1.0

738.5
4.8
1.0

764.5
4.8
1.0

774.5
4.8
1.0

782.5
4.8
1.0

811.0
4.8
1.0

820.0
4.8
1.0

831.5
4.8
1.0

878.0
4.8
1.0

887.0
4.8
1.0

915.5
4.8
1.0

924.0
4.8
1.0

950.0
4.8
1.0

961.5
4.8
1.0

