18.0
1.0
1.0

36.0
1.0
1.0

54.75
1.0
1.0

64.5
1.0
1.0

73.5
1.0
1.0

82.5
1.0
1.0

108.0
1.0
1.0

118.5
1.0
1.0

153.0
1.0
1.0

162.0
1.0
1.0

180.75
1.0
1.0

198.0
1.0
1.0

226.5
1.0
1.0

236.25
1.0
1.0

245.25
1.0
1.0

280.5
1.0
1.0

317.25
1.0
1.0

326.25
1.0
1.0

369.75
1.0
1.0

378.0
1.0
1.0

396.0
1.0
1.0

405.0
1.0
1.0

460.5
1.0
1.0

470.25
1.0
1.0

479.25
1.0
1.0

495.75
1.0
1.0

531.0
1.0
1.0

540.0
1.0
1.0

549.0
1.0
1.0

594.75
1.0
1.0

612.75
1.0
1.0

631.5
1.0
1.0

641.25
1.0
1.0

648.75
1.0
1.0

668.25
1.0
1.0

676.5
1.0
1.0

