1.5
1.0
1.0

10.5
1.0
1.0

55.5
1.0
1.0

99.75
1.0
1.0

108.75
1.0
1.0

126.0
1.0
1.0

181.5
1.0
1.0

207.0
1.0
1.0

226.5
1.0
1.0

235.5
1.0
1.0

262.5
1.0
1.0

279.75
1.0
1.0

288.75
1.0
1.0

308.25
1.0
1.0

315.0
1.0
1.0

324.0
1.0
1.0

334.5
1.0
1.0

353.25
1.0
1.0

371.25
1.0
1.0

405.75
1.0
1.0

433.5
1.0
1.0

452.25
1.0
1.0

497.25
1.0
1.0

506.25
1.0
1.0

513.75
1.0
1.0

542.25
1.0
1.0

551.25
1.0
1.0

567.0
1.0
1.0

612.75
1.0
1.0

622.5
1.0
1.0

639.75
1.0
1.0

649.5
1.0
1.0

668.25
1.0
1.0

684.75
1.0
1.0

695.25
1.0
1.0

704.25
1.0
1.0

