1710.0
1.0
1.0

1791.0
1.0
1.0

1818.0
1.0
1.0

1838.25
1.0
1.0

1847.25
1.0
1.0

1856.25
1.0
1.0

1873.5
1.0
1.0

1935.0
1.0
1.0

1945.5
1.0
1.0

1962.0
1.0
1.0

1989.0
1.0
1.0

2025.0
1.0
1.0

2045.25
1.0
1.0

2061.0
1.0
1.0

2115.75
1.0
1.0

2143.5
1.0
1.0

2180.25
1.0
1.0

2198.25
1.0
1.0

2233.5
1.0
1.0

2270.25
1.0
1.0

2286.0
1.0
1.0

2378.25
1.0
1.0

2385.0
1.0
1.0

2430.0
1.0
1.0

2448.75
1.0
1.0

2457.0
1.0
1.0

2502.0
1.0
1.0

2522.25
1.0
1.0

2538.0
1.0
1.0

2566.5
1.0
1.0

2576.25
1.0
1.0

2610.0
1.0
1.0

2657.25
1.0
1.0

2675.25
1.0
1.0

2683.5
1.0
1.0

2709.75
1.0
1.0

2746.5
1.0
1.0

2772.0
1.0
1.0

2790.0
1.0
1.0

2800.5
1.0
1.0

2819.25
1.0
1.0

2844.0
1.0
1.0

2889.0
1.0
1.0

2970.75
1.0
1.0

2999.25
1.0
1.0

3035.25
1.0
1.0

3042.75
1.0
1.0

3060.75
1.0
1.0

3087.75
1.0
1.0

3107.25
1.0
1.0

3114.75
1.0
1.0

3223.5
1.0
1.0

3233.25
1.0
1.0

3242.25
1.0
1.0

3286.5
1.0
1.0

3330.0
1.0
1.0

