290.25
1.0
1.0

315.0
1.0
1.0

324.75
1.0
1.0

342.75
1.0
1.0

353.25
1.0
1.0

406.5
1.0
1.0

425.25
1.0
1.0

468.0
1.0
1.0

477.0
1.0
1.0

488.25
1.0
1.0

506.25
1.0
1.0

513.0
1.0
1.0

542.25
1.0
1.0

551.25
1.0
1.0

567.0
1.0
1.0

578.25
1.0
1.0

603.75
1.0
1.0

649.5
1.0
1.0

657.0
1.0
1.0

666.0
1.0
1.0

720.0
1.0
1.0

756.0
1.0
1.0

783.75
1.0
1.0

802.5
1.0
1.0

828.0
1.0
1.0

837.0
1.0
1.0

847.5
1.0
1.0

864.75
1.0
1.0

884.25
1.0
1.0

900.75
1.0
1.0

909.0
1.0
1.0

927.75
1.0
1.0

947.25
1.0
1.0

964.5
1.0
1.0

981.75
1.0
1.0

992.25
1.0
1.0

1000.5
1.0
1.0

1046.25
1.0
1.0

1053.75
1.0
1.0

1071.75
1.0
1.0

1080.0
1.0
1.0

1100.25
1.0
1.0

1145.25
1.0
1.0

1170.75
1.0
1.0

1225.5
1.0
1.0

1235.25
1.0
1.0

1252.5
1.0
1.0

1260.75
1.0
1.0

1278.75
1.0
1.0

1296.0
1.0
1.0

1352.25
1.0
1.0

1368.75
1.0
1.0

1377.0
1.0
1.0

1387.5
1.0
1.0

1397.25
1.0
1.0

1431.0
1.0
1.0

1442.25
1.0
1.0

1449.75
1.0
1.0

1460.25
1.0
1.0

1496.25
1.0
1.0

1512.0
1.0
1.0

1521.75
1.0
1.0

1530.0
1.0
1.0

1566.75
1.0
1.0

1585.5
1.0
1.0

1595.25
1.0
1.0

1611.75
1.0
1.0

1620.75
1.0
1.0

1638.0
1.0
1.0

1658.25
1.0
1.0

1675.5
1.0
1.0

1685.25
1.0
1.0

