300.5
1.5
1.0

365.0
1.5
1.0

390.5
1.5
1.0

418.25
1.5
1.0

435.5
1.5
1.0

446.0
1.5
1.0

500.75
1.5
1.0

598.25
1.5
1.0

633.5
1.5
1.0

644.75
1.5
1.0

680.75
1.5
1.0

713.0
1.5
1.0

734.0
1.5
1.0

751.25
1.5
1.0

767.75
1.5
1.0

878.0
1.5
1.0

921.5
1.5
1.0

958.25
1.5
1.0

1031.0
1.5
1.0

1095.5
1.5
1.0

1138.25
1.5
1.0

1192.25
1.5
1.0

1211.0
1.5
1.0

1290.5
1.5
1.0

1327.25
1.5
1.0

1337.0
1.5
1.0

1361.0
1.5
1.0

1418.0
1.5
1.0

1427.75
1.5
1.0

1505.0
1.5
1.0

1550.75
1.5
1.0

1561.25
1.5
1.0

1634.75
1.5
1.0

1668.5
1.5
1.0

1694.0
1.5
1.0

1706.75
1.5
1.0

