8.5
4.8
1.0

18.0
4.8
1.0

26.0
4.8
1.0

61.0
4.8
1.0

91.5
4.8
1.0

111.5
4.8
1.0

120.5
4.8
1.0

148.5
4.8
1.0

166.0
4.8
1.0

202.0
4.8
1.0

221.5
4.8
1.0

231.0
4.8
1.0

276.0
4.8
1.0

285.0
4.8
1.0

292.0
4.8
1.0

321.0
4.8
1.0

330.0
4.8
1.0

338.5
4.8
1.0

392.0
4.8
1.0

401.5
4.8
1.0

410.0
4.8
1.0

448.0
4.8
1.0

457.0
4.8
1.0

466.0
4.8
1.0

521.5
4.8
1.0

551.5
4.8
1.0

571.5
4.8
1.0

620.5
4.8
1.0

628.0
4.8
1.0

647.5
4.8
1.0

656.5
4.8
1.0

672.0
4.8
1.0

683.5
4.8
1.0

692.0
4.8
1.0

731.5
4.8
1.0

759.0
4.8
1.0

789.5
4.8
1.0

799.5
4.8
1.0

819.5
4.8
1.0

828.5
4.8
1.0

857.5
4.8
1.0

867.5
4.8
1.0

877.5
4.8
1.0

887.5
4.8
1.0

907.5
4.8
1.0

925.5
4.8
1.0

961.5
4.8
1.0

971.5
4.8
1.0

