1850.25
1.0
1.0

1857.75
1.0
1.0

1884.0
1.0
1.0

1903.5
1.0
1.0

1920.75
1.0
1.0

1957.5
1.0
1.0

1967.25
1.0
1.0

1984.5
1.0
1.0

1992.0
1.0
1.0

2039.25
1.0
1.0

2047.5
1.0
1.0

2055.75
1.0
1.0

2073.75
1.0
1.0

2082.75
1.0
1.0

2136.0
1.0
1.0

2191.5
1.0
1.0

2199.0
1.0
1.0

2209.5
1.0
1.0

2219.25
1.0
1.0

2245.5
1.0
1.0

2298.75
1.0
1.0

2326.5
1.0
1.0

2379.75
1.0
1.0

2561.25
1.0
1.0

2613.0
1.0
1.0

2622.75
1.0
1.0

2642.25
1.0
1.0

2659.5
1.0
1.0

2678.25
1.0
1.0

2704.5
1.0
1.0

2714.25
1.0
1.0

2739.75
1.0
1.0

2768.25
1.0
1.0

2802.75
1.0
1.0

2884.5
1.0
1.0

2901.75
1.0
1.0

2956.5
1.0
1.0

3000.0
1.0
1.0

3045.0
1.0
1.0

3063.0
1.0
1.0

3081.0
1.0
1.0

3090.0
1.0
1.0

3171.0
1.0
1.0

3180.0
1.0
1.0

3189.75
1.0
1.0

3208.5
1.0
1.0

3218.25
1.0
1.0

3261.75
1.0
1.0

3280.5
1.0
1.0

3297.75
1.0
1.0

3342.0
1.0
1.0

3362.25
1.0
1.0

3369.75
1.0
1.0

3407.25
1.0
1.0

3414.75
1.0
1.0

3433.5
1.0
1.0

