133.5
4.8
1.0

151.0
4.8
1.0

160.0
4.8
1.0

169.0
4.8
1.0

214.5
4.8
1.0

242.5
4.8
1.0

251.5
4.8
1.0

276.5
4.8
1.0

285.5
4.8
1.0

294.0
4.8
1.0

313.0
4.8
1.0

320.0
4.8
1.0

350.0
4.8
1.0

359.5
4.8
1.0

369.5
4.8
1.0

399.0
4.8
1.0

415.0
4.8
1.0

425.5
4.8
1.0

435.5
4.8
1.0

455.5
4.8
1.0

482.0
4.8
1.0

499.0
4.8
1.0

534.5
4.8
1.0

562.5
4.8
1.0

571.0
4.8
1.0

600.5
4.8
1.0

611.0
4.8
1.0

620.5
4.8
1.0

669.5
4.8
1.0

679.5
4.8
1.0

689.5
4.8
1.0

699.0
4.8
1.0

716.0
4.8
1.0

732.0
4.8
1.0

741.5
4.8
1.0

781.5
4.8
1.0

790.0
4.8
1.0

798.0
4.8
1.0

806.0
4.8
1.0

841.5
4.8
1.0

868.5
4.8
1.0

889.5
4.8
1.0

926.5
4.8
1.0

972.0
4.8
1.0

997.5
4.8
1.0

1007.0
4.8
1.0

1016.0
4.8
1.0

1026.0
4.8
1.0

2009.0
4.8
1.0

2018.5
4.8
1.0

2026.5
4.8
1.0

2036.0
4.8
1.0

2065.5
4.8
1.0

2074.5
4.8
1.0

2084.0
4.8
1.0

2094.5
4.8
1.0

2121.5
4.8
1.0

2139.5
4.8
1.0

2178.0
4.8
1.0

2206.5
4.8
1.0

2260.5
4.8
1.0

2277.0
4.8
1.0

2287.0
4.8
1.0

2296.5
4.8
1.0

2314.0
4.8
1.0

2332.5
4.8
1.0

2370.0
4.8
1.0

2397.5
4.8
1.0

2407.0
4.8
1.0

2417.5
4.8
1.0

2477.5
4.8
1.0

2494.5
4.8
1.0

2505.5
4.8
1.0

2514.5
4.8
1.0

2553.5
4.8
1.0

2586.0
4.8
1.0

2604.5
4.8
1.0

2620.0
4.8
1.0

2628.5
4.8
1.0

2652.5
4.8
1.0

2678.5
4.8
1.0

2689.5
4.8
1.0

2707.5
4.8
1.0

2724.0
4.8
1.0

2769.5
4.8
1.0

2786.0
4.8
1.0

2794.5
4.8
1.0

2853.0
4.8
1.0

2863.5
4.8
1.0

2882.0
4.8
1.0

2891.5
4.8
1.0

2901.0
4.8
1.0

2920.5
4.8
1.0

2930.0
4.8
1.0

2939.0
4.8
1.0

2949.5
4.8
1.0

