1375.8
1.5
1.0

1469.3
1.5
1.0

1498.3
1.5
1.0

1507.8
1.5
1.0

1546.8
1.5
1.0

1783.8
1.5
1.0

1800.3
1.5
1.0

1811.3
1.5
1.0

1826.8
1.5
1.0

1899.3
1.5
1.0

2044.8
1.5
1.0

2092.3
1.5
1.0

2121.3
1.5
1.0

2155.3
1.5
1.0

2201.3
1.5
1.0

2237.8
1.5
1.0

3476.8
1.5
1.0

3586.8
1.5
1.0

3635.3
1.5
1.0

3661.8
1.5
1.0

3687.3
1.5
1.0

3712.8
1.5
1.0

3796.3
1.5
1.0

3851.8
1.5
1.0

3860.8
1.5
1.0

3869.8
1.5
1.0

3943.8
1.5
1.0

3984.3
1.5
1.0

3994.3
1.5
1.0

4044.8
1.5
1.0

4053.8
1.5
1.0

4099.8
1.5
1.0

