398.8
1.5
1.0

416.8
1.5
1.0

481.3
1.5
1.0

490.3
1.5
1.0

549.8
1.5
1.0

568.3
1.5
1.0

598.3
1.5
1.0

618.8
1.5
1.0

645.3
1.5
1.0

730.8
1.5
1.0

790.3
1.5
1.0

890.3
1.5
1.0

900.3
1.5
1.0

977.8
1.5
1.0

985.3
1.5
1.0

1049.8
1.5
1.0

1100.8
1.5
1.0

1127.3
1.5
1.0

1156.3
1.5
1.0

1210.8
1.5
1.0

1220.3
1.5
1.0

1265.3
1.5
1.0

1274.8
1.5
1.0

1331.3
1.5
1.0

2363.8
1.5
1.0

2422.8
1.5
1.0

2451.8
1.5
1.0

2551.8
1.5
1.0

2579.3
1.5
1.0

2588.3
1.5
1.0

2607.8
1.5
1.0

2663.3
1.5
1.0

2672.8
1.5
1.0

2727.3
1.5
1.0

2745.3
1.5
1.0

2761.8
1.5
1.0

2768.8
1.5
1.0

2807.8
1.5
1.0

2816.8
1.5
1.0

2833.8
1.5
1.0

2889.3
1.5
1.0

2916.8
1.5
1.0

2924.8
1.5
1.0

3081.3
1.5
1.0

3137.3
1.5
1.0

3174.8
1.5
1.0

3204.3
1.5
1.0

3224.3
1.5
1.0

