290.8
1.5
1.0

301.3
1.5
1.0

330.8
1.5
1.0

401.8
1.5
1.0

449.3
1.5
1.0

504.3
1.5
1.0

532.3
1.5
1.0

573.3
1.5
1.0

591.3
1.5
1.0

669.3
1.5
1.0

740.8
1.5
1.0

820.8
1.5
1.0

866.3
1.5
1.0

923.8
1.5
1.0

942.3
1.5
1.0

952.3
1.5
1.0

996.8
1.5
1.0

1041.8
1.5
1.0

1050.3
1.5
1.0

1067.3
1.5
1.0

1076.3
1.5
1.0

1125.8
1.5
1.0

1161.3
1.5
1.0

1207.3
1.5
1.0

2219.8
1.5
1.0

2227.3
1.5
1.0

2274.8
1.5
1.0

2295.3
1.5
1.0

2320.8
1.5
1.0

2480.3
1.5
1.0

2491.3
1.5
1.0

2500.3
1.5
1.0

2555.3
1.5
1.0

2677.8
1.5
1.0

2741.8
1.5
1.0

2760.8
1.5
1.0

2787.3
1.5
1.0

2807.8
1.5
1.0

2826.3
1.5
1.0

2844.3
1.5
1.0

2938.8
1.5
1.0

2986.3
1.5
1.0

2995.8
1.5
1.0

3068.3
1.5
1.0

3078.3
1.5
1.0

3106.8
1.5
1.0

3143.8
1.5
1.0

3179.8
1.5
1.0

