0.75
1.0
1.0

18.0
1.0
1.0

36.0
1.0
1.0

47.25
1.0
1.0

54.75
1.0
1.0

72.0
1.0
1.0

83.25
1.0
1.0

135.0
1.0
1.0

163.5
1.0
1.0

198.75
1.0
1.0

225.0
1.0
1.0

235.5
1.0
1.0

254.25
1.0
1.0

261.0
1.0
1.0

270.0
1.0
1.0

290.25
1.0
1.0

315.75
1.0
1.0

333.75
1.0
1.0

351.0
1.0
1.0

362.25
1.0
1.0

398.25
1.0
1.0

415.5
1.0
1.0

423.75
1.0
1.0

441.0
1.0
1.0

468.75
1.0
1.0

515.25
1.0
1.0

523.5
1.0
1.0

550.5
1.0
1.0

567.75
1.0
1.0

577.5
1.0
1.0

596.25
1.0
1.0

622.5
1.0
1.0

640.5
1.0
1.0

648.0
1.0
1.0

657.0
1.0
1.0

693.75
1.0
1.0

