9.0
1.0
1.0

36.0
1.0
1.0

65.25
1.0
1.0

83.25
1.0
1.0

92.25
1.0
1.0

99.0
1.0
1.0

109.5
1.0
1.0

127.5
1.0
1.0

146.25
1.0
1.0

173.25
1.0
1.0

182.25
1.0
1.0

189.0
1.0
1.0

217.5
1.0
1.0

253.5
1.0
1.0

263.25
1.0
1.0

270.0
1.0
1.0

289.5
1.0
1.0

315.75
1.0
1.0

333.75
1.0
1.0

361.5
1.0
1.0

423.75
1.0
1.0

432.75
1.0
1.0

452.25
1.0
1.0

459.0
1.0
1.0

506.25
1.0
1.0

549.75
1.0
1.0

576.75
1.0
1.0

594.0
1.0
1.0

631.5
1.0
1.0

639.0
1.0
1.0

650.25
1.0
1.0

657.0
1.0
1.0

675.0
1.0
1.0

686.25
1.0
1.0

694.5
1.0
1.0

704.25
1.0
1.0

