424.0
4.8
1.0

470.0
4.8
1.0

566.5
4.8
1.0

595.5
4.8
1.0

656.5
4.8
1.0

728.0
4.8
1.0

767.5
4.8
1.0

784.5
4.8
1.0

792.0
4.8
1.0

800.0
4.8
1.0

860.5
4.8
1.0

871.0
4.8
1.0

881.5
4.8
1.0

929.5
4.8
1.0

938.0
4.8
1.0

947.0
4.8
1.0

1010.5
4.8
1.0

1030.5
4.8
1.0

1067.5
4.8
1.0

1084.0
4.8
1.0

1094.0
4.8
1.0

1103.0
4.8
1.0

1131.5
4.8
1.0

1141.5
4.8
1.0

1174.5
4.8
1.0

1214.5
4.8
1.0

1223.5
4.8
1.0

1232.0
4.8
1.0

1241.5
4.8
1.0

1278.0
4.8
1.0

1287.5
4.8
1.0

1327.5
4.8
1.0

3305.5
4.8
1.0

3333.0
4.8
1.0

3359.0
4.8
1.0

3396.5
4.8
1.0

3405.5
4.8
1.0

3415.0
4.8
1.0

3451.5
4.8
1.0

3469.0
4.8
1.0

3496.5
4.8
1.0

3535.5
4.8
1.0

3570.0
4.8
1.0

3627.0
4.8
1.0

3655.0
4.8
1.0

3663.5
4.8
1.0

3700.5
4.8
1.0

3710.5
4.8
1.0

3720.5
4.8
1.0

3738.0
4.8
1.0

3777.0
4.8
1.0

3802.0
4.8
1.0

3838.0
4.8
1.0

3866.5
4.8
1.0

3875.5
4.8
1.0

3965.0
4.8
1.0

3984.0
4.8
1.0

4057.5
4.8
1.0

4076.5
4.8
1.0

4105.5
4.8
1.0

4153.0
4.8
1.0

4178.0
4.8
1.0

4187.5
4.8
1.0

4217.5
4.8
1.0

