259.5
4.8
1.0

304.0
4.8
1.0

331.5
4.8
1.0

369.0
4.8
1.0

378.5
4.8
1.0

394.0
4.8
1.0

404.0
4.8
1.0

413.0
4.8
1.0

432.5
4.8
1.0

451.5
4.8
1.0

468.0
4.8
1.0

514.0
4.8
1.0

552.0
4.8
1.0

578.0
4.8
1.0

605.0
4.8
1.0

643.5
4.8
1.0

685.5
4.8
1.0

695.5
4.8
1.0

742.5
4.8
1.0

750.0
4.8
1.0

769.0
4.8
1.0

822.0
4.8
1.0

853.5
4.8
1.0

873.0
4.8
1.0

882.0
4.8
1.0

910.0
4.8
1.0

939.5
4.8
1.0

959.0
4.8
1.0

1045.0
4.8
1.0

1071.0
4.8
1.0

1086.0
4.8
1.0

1106.5
4.8
1.0

3159.5
4.8
1.0

3176.0
4.8
1.0

3187.0
4.8
1.0

3225.5
4.8
1.0

3316.5
4.8
1.0

3351.0
4.8
1.0

3358.5
4.8
1.0

3375.5
4.8
1.0

3403.0
4.8
1.0

3410.0
4.8
1.0

3428.0
4.8
1.0

3437.5
4.8
1.0

3490.0
4.8
1.0

3528.0
4.8
1.0

3536.5
4.8
1.0

3546.0
4.8
1.0

3565.0
4.8
1.0

3589.0
4.8
1.0

3736.5
4.8
1.0

3767.5
4.8
1.0

3842.0
4.8
1.0

3850.5
4.8
1.0

3858.5
4.8
1.0

3907.0
4.8
1.0

3937.0
4.8
1.0

3994.5
4.8
1.0

4029.0
4.8
1.0

4066.0
4.8
1.0

4084.5
4.8
1.0

4094.0
4.8
1.0

4102.5
4.8
1.0

4113.0
4.8
1.0

