1078.5
1.0
1.0

1115.25
1.0
1.0

1122.0
1.0
1.0

1133.25
1.0
1.0

1140.0
1.0
1.0

1158.75
1.0
1.0

1203.75
1.0
1.0

1223.25
1.0
1.0

1230.0
1.0
1.0

1249.5
1.0
1.0

1259.25
1.0
1.0

1295.25
1.0
1.0

1340.25
1.0
1.0

1384.5
1.0
1.0

1437.75
1.0
1.0

1457.25
1.0
1.0

1464.0
1.0
1.0

1536.0
1.0
1.0

1572.75
1.0
1.0

1619.25
1.0
1.0

1626.75
1.0
1.0

1644.75
1.0
1.0

1689.75
1.0
1.0

1698.0
1.0
1.0

1726.5
1.0
1.0

1788.0
1.0
1.0

1816.5
1.0
1.0

1835.25
1.0
1.0

1870.5
1.0
1.0

1878.75
1.0
1.0

1905.75
1.0
1.0

1943.25
1.0
1.0

1997.25
1.0
1.0

2033.25
1.0
1.0

2040.0
1.0
1.0

2086.5
1.0
1.0

2105.25
1.0
1.0

2121.75
1.0
1.0

2184.75
1.0
1.0

2193.0
1.0
1.0

2310.75
1.0
1.0

2328.0
1.0
1.0

2338.5
1.0
1.0

2383.5
1.0
1.0

2400.0
1.0
1.0

2418.75
1.0
1.0

2454.0
1.0
1.0

2465.25
1.0
1.0

2508.0
1.0
1.0

2537.25
1.0
1.0

2544.75
1.0
1.0

2572.5
1.0
1.0

2582.25
1.0
1.0

2627.25
1.0
1.0

2652.0
1.0
1.0

2663.25
1.0
1.0

