217.25
1.5
1.0

225.5
1.5
1.0

263.0
1.5
1.0

289.25
1.5
1.0

360.5
1.5
1.0

425.0
1.5
1.0

433.25
1.5
1.0

461.0
1.5
1.0

497.0
1.5
1.0

512.75
1.5
1.0

550.25
1.5
1.0

558.5
1.5
1.0

605.0
1.5
1.0

611.75
1.5
1.0

710.0
1.5
1.0

757.25
1.5
1.0

838.25
1.5
1.0

865.25
1.5
1.0

921.5
1.5
1.0

947.0
1.5
1.0

1028.75
1.5
1.0

2702.0
1.5
1.0

2712.5
1.5
1.0

2764.25
1.5
1.0

2792.75
1.5
1.0

2811.5
1.5
1.0

2881.25
1.5
1.0

2909.75
1.5
1.0

2918.75
1.5
1.0

2943.5
1.5
1.0

3008.0
1.5
1.0

3060.5
1.5
1.0

3124.25
1.5
1.0

3194.75
1.5
1.0

3232.25
1.5
1.0

3267.5
1.5
1.0

3287.75
1.5
1.0

3350.75
1.5
1.0

3395.0
1.5
1.0

3413.0
1.5
1.0

3431.0
1.5
1.0

3438.5
1.5
1.0

