410.3
1.5
1.0

495.3
1.5
1.0

524.8
1.5
1.0

554.8
1.5
1.0

563.3
1.5
1.0

691.3
1.5
1.0

716.3
1.5
1.0

753.8
1.5
1.0

839.8
1.5
1.0

848.8
1.5
1.0

980.3
1.5
1.0

989.3
1.5
1.0

1044.3
1.5
1.0

1053.8
1.5
1.0

1201.3
1.5
1.0

1275.3
1.5
1.0

3319.3
1.5
1.0

3346.3
1.5
1.0

3392.8
1.5
1.0

3493.8
1.5
1.0

3511.3
1.5
1.0

3567.8
1.5
1.0

3597.3
1.5
1.0

3605.3
1.5
1.0

3755.8
1.5
1.0

3789.8
1.5
1.0

3825.8
1.5
1.0

3852.3
1.5
1.0

4034.3
1.5
1.0

4043.8
1.5
1.0

4138.8
1.5
1.0

4213.8
1.5
1.0

