449.3
1.5
1.0

514.3
1.5
1.0

581.8
1.5
1.0

591.8
1.5
1.0

643.3
1.5
1.0

698.8
1.5
1.0

707.3
1.5
1.0

813.8
1.5
1.0

857.3
1.5
1.0

896.3
1.5
1.0

914.8
1.5
1.0

997.3
1.5
1.0

1006.8
1.5
1.0

1026.3
1.5
1.0

1190.8
1.5
1.0

1256.8
1.5
1.0

3354.8
1.5
1.0

3447.3
1.5
1.0

3613.8
1.5
1.0

3679.3
1.5
1.0

3687.8
1.5
1.0

3734.3
1.5
1.0

3764.3
1.5
1.0

3773.8
1.5
1.0

3834.3
1.5
1.0

3924.8
1.5
1.0

3933.8
1.5
1.0

4007.3
1.5
1.0

4120.3
1.5
1.0

4130.3
1.5
1.0

4167.8
1.5
1.0

4230.8
1.5
1.0

