381.3
1.5
1.0

390.8
1.5
1.0

400.3
1.5
1.0

457.8
1.5
1.0

534.3
1.5
1.0

545.3
1.5
1.0

652.8
1.5
1.0

780.8
1.5
1.0

924.3
1.5
1.0

1063.3
1.5
1.0

1163.8
1.5
1.0

1170.8
1.5
1.0

1265.8
1.5
1.0

1302.8
1.5
1.0

1312.8
1.5
1.0

1341.8
1.5
1.0

3328.8
1.5
1.0

3384.3
1.5
1.0

3438.3
1.5
1.0

3465.8
1.5
1.0

3531.3
1.5
1.0

3558.8
1.5
1.0

3697.3
1.5
1.0

3908.3
1.5
1.0

3980.3
1.5
1.0

3999.3
1.5
1.0

4053.8
1.5
1.0

4072.3
1.5
1.0

4149.8
1.5
1.0

4175.3
1.5
1.0

4239.8
1.5
1.0

4258.8
1.5
1.0

