475.8
1.5
1.0

571.8
1.5
1.0

600.3
1.5
1.0

773.8
1.5
1.0

866.3
1.5
1.0

943.3
1.5
1.0

953.3
1.5
1.0

1016.3
1.5
1.0

1072.8
1.5
1.0

1090.3
1.5
1.0

1147.3
1.5
1.0

1219.8
1.5
1.0

1228.3
1.5
1.0

1237.8
1.5
1.0

1246.8
1.5
1.0

1293.3
1.5
1.0

3337.8
1.5
1.0

3364.8
1.5
1.0

3401.3
1.5
1.0

3421.3
1.5
1.0

3540.3
1.5
1.0

3725.3
1.5
1.0

3744.3
1.5
1.0

3781.8
1.5
1.0

3871.8
1.5
1.0

3971.3
1.5
1.0

4062.8
1.5
1.0

4110.3
1.5
1.0

4159.3
1.5
1.0

4183.8
1.5
1.0

4193.8
1.5
1.0

4222.3
1.5
1.0

