18.0
1.0
1.0

55.5
1.0
1.0

64.5
1.0
1.0

83.25
1.0
1.0

92.25
1.0
1.0

109.5
1.0
1.0

117.75
1.0
1.0

164.25
1.0
1.0

172.5
1.0
1.0

198.0
1.0
1.0

227.25
1.0
1.0

235.5
1.0
1.0

252.75
1.0
1.0

270.75
1.0
1.0

288.0
1.0
1.0

308.25
1.0
1.0

324.75
1.0
1.0

334.5
1.0
1.0

396.75
1.0
1.0

425.25
1.0
1.0

434.25
1.0
1.0

450.0
1.0
1.0

461.25
1.0
1.0

478.5
1.0
1.0

486.0
1.0
1.0

496.5
1.0
1.0

531.75
1.0
1.0

540.0
1.0
1.0

560.25
1.0
1.0

578.25
1.0
1.0

594.0
1.0
1.0

621.0
1.0
1.0

640.5
1.0
1.0

649.5
1.0
1.0

658.5
1.0
1.0

677.25
1.0
1.0

