0.0
1.0
1.0

18.75
1.0
1.0

45.75
1.0
1.0

63.75
1.0
1.0

82.5
1.0
1.0

99.0
1.0
1.0

117.75
1.0
1.0

126.75
1.0
1.0

146.25
1.0
1.0

171.75
1.0
1.0

182.25
1.0
1.0

198.0
1.0
1.0

208.5
1.0
1.0

234.75
1.0
1.0

263.25
1.0
1.0

289.5
1.0
1.0

315.75
1.0
1.0

334.5
1.0
1.0

351.75
1.0
1.0

396.75
1.0
1.0

405.0
1.0
1.0

414.75
1.0
1.0

441.0
1.0
1.0

468.75
1.0
1.0

477.75
1.0
1.0

504.0
1.0
1.0

524.25
1.0
1.0

540.0
1.0
1.0

568.5
1.0
1.0

585.75
1.0
1.0

604.5
1.0
1.0

632.25
1.0
1.0

639.75
1.0
1.0

648.0
1.0
1.0

676.5
1.0
1.0

694.5
1.0
1.0

