80.0
4.8
1.0

99.5
4.8
1.0

119.0
4.8
1.0

172.0
4.8
1.0

264.5
4.8
1.0

285.0
4.8
1.0

341.5
4.8
1.0

351.5
4.8
1.0

398.5
4.8
1.0

428.0
4.8
1.0

447.0
4.8
1.0

465.0
4.8
1.0

474.0
4.8
1.0

493.0
4.8
1.0

502.0
4.8
1.0

529.0
4.8
1.0

592.5
4.8
1.0

600.5
4.8
1.0

611.0
4.8
1.0

699.0
4.8
1.0

709.0
4.8
1.0

728.5
4.8
1.0

766.0
4.8
1.0

777.0
4.8
1.0

797.5
4.8
1.0

837.0
4.8
1.0

892.5
4.8
1.0

918.5
4.8
1.0

938.0
4.8
1.0

957.0
4.8
1.0

987.0
4.8
1.0

1052.0
4.8
1.0

3010.0
4.8
1.0

3046.0
4.8
1.0

3103.5
4.8
1.0

3149.5
4.8
1.0

3167.0
4.8
1.0

3195.0
4.8
1.0

3223.0
4.8
1.0

3260.5
4.8
1.0

3303.5
4.8
1.0

3343.0
4.8
1.0

3350.5
4.8
1.0

3376.0
4.8
1.0

3385.5
4.8
1.0

3421.0
4.8
1.0

3439.0
4.8
1.0

3454.0
4.8
1.0

3500.0
4.8
1.0

3516.5
4.8
1.0

3553.0
4.8
1.0

3561.0
4.8
1.0

3579.5
4.8
1.0

3588.5
4.8
1.0

3660.0
4.8
1.0

3718.5
4.8
1.0

3737.0
4.8
1.0

3745.5
4.8
1.0

3773.5
4.8
1.0

3810.5
4.8
1.0

3846.0
4.8
1.0

3865.0
4.8
1.0

3874.0
4.8
1.0

3918.0
4.8
1.0

