89.5
4.8
1.0

128.0
4.8
1.0

147.5
4.8
1.0

156.0
4.8
1.0

164.5
4.8
1.0

181.5
4.8
1.0

190.5
4.8
1.0

208.0
4.8
1.0

224.5
4.8
1.0

245.5
4.8
1.0

295.0
4.8
1.0

389.5
4.8
1.0

419.0
4.8
1.0

483.0
4.8
1.0

520.0
4.8
1.0

539.5
4.8
1.0

568.0
4.8
1.0

620.0
4.8
1.0

654.5
4.8
1.0

663.0
4.8
1.0

672.0
4.8
1.0

688.5
4.8
1.0

757.0
4.8
1.0

787.0
4.8
1.0

806.0
4.8
1.0

876.0
4.8
1.0

885.0
4.8
1.0

929.0
4.8
1.0

948.5
4.8
1.0

967.0
4.8
1.0

1015.0
4.8
1.0

1024.5
4.8
1.0

2992.0
4.8
1.0

3001.5
4.8
1.0

3018.5
4.8
1.0

3027.5
4.8
1.0

3037.5
4.8
1.0

3065.0
4.8
1.0

3083.5
4.8
1.0

3093.0
4.8
1.0

3112.0
4.8
1.0

3130.0
4.8
1.0

3185.5
4.8
1.0

3204.0
4.8
1.0

3213.0
4.8
1.0

3251.0
4.8
1.0

3279.0
4.8
1.0

3294.0
4.8
1.0

3333.5
4.8
1.0

3412.0
4.8
1.0

3430.5
4.8
1.0

3492.5
4.8
1.0

3508.0
4.8
1.0

3544.5
4.8
1.0

3569.5
4.8
1.0

3641.0
4.8
1.0

3651.0
4.8
1.0

3668.0
4.8
1.0

3684.0
4.8
1.0

3692.5
4.8
1.0

3755.0
4.8
1.0

3764.0
4.8
1.0

3830.5
4.8
1.0

3927.0
4.8
1.0

