1060.0
4.8
1.0

1079.0
4.8
1.0

1087.0
4.8
1.0

1140.5
4.8
1.0

1160.5
4.8
1.0

1196.0
4.8
1.0

1222.0
4.8
1.0

1241.0
4.8
1.0

1250.5
4.8
1.0

1268.5
4.8
1.0

1289.0
4.8
1.0

1309.5
4.8
1.0

1318.5
4.8
1.0

1329.0
4.8
1.0

1355.0
4.8
1.0

1364.5
4.8
1.0

1399.0
4.8
1.0

1408.0
4.8
1.0

1435.5
4.8
1.0

1475.5
4.8
1.0

1502.5
4.8
1.0

1511.0
4.8
1.0

1529.5
4.8
1.0

1556.0
4.8
1.0

1566.5
4.8
1.0

1587.5
4.8
1.0

1597.0
4.8
1.0

1615.0
4.8
1.0

1625.5
4.8
1.0

1644.5
4.8
1.0

1654.5
4.8
1.0

1673.5
4.8
1.0

1693.0
4.8
1.0

1723.0
4.8
1.0

1739.5
4.8
1.0

1749.0
4.8
1.0

1759.0
4.8
1.0

1797.0
4.8
1.0

1825.0
4.8
1.0

1845.0
4.8
1.0

1863.0
4.8
1.0

1871.0
4.8
1.0

1924.0
4.8
1.0

1961.0
4.8
1.0

1968.0
4.8
1.0

1987.0
4.8
1.0

1995.5
4.8
1.0

2014.0
4.8
1.0

2043.0
4.8
1.0

2087.5
4.8
1.0

2106.5
4.8
1.0

2124.0
4.8
1.0

2142.0
4.8
1.0

2159.0
4.8
1.0

2167.0
4.8
1.0

2174.0
4.8
1.0

2193.5
4.8
1.0

2213.0
4.8
1.0

2232.0
4.8
1.0

2277.0
4.8
1.0

2315.5
4.8
1.0

2332.5
4.8
1.0

2350.5
4.8
1.0

2370.0
4.8
1.0

2404.5
4.8
1.0

2413.0
4.8
1.0

2422.5
4.8
1.0

2433.5
4.8
1.0

2462.5
4.8
1.0

2479.0
4.8
1.0

2499.5
4.8
1.0

2543.5
4.8
1.0

2573.0
4.8
1.0

2583.5
4.8
1.0

2636.5
4.8
1.0

2657.0
4.8
1.0

2664.0
4.8
1.0

2672.0
4.8
1.0

2716.5
4.8
1.0

2727.0
4.8
1.0

2736.5
4.8
1.0

2746.0
4.8
1.0

2792.5
4.8
1.0

2800.0
4.8
1.0

2808.0
4.8
1.0

2819.0
4.8
1.0

2857.5
4.8
1.0

2884.5
4.8
1.0

2900.0
4.8
1.0

2909.5
4.8
1.0

2918.5
4.8
1.0

2936.5
4.8
1.0

2946.5
4.8
1.0

2957.5
4.8
1.0

2966.0
4.8
1.0

2984.5
4.8
1.0

