1068.5
4.8
1.0

1096.0
4.8
1.0

1105.5
4.8
1.0

1124.5
4.8
1.0

1132.0
4.8
1.0

1151.0
4.8
1.0

1170.5
4.8
1.0

1178.0
4.8
1.0

1187.5
4.8
1.0

1204.0
4.8
1.0

1231.5
4.8
1.0

1261.0
4.8
1.0

1278.5
4.8
1.0

1298.5
4.8
1.0

1339.0
4.8
1.0

1346.5
4.8
1.0

1374.5
4.8
1.0

1382.0
4.8
1.0

1390.0
4.8
1.0

1416.5
4.8
1.0

1445.5
4.8
1.0

1455.5
4.8
1.0

1464.0
4.8
1.0

1484.0
4.8
1.0

1520.0
4.8
1.0

1538.0
4.8
1.0

1546.5
4.8
1.0

1606.0
4.8
1.0

1635.5
4.8
1.0

1683.5
4.8
1.0

1703.5
4.8
1.0

1713.5
4.8
1.0

1768.0
4.8
1.0

1777.0
4.8
1.0

1787.0
4.8
1.0

1806.0
4.8
1.0

1835.5
4.8
1.0

1855.0
4.8
1.0

1880.0
4.8
1.0

1898.5
4.8
1.0

1906.5
4.8
1.0

1915.0
4.8
1.0

1933.0
4.8
1.0

1942.0
4.8
1.0

1950.5
4.8
1.0

1976.5
4.8
1.0

2004.5
4.8
1.0

2025.0
4.8
1.0

2034.0
4.8
1.0

2050.5
4.8
1.0

2060.0
4.8
1.0

2076.5
4.8
1.0

2096.0
4.8
1.0

2117.0
4.8
1.0

2133.5
4.8
1.0

2150.0
4.8
1.0

2183.5
4.8
1.0

2222.5
4.8
1.0

2241.0
4.8
1.0

2248.0
4.8
1.0

2257.5
4.8
1.0

2287.5
4.8
1.0

2297.5
4.8
1.0

2306.0
4.8
1.0

2324.0
4.8
1.0

2342.0
4.8
1.0

2361.0
4.8
1.0

2378.5
4.8
1.0

2386.0
4.8
1.0

2395.0
4.8
1.0

2442.5
4.8
1.0

2470.5
4.8
1.0

2489.0
4.8
1.0

2508.5
4.8
1.0

2525.5
4.8
1.0

2535.0
4.8
1.0

2553.5
4.8
1.0

2562.0
4.8
1.0

2601.5
4.8
1.0

2610.5
4.8
1.0

2621.0
4.8
1.0

2628.0
4.8
1.0

2647.5
4.8
1.0

2681.0
4.8
1.0

2699.0
4.8
1.0

2707.5
4.8
1.0

2755.0
4.8
1.0

2772.0
4.8
1.0

2783.0
4.8
1.0

2829.0
4.8
1.0

2838.0
4.8
1.0

2848.5
4.8
1.0

2876.0
4.8
1.0

2892.0
4.8
1.0

2927.0
4.8
1.0

2974.0
4.8
1.0

