1065.3
4.8
1.0

1083.8
4.8
1.0

1146.3
4.8
1.0

1246.3
4.8
1.0

1274.8
4.8
1.0

1315.3
4.8
1.0

1335.3
4.8
1.0

1360.8
4.8
1.0

1404.3
4.8
1.0

1480.3
4.8
1.0

1507.8
4.8
1.0

1534.3
4.8
1.0

1572.3
4.8
1.0

1631.3
4.8
1.0

1650.3
4.8
1.0

1698.3
4.8
1.0

1727.8
4.8
1.0

1765.3
4.8
1.0

1830.8
4.8
1.0

1850.8
4.8
1.0

1867.8
4.8
1.0

1929.3
4.8
1.0

1972.8
4.8
1.0

2001.8
4.8
1.0

2047.8
4.8
1.0

2129.8
4.8
1.0

2147.8
4.8
1.0

2171.8
4.8
1.0

2198.3
4.8
1.0

2218.3
4.8
1.0

2283.3
4.8
1.0

2375.3
4.8
1.0

2409.8
4.8
1.0

2467.3
4.8
1.0

2484.3
4.8
1.0

2548.3
4.8
1.0

2661.8
4.8
1.0

2668.8
4.8
1.0

2722.8
4.8
1.0

2733.3
4.8
1.0

2742.3
4.8
1.0

2797.8
4.8
1.0

2824.3
4.8
1.0

2863.8
4.8
1.0

2889.3
4.8
1.0

2952.3
4.8
1.0

2970.8
4.8
1.0

2989.8
4.8
1.0

