1129.3
4.8
1.0

1183.3
4.8
1.0

1209.3
4.8
1.0

1237.8
4.8
1.0

1265.8
4.8
1.0

1284.3
4.8
1.0

1450.8
4.8
1.0

1460.8
4.8
1.0

1543.8
4.8
1.0

1611.3
4.8
1.0

1641.3
4.8
1.0

1689.3
4.8
1.0

1708.8
4.8
1.0

1718.8
4.8
1.0

1783.3
4.8
1.0

1840.8
4.8
1.0

1859.8
4.8
1.0

1885.3
4.8
1.0

1939.3
4.8
1.0

1947.8
4.8
1.0

1956.8
4.8
1.0

1982.8
4.8
1.0

2010.8
4.8
1.0

2030.3
4.8
1.0

2056.8
4.8
1.0

2064.8
4.8
1.0

2082.8
4.8
1.0

2121.8
4.8
1.0

2155.3
4.8
1.0

2189.3
4.8
1.0

2245.8
4.8
1.0

2302.8
4.8
1.0

2310.8
4.8
1.0

2347.8
4.8
1.0

2391.3
4.8
1.0

2400.3
4.8
1.0

2495.3
4.8
1.0

2513.3
4.8
1.0

2558.8
4.8
1.0

2606.3
4.8
1.0

2616.8
4.8
1.0

2652.3
4.8
1.0

2687.3
4.8
1.0

2712.3
4.8
1.0

2778.3
4.8
1.0

2834.3
4.8
1.0

2844.3
4.8
1.0

2853.3
4.8
1.0

