80.5
4.8
1.0

108.0
4.8
1.0

160.0
4.8
1.0

168.5
4.8
1.0

186.0
4.8
1.0

195.5
4.8
1.0

232.0
4.8
1.0

243.5
4.8
1.0

261.0
4.8
1.0

278.5
4.8
1.0

323.0
4.8
1.0

333.0
4.8
1.0

340.5
4.8
1.0

379.0
4.8
1.0

389.5
4.8
1.0

409.0
4.8
1.0

418.5
4.8
1.0

428.5
4.8
1.0

438.5
4.8
1.0

457.0
4.8
1.0

474.5
4.8
1.0

482.5
4.8
1.0

501.0
4.8
1.0

520.0
4.8
1.0

529.5
4.8
1.0

539.0
4.8
1.0

546.0
4.8
1.0

564.5
4.8
1.0

602.5
4.8
1.0

629.5
4.8
1.0

647.0
4.8
1.0

702.5
4.8
1.0

718.0
4.8
1.0

744.5
4.8
1.0

764.0
4.8
1.0

802.0
4.8
1.0

810.0
4.8
1.0

830.5
4.8
1.0

847.5
4.8
1.0

857.0
4.8
1.0

886.5
4.8
1.0

935.5
4.8
1.0

945.5
4.8
1.0

965.5
4.8
1.0

975.0
4.8
1.0

985.0
4.8
1.0

993.5
4.8
1.0

1036.5
4.8
1.0

2038.5
4.8
1.0

2057.0
4.8
1.0

2065.0
4.8
1.0

2083.0
4.8
1.0

2136.0
4.8
1.0

2144.0
4.8
1.0

2152.0
4.8
1.0

2163.5
4.8
1.0

2218.0
4.8
1.0

2234.5
4.8
1.0

2253.0
4.8
1.0

2269.5
4.8
1.0

2279.0
4.8
1.0

2296.0
4.8
1.0

2304.0
4.8
1.0

2324.0
4.8
1.0

2341.0
4.8
1.0

2370.5
4.8
1.0

2378.5
4.8
1.0

2397.0
4.8
1.0

2447.5
4.8
1.0

2467.5
4.8
1.0

2487.0
4.8
1.0

2505.0
4.8
1.0

2525.5
4.8
1.0

2534.5
4.8
1.0

2555.5
4.8
1.0

2575.5
4.8
1.0

2605.5
4.8
1.0

2654.0
4.8
1.0

2698.5
4.8
1.0

2719.5
4.8
1.0

2749.5
4.8
1.0

2758.5
4.8
1.0

2769.0
4.8
1.0

2779.5
4.8
1.0

2809.0
4.8
1.0

2818.5
4.8
1.0

2829.0
4.8
1.0

2836.5
4.8
1.0

2891.5
4.8
1.0

2900.5
4.8
1.0

2910.5
4.8
1.0

2919.0
4.8
1.0

2936.5
4.8
1.0

2946.5
4.8
1.0

2957.0
4.8
1.0

3000.0
4.8
1.0

