1053.3
4.8
1.0

1109.8
4.8
1.0

1137.8
4.8
1.0

1167.8
4.8
1.0

1175.8
4.8
1.0

1211.3
4.8
1.0

1245.3
4.8
1.0

1292.3
4.8
1.0

1402.3
4.8
1.0

1439.8
4.8
1.0

1533.8
4.8
1.0

1572.8
4.8
1.0

1704.8
4.8
1.0

1732.3
4.8
1.0

1939.3
4.8
1.0

1996.8
4.8
1.0

3204.8
4.8
1.0

3213.3
4.8
1.0

3274.3
4.8
1.0

3314.3
4.8
1.0

3495.3
4.8
1.0

3513.8
4.8
1.0

3548.3
4.8
1.0

3624.3
4.8
1.0

3662.8
4.8
1.0

3681.3
4.8
1.0

3711.3
4.8
1.0

3760.3
4.8
1.0

3770.8
4.8
1.0

3855.8
4.8
1.0

3881.8
4.8
1.0

3955.8
4.8
1.0

