113.3
4.8
1.0

164.8
4.8
1.0

201.3
4.8
1.0

249.8
4.8
1.0

283.8
4.8
1.0

328.3
4.8
1.0

337.8
4.8
1.0

346.3
4.8
1.0

384.3
4.8
1.0

394.8
4.8
1.0

443.8
4.8
1.0

479.8
4.8
1.0

551.8
4.8
1.0

570.8
4.8
1.0

635.8
4.8
1.0

652.8
4.8
1.0

750.3
4.8
1.0

806.8
4.8
1.0

835.3
4.8
1.0

862.8
4.8
1.0

940.3
4.8
1.0

950.8
4.8
1.0

989.8
4.8
1.0

1042.8
4.8
1.0

2069.8
4.8
1.0

2149.3
4.8
1.0

2158.3
4.8
1.0

2223.3
4.8
1.0

2239.8
4.8
1.0

2274.3
4.8
1.0

2283.8
4.8
1.0

2301.8
4.8
1.0

2346.8
4.8
1.0

2375.8
4.8
1.0

2403.3
4.8
1.0

2472.8
4.8
1.0

2531.3
4.8
1.0

2580.3
4.8
1.0

2658.8
4.8
1.0

2704.8
4.8
1.0

2725.3
4.8
1.0

2754.3
4.8
1.0

2775.3
4.8
1.0

2784.8
4.8
1.0

2896.3
4.8
1.0

2915.3
4.8
1.0

2952.3
4.8
1.0

2961.8
4.8
1.0

