1184.3
4.8
1.0

1202.8
4.8
1.0

1331.3
4.8
1.0

1383.8
4.8
1.0

1467.8
4.8
1.0

1486.8
4.8
1.0

1583.8
4.8
1.0

1602.3
4.8
1.0

1613.3
4.8
1.0

1677.3
4.8
1.0

1742.3
4.8
1.0

1816.8
4.8
1.0

1827.3
4.8
1.0

1837.3
4.8
1.0

1966.8
4.8
1.0

2006.3
4.8
1.0

3047.8
4.8
1.0

3074.8
4.8
1.0

3157.3
4.8
1.0

3195.3
4.8
1.0

3222.8
4.8
1.0

3255.3
4.8
1.0

3264.3
4.8
1.0

3284.3
4.8
1.0

3354.3
4.8
1.0

3393.8
4.8
1.0

3421.3
4.8
1.0

3615.3
4.8
1.0

3634.3
4.8
1.0

3810.3
4.8
1.0

3900.3
4.8
1.0

3945.8
4.8
1.0

