85.3
4.8
1.0

173.3
4.8
1.0

190.8
4.8
1.0

238.3
4.8
1.0

265.8
4.8
1.0

414.3
4.8
1.0

424.3
4.8
1.0

434.3
4.8
1.0

461.8
4.8
1.0

488.3
4.8
1.0

506.8
4.8
1.0

525.3
4.8
1.0

535.8
4.8
1.0

543.8
4.8
1.0

607.8
4.8
1.0

707.3
4.8
1.0

723.3
4.8
1.0

768.8
4.8
1.0

816.3
4.8
1.0

852.3
4.8
1.0

892.8
4.8
1.0

970.8
4.8
1.0

980.3
4.8
1.0

999.3
4.8
1.0

2043.3
4.8
1.0

2061.8
4.8
1.0

2087.8
4.8
1.0

2140.8
4.8
1.0

2168.3
4.8
1.0

2257.8
4.8
1.0

2310.3
4.8
1.0

2329.8
4.8
1.0

2383.3
4.8
1.0

2453.3
4.8
1.0

2492.3
4.8
1.0

2510.3
4.8
1.0

2540.3
4.8
1.0

2561.3
4.8
1.0

2611.8
4.8
1.0

2764.3
4.8
1.0

2814.3
4.8
1.0

2824.3
4.8
1.0

2833.8
4.8
1.0

2841.3
4.8
1.0

2906.8
4.8
1.0

2925.3
4.8
1.0

2942.3
4.8
1.0

3006.3
4.8
1.0

