1061.3
4.8
1.0

1070.3
4.8
1.0

1099.8
4.8
1.0

1254.8
4.8
1.0

1275.8
4.8
1.0

1356.3
4.8
1.0

1413.8
4.8
1.0

1430.8
4.8
1.0

1507.3
4.8
1.0

1562.3
4.8
1.0

1622.3
4.8
1.0

1667.8
4.8
1.0

1771.8
4.8
1.0

1863.3
4.8
1.0

1947.8
4.8
1.0

2017.8
4.8
1.0

3136.3
4.8
1.0

3166.8
4.8
1.0

3372.3
4.8
1.0

3382.3
4.8
1.0

3401.8
4.8
1.0

3411.8
4.8
1.0

3466.8
4.8
1.0

3475.8
4.8
1.0

3484.3
4.8
1.0

3586.3
4.8
1.0

3751.3
4.8
1.0

3890.8
4.8
1.0

3918.3
4.8
1.0

3936.8
4.8
1.0

3964.8
4.8
1.0

3984.3
4.8
1.0

