306.0
1.0
1.0

370.5
1.0
1.0

378.75
1.0
1.0

432.0
1.0
1.0

479.25
1.0
1.0

497.25
1.0
1.0

504.75
1.0
1.0

558.75
1.0
1.0

596.25
1.0
1.0

605.25
1.0
1.0

657.0
1.0
1.0

668.25
1.0
1.0

693.75
1.0
1.0

711.75
1.0
1.0

738.0
1.0
1.0

747.75
1.0
1.0

758.25
1.0
1.0

828.0
1.0
1.0

847.5
1.0
1.0

900.75
1.0
1.0

918.75
1.0
1.0

927.0
1.0
1.0

937.5
1.0
1.0

945.0
1.0
1.0

965.25
1.0
1.0

992.25
1.0
1.0

1008.0
1.0
1.0

1109.25
1.0
1.0

1891.5
1.0
1.0

1926.75
1.0
1.0

1937.25
1.0
1.0

1962.75
1.0
1.0

1971.0
1.0
1.0

1980.75
1.0
1.0

2018.25
1.0
1.0

2043.0
1.0
1.0

2115.75
1.0
1.0

2126.25
1.0
1.0

2133.0
1.0
1.0

2179.5
1.0
1.0

2188.5
1.0
1.0

2225.25
1.0
1.0

2232.0
1.0
1.0

2261.25
1.0
1.0

2277.75
1.0
1.0

2324.25
1.0
1.0

2349.75
1.0
1.0

2359.5
1.0
1.0

2458.5
1.0
1.0

2484.75
1.0
1.0

2494.5
1.0
1.0

2583.0
1.0
1.0

2610.75
1.0
1.0

2620.5
1.0
1.0

2629.5
1.0
1.0

2646.0
1.0
1.0

