344.25
1.0
1.0

361.5
1.0
1.0

369.75
1.0
1.0

397.5
1.0
1.0

424.5
1.0
1.0

433.5
1.0
1.0

441.0
1.0
1.0

450.75
1.0
1.0

505.5
1.0
1.0

514.5
1.0
1.0

522.0
1.0
1.0

531.0
1.0
1.0

551.25
1.0
1.0

567.75
1.0
1.0

613.5
1.0
1.0

659.25
1.0
1.0

704.25
1.0
1.0

757.5
1.0
1.0

783.0
1.0
1.0

792.0
1.0
1.0

856.5
1.0
1.0

874.5
1.0
1.0

965.25
1.0
1.0

990.75
1.0
1.0

1010.25
1.0
1.0

1055.25
1.0
1.0

1062.0
1.0
1.0

1089.0
1.0
1.0

1856.25
1.0
1.0

1890.0
1.0
1.0

1908.0
1.0
1.0

1954.5
1.0
1.0

1963.5
1.0
1.0

1980.0
1.0
1.0

1990.5
1.0
1.0

2016.0
1.0
1.0

2027.25
1.0
1.0

2034.75
1.0
1.0

2097.0
1.0
1.0

2116.5
1.0
1.0

2151.0
1.0
1.0

2223.0
1.0
1.0

2250.0
1.0
1.0

2277.0
1.0
1.0

2305.5
1.0
1.0

2340.75
1.0
1.0

2349.0
1.0
1.0

2369.25
1.0
1.0

2376.75
1.0
1.0

2395.5
1.0
1.0

2405.25
1.0
1.0

2412.0
1.0
1.0

2450.25
1.0
1.0

2566.5
1.0
1.0

2584.5
1.0
1.0

2593.5
1.0
1.0

