334.5
1.0
1.0

351.0
1.0
1.0

362.25
1.0
1.0

416.25
1.0
1.0

423.75
1.0
1.0

441.0
1.0
1.0

450.75
1.0
1.0

468.75
1.0
1.0

505.5
1.0
1.0

630.75
1.0
1.0

650.25
1.0
1.0

668.25
1.0
1.0

684.75
1.0
1.0

694.5
1.0
1.0

702.0
1.0
1.0

784.5
1.0
1.0

820.5
1.0
1.0

828.0
1.0
1.0

883.5
1.0
1.0

900.75
1.0
1.0

918.75
1.0
1.0

927.0
1.0
1.0

956.25
1.0
1.0

963.0
1.0
1.0

1017.75
1.0
1.0

1035.75
1.0
1.0

1054.5
1.0
1.0

1073.25
1.0
1.0

1836.75
1.0
1.0

1900.5
1.0
1.0

1908.0
1.0
1.0

1919.25
1.0
1.0

1955.25
1.0
1.0

1999.5
1.0
1.0

2054.25
1.0
1.0

2079.75
1.0
1.0

2099.25
1.0
1.0

2117.25
1.0
1.0

2135.25
1.0
1.0

2161.5
1.0
1.0

2179.5
1.0
1.0

2278.5
1.0
1.0

2314.5
1.0
1.0

2351.25
1.0
1.0

2403.0
1.0
1.0

2412.75
1.0
1.0

2440.5
1.0
1.0

2520.0
1.0
1.0

2538.75
1.0
1.0

2547.75
1.0
1.0

2556.75
1.0
1.0

2592.75
1.0
1.0

2601.75
1.0
1.0

2611.5
1.0
1.0

2620.5
1.0
1.0

2648.25
1.0
1.0

