1125.0
1.0
1.0

1135.5
1.0
1.0

1144.5
1.0
1.0

1154.25
1.0
1.0

1181.25
1.0
1.0

1215.0
1.0
1.0

1269.0
1.0
1.0

1296.75
1.0
1.0

1306.5
1.0
1.0

1333.5
1.0
1.0

1361.25
1.0
1.0

1388.25
1.0
1.0

1397.25
1.0
1.0

1413.75
1.0
1.0

1423.5
1.0
1.0

1476.75
1.0
1.0

1487.25
1.0
1.0

1494.0
1.0
1.0

1503.0
1.0
1.0

1522.5
1.0
1.0

1539.0
1.0
1.0

1567.5
1.0
1.0

1585.5
1.0
1.0

1594.5
1.0
1.0

1603.5
1.0
1.0

1613.25
1.0
1.0

1631.25
1.0
1.0

1648.5
1.0
1.0

1667.25
1.0
1.0

1702.5
1.0
1.0

1729.5
1.0
1.0

1764.0
1.0
1.0

1792.5
1.0
1.0

1800.0
1.0
1.0

1809.0
1.0
1.0

1818.75
1.0
1.0

2656.5
1.0
1.0

2665.5
1.0
1.0

2674.5
1.0
1.0

2720.25
1.0
1.0

2729.25
1.0
1.0

2754.75
1.0
1.0

2764.5
1.0
1.0

2782.5
1.0
1.0

2809.5
1.0
1.0

2818.5
1.0
1.0

2826.0
1.0
1.0

2835.0
1.0
1.0

2862.0
1.0
1.0

2881.5
1.0
1.0

2907.0
1.0
1.0

2935.5
1.0
1.0

2953.5
1.0
1.0

2961.0
1.0
1.0

2979.75
1.0
1.0

3008.25
1.0
1.0

3026.25
1.0
1.0

3061.5
1.0
1.0

3079.5
1.0
1.0

3123.0
1.0
1.0

3143.25
1.0
1.0

3169.5
1.0
1.0

3197.25
1.0
1.0

3206.25
1.0
1.0

3231.75
1.0
1.0

3277.5
1.0
1.0

3286.5
1.0
1.0

3295.5
1.0
1.0

3303.75
1.0
1.0

3330.0
1.0
1.0

3340.5
1.0
1.0

3357.0
1.0
1.0

