1166.0
1.5
1.0

1185.5
1.5
1.0

1202.75
1.5
1.0

1262.75
1.5
1.0

1282.25
1.5
1.0

1292.0
1.5
1.0

1346.0
1.5
1.0

1362.5
1.5
1.0

1434.5
1.5
1.0

1561.25
1.5
1.0

1570.25
1.5
1.0

1588.25
1.5
1.0

1597.25
1.5
1.0

1687.25
1.5
1.0

1715.0
1.5
1.0

1733.0
1.5
1.0

1779.5
1.5
1.0

1784.0
1.5
1.0

2686.25
1.5
1.0

2694.5
1.5
1.0

2747.75
1.5
1.0

2758.25
1.5
1.0

2794.25
1.5
1.0

2865.5
1.5
1.0

2939.0
1.5
1.0

2965.25
1.5
1.0

2975.75
1.5
1.0

3019.25
1.5
1.0

3074.75
1.5
1.0

3092.0
1.5
1.0

3171.5
1.5
1.0

3179.75
1.5
1.0

3188.75
1.5
1.0

3207.5
1.5
1.0

3237.5
1.5
1.0

3280.25
1.5
1.0

