1398.8
1.5
1.0

1407.3
1.5
1.0

1436.3
1.5
1.0

1466.3
1.5
1.0

1505.3
1.5
1.0

1532.8
1.5
1.0

1677.3
1.5
1.0

1697.3
1.5
1.0

1725.8
1.5
1.0

1735.3
1.5
1.0

1743.8
1.5
1.0

1791.3
1.5
1.0

1809.3
1.5
1.0

1843.3
1.5
1.0

1871.3
1.5
1.0

1982.8
1.5
1.0

2019.8
1.5
1.0

2028.8
1.5
1.0

2047.8
1.5
1.0

2085.8
1.5
1.0

2230.8
1.5
1.0

2239.3
1.5
1.0

2249.3
1.5
1.0

2294.8
1.5
1.0

2373.3
1.5
1.0

2381.8
1.5
1.0

2418.8
1.5
1.0

2524.8
1.5
1.0

2560.8
1.5
1.0

2578.3
1.5
1.0

2645.8
1.5
1.0

2746.8
1.5
1.0

2782.3
1.5
1.0

2799.8
1.5
1.0

2843.8
1.5
1.0

2861.3
1.5
1.0

2890.3
1.5
1.0

2947.8
1.5
1.0

2986.3
1.5
1.0

3091.3
1.5
1.0

3099.8
1.5
1.0

3118.3
1.5
1.0

3156.3
1.5
1.0

3167.3
1.5
1.0

3195.3
1.5
1.0

3222.3
1.5
1.0

3231.3
1.5
1.0

3269.8
1.5
1.0

