450.3
1.5
1.0

491.8
1.5
1.0

528.8
1.5
1.0

756.3
1.5
1.0

811.8
1.5
1.0

923.3
1.5
1.0

931.3
1.5
1.0

939.3
1.5
1.0

1004.8
1.5
1.0

1057.8
1.5
1.0

1103.3
1.5
1.0

1122.3
1.5
1.0

1132.3
1.5
1.0

1261.8
1.5
1.0

1325.3
1.5
1.0

1344.8
1.5
1.0

3402.3
1.5
1.0

3500.8
1.5
1.0

3565.8
1.5
1.0

3594.8
1.5
1.0

3662.3
1.5
1.0

3681.8
1.5
1.0

3739.3
1.5
1.0

3796.3
1.5
1.0

3835.8
1.5
1.0

3907.3
1.5
1.0

4022.8
1.5
1.0

4032.8
1.5
1.0

4097.3
1.5
1.0

4125.3
1.5
1.0

4154.3
1.5
1.0

4171.3
1.5
1.0

