3182.5
4.8
1.0

3200.5
4.8
1.0

3209.5
4.8
1.0

3219.0
4.8
1.0

3296.5
4.8
1.0

3314.5
4.8
1.0

3323.0
4.8
1.0

3358.0
4.8
1.0

3366.0
4.8
1.0

3408.0
4.8
1.0

3463.0
4.8
1.0

3472.0
4.8
1.0

3492.5
4.8
1.0

3500.5
4.8
1.0

3516.0
4.8
1.0

3526.5
4.8
1.0

3534.0
4.8
1.0

3563.0
4.8
1.0

3593.5
4.8
1.0

3628.5
4.8
1.0

3701.5
4.8
1.0

3738.5
4.8
1.0

3749.5
4.8
1.0

3758.5
4.8
1.0

3782.5
4.8
1.0

3791.0
4.8
1.0

3864.5
4.8
1.0

4043.5
4.8
1.0

4053.0
4.8
1.0

4070.0
4.8
1.0

4096.5
4.8
1.0

4105.0
4.8
1.0

