3004.5
4.8
1.0

3041.0
4.8
1.0

3071.5
4.8
1.0

3080.5
4.8
1.0

3133.5
4.8
1.0

3142.5
4.8
1.0

3170.0
4.8
1.0

3187.0
4.8
1.0

3202.5
4.8
1.0

3211.0
4.8
1.0

3284.0
4.8
1.0

3323.5
4.8
1.0

3342.0
4.8
1.0

3372.0
4.8
1.0

3452.0
4.8
1.0

3469.5
4.8
1.0

3524.5
4.8
1.0

3562.5
4.8
1.0

3570.5
4.8
1.0

3669.0
4.8
1.0

3699.0
4.8
1.0

3708.0
4.8
1.0

3716.0
4.8
1.0

3796.5
4.8
1.0

3812.0
4.8
1.0

3821.0
4.8
1.0

3836.0
4.8
1.0

3864.5
4.8
1.0

3874.0
4.8
1.0

3898.5
4.8
1.0

3914.5
4.8
1.0

3925.0
4.8
1.0

