2.25
1.0
1.0

18.75
1.0
1.0

72.0
1.0
1.0

81.75
1.0
1.0

99.75
1.0
1.0

126.75
1.0
1.0

144.0
1.0
1.0

171.75
1.0
1.0

181.5
1.0
1.0

200.25
1.0
1.0

207.75
1.0
1.0

263.25
1.0
1.0

270.75
1.0
1.0

288.75
1.0
1.0

306.75
1.0
1.0

333.75
1.0
1.0

351.75
1.0
1.0

387.75
1.0
1.0

396.75
1.0
1.0

432.75
1.0
1.0

459.75
1.0
1.0

495.0
1.0
1.0

506.25
1.0
1.0

522.75
1.0
1.0

531.0
1.0
1.0

551.25
1.0
1.0

559.5
1.0
1.0

604.5
1.0
1.0

612.0
1.0
1.0

623.25
1.0
1.0

639.75
1.0
1.0

648.75
1.0
1.0

666.75
1.0
1.0

675.0
1.0
1.0

686.25
1.0
1.0

702.0
1.0
1.0

