36.75
1.0
1.0

46.5
1.0
1.0

55.5
1.0
1.0

83.25
1.0
1.0

126.0
1.0
1.0

135.75
1.0
1.0

171.75
1.0
1.0

207.75
1.0
1.0

253.5
1.0
1.0

289.5
1.0
1.0

308.25
1.0
1.0

324.0
1.0
1.0

361.5
1.0
1.0

370.5
1.0
1.0

378.0
1.0
1.0

387.0
1.0
1.0

416.25
1.0
1.0

434.25
1.0
1.0

442.5
1.0
1.0

452.25
1.0
1.0

470.25
1.0
1.0

477.0
1.0
1.0

496.5
1.0
1.0

506.25
1.0
1.0

524.25
1.0
1.0

531.75
1.0
1.0

549.75
1.0
1.0

559.5
1.0
1.0

567.0
1.0
1.0

585.75
1.0
1.0

612.0
1.0
1.0

621.0
1.0
1.0

648.75
1.0
1.0

658.5
1.0
1.0

666.75
1.0
1.0

703.5
1.0
1.0

