10.5
1.0
1.0

29.25
1.0
1.0

36.0
1.0
1.0

45.0
1.0
1.0

54.75
1.0
1.0

74.25
1.0
1.0

92.25
1.0
1.0

118.5
1.0
1.0

144.0
1.0
1.0

209.25
1.0
1.0

216.0
1.0
1.0

244.5
1.0
1.0

253.5
1.0
1.0

261.0
1.0
1.0

270.75
1.0
1.0

325.5
1.0
1.0

344.25
1.0
1.0

353.25
1.0
1.0

369.0
1.0
1.0

378.0
1.0
1.0

397.5
1.0
1.0

423.75
1.0
1.0

452.25
1.0
1.0

459.0
1.0
1.0

479.25
1.0
1.0

514.5
1.0
1.0

531.75
1.0
1.0

540.75
1.0
1.0

594.0
1.0
1.0

603.75
1.0
1.0

621.0
1.0
1.0

649.5
1.0
1.0

657.75
1.0
1.0

666.75
1.0
1.0

677.25
1.0
1.0

686.25
1.0
1.0

