1050.0
4.8
1.0

1059.0
4.8
1.0

1079.0
4.8
1.0

1097.5
4.8
1.0

1126.0
4.8
1.0

1203.0
4.8
1.0

1213.5
4.8
1.0

1222.0
4.8
1.0

1274.0
4.8
1.0

1284.0
4.8
1.0

1355.5
4.8
1.0

1372.0
4.8
1.0

1390.5
4.8
1.0

1408.5
4.8
1.0

1443.0
4.8
1.0

1491.0
4.8
1.0

1501.5
4.8
1.0

1590.5
4.8
1.0

1661.5
4.8
1.0

1708.5
4.8
1.0

1718.0
4.8
1.0

1770.0
4.8
1.0

1778.0
4.8
1.0

1804.5
4.8
1.0

1812.5
4.8
1.0

1831.5
4.8
1.0

1848.5
4.8
1.0

1876.0
4.8
1.0

1892.5
4.8
1.0

1902.0
4.8
1.0

1956.5
4.8
1.0

1967.0
4.8
1.0

