1069.5
4.8
1.0

1106.5
4.8
1.0

1117.5
4.8
1.0

1135.0
4.8
1.0

1186.5
4.8
1.0

1194.5
4.8
1.0

1303.0
4.8
1.0

1312.0
4.8
1.0

1321.0
4.8
1.0

1380.5
4.8
1.0

1425.5
4.8
1.0

1452.0
4.8
1.0

1471.0
4.8
1.0

1480.5
4.8
1.0

1539.0
4.8
1.0

1565.0
4.8
1.0

1573.5
4.8
1.0

1582.5
4.8
1.0

1611.0
4.8
1.0

1620.0
4.8
1.0

1651.0
4.8
1.0

1670.0
4.8
1.0

1681.0
4.8
1.0

1700.0
4.8
1.0

1754.5
4.8
1.0

1821.5
4.8
1.0

1840.0
4.8
1.0

1867.0
4.8
1.0

1948.5
4.8
1.0

1975.5
4.8
1.0

1984.0
4.8
1.0

1994.0
4.8
1.0

