9.0
1.0
1.0

18.0
1.0
1.0

28.5
1.0
1.0

36.75
1.0
1.0

54.0
1.0
1.0

72.75
1.0
1.0

119.25
1.0
1.0

127.5
1.0
1.0

155.25
1.0
1.0

164.25
1.0
1.0

180.0
1.0
1.0

198.0
1.0
1.0

207.75
1.0
1.0

234.0
1.0
1.0

244.5
1.0
1.0

252.75
1.0
1.0

270.0
1.0
1.0

307.5
1.0
1.0

315.75
1.0
1.0

324.75
1.0
1.0

335.25
1.0
1.0

342.0
1.0
1.0

378.0
1.0
1.0

387.75
1.0
1.0

396.0
1.0
1.0

407.25
1.0
1.0

423.0
1.0
1.0

450.75
1.0
1.0

513.75
1.0
1.0

522.75
1.0
1.0

540.0
1.0
1.0

558.0
1.0
1.0

621.75
1.0
1.0

631.5
1.0
1.0

648.0
1.0
1.0

675.75
1.0
1.0

