2033.5
4.8
1.0

2042.5
4.8
1.0

2068.5
4.8
1.0

2087.5
4.8
1.0

2097.5
4.8
1.0

2106.0
4.8
1.0

2140.0
4.8
1.0

2148.5
4.8
1.0

2158.0
4.8
1.0

2167.0
4.8
1.0

2196.0
4.8
1.0

2207.0
4.8
1.0

2217.5
4.8
1.0

2226.5
4.8
1.0

2267.5
4.8
1.0

2287.0
4.8
1.0

2296.0
4.8
1.0

2320.0
4.8
1.0

2329.5
4.8
1.0

2349.5
4.8
1.0

2358.5
4.8
1.0

2384.5
4.8
1.0

2421.5
4.8
1.0

2468.0
4.8
1.0

2526.0
4.8
1.0

2534.5
4.8
1.0

2543.5
4.8
1.0

2572.0
4.8
1.0

2617.0
4.8
1.0

2624.0
4.8
1.0

2661.0
4.8
1.0

2689.5
4.8
1.0

2709.5
4.8
1.0

2728.5
4.8
1.0

2766.0
4.8
1.0

2777.5
4.8
1.0

2824.0
4.8
1.0

2832.5
4.8
1.0

2842.0
4.8
1.0

2850.0
4.8
1.0

2886.5
4.8
1.0

2906.5
4.8
1.0

2925.0
4.8
1.0

2943.0
4.8
1.0

2962.0
4.8
1.0

2971.0
4.8
1.0

2981.0
4.8
1.0

2990.5
4.8
1.0

