3008.5
4.8
1.0

3036.5
4.8
1.0

3071.0
4.8
1.0

3091.0
4.8
1.0

3101.0
4.8
1.0

3150.0
4.8
1.0

3160.5
4.8
1.0

3170.0
4.8
1.0

3186.0
4.8
1.0

3194.5
4.8
1.0

3223.5
4.8
1.0

3271.5
4.8
1.0

3310.5
4.8
1.0

3340.5
4.8
1.0

3359.0
4.8
1.0

3379.5
4.8
1.0

3389.5
4.8
1.0

3398.0
4.8
1.0

3425.5
4.8
1.0

3516.5
4.8
1.0

3535.0
4.8
1.0

3610.5
4.8
1.0

3658.5
4.8
1.0

3679.0
4.8
1.0

3760.5
4.8
1.0

3837.5
4.8
1.0

3846.0
4.8
1.0

3873.5
4.8
1.0

3883.0
4.8
1.0

3901.5
4.8
1.0

3928.0
4.8
1.0

3937.0
4.8
1.0

