0.5
4.8
1.0

16.5
4.8
1.0

35.5
4.8
1.0

45.5
4.8
1.0

85.5
4.8
1.0

111.0
4.8
1.0

120.5
4.8
1.0

150.0
4.8
1.0

168.5
4.8
1.0

179.5
4.8
1.0

199.0
4.8
1.0

209.5
4.8
1.0

229.0
4.8
1.0

248.0
4.8
1.0

257.0
4.8
1.0

276.0
4.8
1.0

312.0
4.8
1.0

340.0
4.8
1.0

349.5
4.8
1.0

359.0
4.8
1.0

377.0
4.8
1.0

406.0
4.8
1.0

417.5
4.8
1.0

444.5
4.8
1.0

455.5
4.8
1.0

465.0
4.8
1.0

473.5
4.8
1.0

492.0
4.8
1.0

500.5
4.8
1.0

534.5
4.8
1.0

555.5
4.8
1.0

574.0
4.8
1.0

583.0
4.8
1.0

633.5
4.8
1.0

653.0
4.8
1.0

660.5
4.8
1.0

698.5
4.8
1.0

709.0
4.8
1.0

718.5
4.8
1.0

754.5
4.8
1.0

800.5
4.8
1.0

825.0
4.8
1.0

834.5
4.8
1.0

858.0
4.8
1.0

877.5
4.8
1.0

906.5
4.8
1.0

954.5
4.8
1.0

972.0
4.8
1.0

