1.5
1.0
1.0

27.0
1.0
1.0

65.25
1.0
1.0

100.5
1.0
1.0

108.0
1.0
1.0

127.5
1.0
1.0

135.0
1.0
1.0

146.25
1.0
1.0

173.25
1.0
1.0

216.0
1.0
1.0

244.5
1.0
1.0

270.0
1.0
1.0

306.75
1.0
1.0

326.25
1.0
1.0

333.0
1.0
1.0

342.75
1.0
1.0

351.0
1.0
1.0

380.25
1.0
1.0

388.5
1.0
1.0

397.5
1.0
1.0

415.5
1.0
1.0

441.0
1.0
1.0

460.5
1.0
1.0

478.5
1.0
1.0

505.5
1.0
1.0

524.25
1.0
1.0

549.0
1.0
1.0

567.75
1.0
1.0

587.25
1.0
1.0

612.75
1.0
1.0

621.0
1.0
1.0

630.75
1.0
1.0

667.5
1.0
1.0

675.75
1.0
1.0

693.75
1.0
1.0

702.75
1.0
1.0

