2195.0
4.8
1.0

2204.0
4.8
1.0

2212.5
4.8
1.0

2220.5
4.8
1.0

2239.5
4.8
1.0

2259.5
4.8
1.0

2306.0
4.8
1.0

2314.0
4.8
1.0

2332.5
4.8
1.0

2343.0
4.8
1.0

2371.5
4.8
1.0

2390.0
4.8
1.0

2408.0
4.8
1.0

2425.0
4.8
1.0

2453.5
4.8
1.0

2473.0
4.8
1.0

2491.5
4.8
1.0

2541.5
4.8
1.0

2570.0
4.8
1.0

2578.0
4.8
1.0

2596.0
4.8
1.0

2604.0
4.8
1.0

2639.5
4.8
1.0

2658.5
4.8
1.0

2687.5
4.8
1.0

2744.0
4.8
1.0

2772.5
4.8
1.0

2783.5
4.8
1.0

2802.0
4.8
1.0

2829.0
4.8
1.0

2848.5
4.8
1.0

2858.5
4.8
1.0

2866.5
4.8
1.0

2875.5
4.8
1.0

2913.0
4.8
1.0

2950.5
4.8
1.0

2980.0
4.8
1.0

2988.5
4.8
1.0

3007.0
4.8
1.0

3016.5
4.8
1.0

3034.0
4.8
1.0

3080.5
4.8
1.0

3088.5
4.8
1.0

3097.5
4.8
1.0

3114.5
4.8
1.0

3122.0
4.8
1.0

3130.0
4.8
1.0

3140.5
4.8
1.0

