11.25
1.0
1.0

19.5
1.0
1.0

29.25
1.0
1.0

64.5
1.0
1.0

72.75
1.0
1.0

90.0
1.0
1.0

100.5
1.0
1.0

109.5
1.0
1.0

117.0
1.0
1.0

135.0
1.0
1.0

189.0
1.0
1.0

200.25
1.0
1.0

209.25
1.0
1.0

216.75
1.0
1.0

235.5
1.0
1.0

261.75
1.0
1.0

272.25
1.0
1.0

281.25
1.0
1.0

315.75
1.0
1.0

324.75
1.0
1.0

342.0
1.0
1.0

351.75
1.0
1.0

378.75
1.0
1.0

425.25
1.0
1.0

468.0
1.0
1.0

479.25
1.0
1.0

532.5
1.0
1.0

540.0
1.0
1.0

549.0
1.0
1.0

559.5
1.0
1.0

578.25
1.0
1.0

596.25
1.0
1.0

623.25
1.0
1.0

639.75
1.0
1.0

657.75
1.0
1.0

667.5
1.0
1.0

