1037.25
1.0
1.0

1044.75
1.0
1.0

1053.0
1.0
1.0

1098.75
1.0
1.0

1170.0
1.0
1.0

1199.25
1.0
1.0

1225.5
1.0
1.0

1234.5
1.0
1.0

1253.25
1.0
1.0

1279.5
1.0
1.0

1334.25
1.0
1.0

1351.5
1.0
1.0

1386.0
1.0
1.0

1395.75
1.0
1.0

1440.75
1.0
1.0

1478.25
1.0
1.0

1523.25
1.0
1.0

1575.0
1.0
1.0

1586.25
1.0
1.0

1621.5
1.0
1.0

1658.25
1.0
1.0

1692.75
1.0
1.0

1719.75
1.0
1.0

1737.75
1.0
1.0

1748.25
1.0
1.0

1755.75
1.0
1.0

1782.75
1.0
1.0

1791.75
1.0
1.0

2693.25
1.0
1.0

2745.0
1.0
1.0

2754.75
1.0
1.0

2773.5
1.0
1.0

2835.75
1.0
1.0

2844.75
1.0
1.0

2854.5
1.0
1.0

2862.0
1.0
1.0

2890.5
1.0
1.0

2927.25
1.0
1.0

2936.25
1.0
1.0

3034.5
1.0
1.0

3114.0
1.0
1.0

3125.25
1.0
1.0

3132.0
1.0
1.0

3186.75
1.0
1.0

3204.0
1.0
1.0

3276.0
1.0
1.0

3304.5
1.0
1.0

3330.75
1.0
1.0

3359.25
1.0
1.0

3375.0
1.0
1.0

3384.0
1.0
1.0

3413.25
1.0
1.0

3420.75
1.0
1.0

3438.0
1.0
1.0

3467.25
1.0
1.0

3475.5
1.0
1.0

