1239.0
4.8
1.0

1247.5
4.8
1.0

1257.5
4.8
1.0

1267.5
4.8
1.0

1330.0
4.8
1.0

1349.5
4.8
1.0

1366.5
4.8
1.0

1375.5
4.8
1.0

1393.0
4.8
1.0

1410.0
4.8
1.0

1419.0
4.8
1.0

1429.0
4.8
1.0

1492.5
4.8
1.0

1520.0
4.8
1.0

1649.0
4.8
1.0

1658.5
4.8
1.0

1666.5
4.8
1.0

1693.0
4.8
1.0

1784.5
4.8
1.0

1795.5
4.8
1.0

1831.5
4.8
1.0

1911.5
4.8
1.0

1993.0
4.8
1.0

2002.5
4.8
1.0

2021.5
4.8
1.0

2048.5
4.8
1.0

2056.0
4.8
1.0

2075.0
4.8
1.0

2105.5
4.8
1.0

2114.5
4.8
1.0

2142.0
4.8
1.0

2150.5
4.8
1.0

2201.5
4.8
1.0

2238.0
4.8
1.0

2294.5
4.8
1.0

2310.0
4.8
1.0

2374.0
4.8
1.0

2450.0
4.8
1.0

2460.5
4.8
1.0

2479.5
4.8
1.0

2535.0
4.8
1.0

2581.0
4.8
1.0

2591.0
4.8
1.0

2664.0
4.8
1.0

2684.5
4.8
1.0

2751.5
4.8
1.0

2761.5
4.8
1.0

2780.5
4.8
1.0

2798.0
4.8
1.0

2806.0
4.8
1.0

2825.5
4.8
1.0

2844.0
4.8
1.0

2854.5
4.8
1.0

2865.0
4.8
1.0

2883.5
4.8
1.0

2892.0
4.8
1.0

2992.0
4.8
1.0

3021.0
4.8
1.0

3041.5
4.8
1.0

3050.5
4.8
1.0

3059.0
4.8
1.0

3068.0
4.8
1.0

3085.5
4.8
1.0

3141.5
4.8
1.0

