1445.3
1.5
1.0

1490.8
1.5
1.0

1529.8
1.5
1.0

1657.8
1.5
1.0

1667.8
1.5
1.0

1677.8
1.5
1.0

1724.8
1.5
1.0

1791.8
1.5
1.0

1807.3
1.5
1.0

1895.3
1.5
1.0

1951.3
1.5
1.0

1985.3
1.5
1.0

2091.3
1.5
1.0

2150.3
1.5
1.0

2295.3
1.5
1.0

2304.3
1.5
1.0

2340.8
1.5
1.0

2407.3
1.5
1.0

2458.8
1.5
1.0

2526.8
1.5
1.0

2555.3
1.5
1.0

2600.3
1.5
1.0

2663.3
1.5
1.0

2734.3
1.5
1.0

2744.8
1.5
1.0

2820.8
1.5
1.0

2941.3
1.5
1.0

3009.8
1.5
1.0

3078.3
1.5
1.0

3136.8
1.5
1.0

3155.8
1.5
1.0

3252.3
1.5
1.0

