1262.3
1.5
1.0

1355.8
1.5
1.0

1371.8
1.5
1.0

1414.8
1.5
1.0

1425.3
1.5
1.0

1525.8
1.5
1.0

1654.8
1.5
1.0

1697.8
1.5
1.0

1790.3
1.5
1.0

1836.3
1.5
1.0

1916.3
1.5
1.0

2053.8
1.5
1.0

2062.3
1.5
1.0

2110.3
1.5
1.0

2120.8
1.5
1.0

2147.3
1.5
1.0

2207.8
1.5
1.0

2299.8
1.5
1.0

2465.3
1.5
1.0

2587.3
1.5
1.0

2597.3
1.5
1.0

2670.3
1.5
1.0

2756.3
1.5
1.0

2785.8
1.5
1.0

2802.8
1.5
1.0

2830.3
1.5
1.0

2860.3
1.5
1.0

2870.8
1.5
1.0

3026.3
1.5
1.0

3047.8
1.5
1.0

3073.8
1.5
1.0

3146.8
1.5
1.0

