374.8
1.5
1.0

393.8
1.5
1.0

458.3
1.5
1.0

504.8
1.5
1.0

543.3
1.5
1.0

553.3
1.5
1.0

613.3
1.5
1.0

699.8
1.5
1.0

717.3
1.5
1.0

736.3
1.5
1.0

754.8
1.5
1.0

828.8
1.5
1.0

855.3
1.5
1.0

918.3
1.5
1.0

992.8
1.5
1.0

1060.3
1.5
1.0

1129.3
1.5
1.0

1155.3
1.5
1.0

1165.3
1.5
1.0

1173.8
1.5
1.0

1212.3
1.5
1.0

1230.8
1.5
1.0

1239.3
1.5
1.0

1315.3
1.5
1.0

3404.3
1.5
1.0

3423.3
1.5
1.0

3463.3
1.5
1.0

3501.3
1.5
1.0

3519.3
1.5
1.0

3594.3
1.5
1.0

3621.8
1.5
1.0

3699.3
1.5
1.0

3755.3
1.5
1.0

3773.3
1.5
1.0

3791.3
1.5
1.0

3836.8
1.5
1.0

3891.3
1.5
1.0

3909.8
1.5
1.0

3928.3
1.5
1.0

3938.3
1.5
1.0

3986.3
1.5
1.0

3995.8
1.5
1.0

4004.8
1.5
1.0

4083.3
1.5
1.0

4121.3
1.5
1.0

4250.3
1.5
1.0

4258.8
1.5
1.0

4276.3
1.5
1.0

