1359.8
1.5
1.0

1408.3
1.5
1.0

1481.8
1.5
1.0

1565.8
1.5
1.0

1619.3
1.5
1.0

1636.3
1.5
1.0

1780.8
1.5
1.0

1904.3
1.5
1.0

1994.3
1.5
1.0

2014.3
1.5
1.0

2062.3
1.5
1.0

2101.3
1.5
1.0

2121.8
1.5
1.0

2171.8
1.5
1.0

2198.8
1.5
1.0

2314.8
1.5
1.0

2351.8
1.5
1.0

2468.3
1.5
1.0

2488.8
1.5
1.0

2611.8
1.5
1.0

2690.8
1.5
1.0

2699.3
1.5
1.0

2754.8
1.5
1.0

2801.8
1.5
1.0

2836.8
1.5
1.0

2864.8
1.5
1.0

2883.8
1.5
1.0

2912.3
1.5
1.0

3052.3
1.5
1.0

3088.8
1.5
1.0

3145.8
1.5
1.0

3227.3
1.5
1.0

