336.25
2.0
1.0

409.0
2.0
1.0

417.25
2.0
1.0

471.25
2.0
1.0

490.0
2.0
1.0

510.25
2.0
1.0

517.75
2.0
1.0

562.75
2.0
1.0

572.5
2.0
1.0

634.0
2.0
1.0

680.5
2.0
1.0

722.5
2.0
1.0

742.75
2.0
1.0

851.5
2.0
1.0

867.25
2.0
1.0

933.25
2.0
1.0

967.0
2.0
1.0

994.0
2.0
1.0

1848.25
2.0
1.0

1885.75
2.0
1.0

2029.75
2.0
1.0

2047.0
2.0
1.0

2083.0
2.0
1.0

2102.5
2.0
1.0

2147.5
2.0
1.0

2155.0
2.0
1.0

2207.5
2.0
1.0

2245.0
2.0
1.0

2272.0
2.0
1.0

2292.25
2.0
1.0

2307.25
2.0
1.0

2333.5
2.0
1.0

2342.5
2.0
1.0

2479.0
2.0
1.0

2506.0
2.0
1.0

2524.0
2.0
1.0

