1368.3
1.5
1.0

1416.8
1.5
1.0

1510.8
1.5
1.0

1556.3
1.5
1.0

1591.3
1.5
1.0

1686.3
1.5
1.0

1735.8
1.5
1.0

1833.8
1.5
1.0

2004.3
1.5
1.0

2033.8
1.5
1.0

2207.8
1.5
1.0

2224.3
1.5
1.0

2244.8
1.5
1.0

2254.3
1.5
1.0

2274.3
1.5
1.0

2324.8
1.5
1.0

2443.3
1.5
1.0

2451.3
1.5
1.0

2479.3
1.5
1.0

2546.3
1.5
1.0

2646.3
1.5
1.0

2775.8
1.5
1.0

2785.3
1.5
1.0

2829.3
1.5
1.0

2932.8
1.5
1.0

3017.3
1.5
1.0

3033.3
1.5
1.0

3043.3
1.5
1.0

3117.3
1.5
1.0

3190.3
1.5
1.0

3199.3
1.5
1.0

3262.3
1.5
1.0

