1045.5
1.0
1.0

1053.75
1.0
1.0

1064.25
1.0
1.0

1081.5
1.0
1.0

1118.25
1.0
1.0

1127.25
1.0
1.0

1134.0
1.0
1.0

1152.75
1.0
1.0

1180.5
1.0
1.0

1189.5
1.0
1.0

1198.5
1.0
1.0

1215.75
1.0
1.0

1234.5
1.0
1.0

1244.25
1.0
1.0

1279.5
1.0
1.0

1296.75
1.0
1.0

1305.0
1.0
1.0

1324.5
1.0
1.0

1351.5
1.0
1.0

1379.25
1.0
1.0

1386.0
1.0
1.0

1413.75
1.0
1.0

1449.75
1.0
1.0

1494.0
1.0
1.0

1504.5
1.0
1.0

1521.0
1.0
1.0

1530.0
1.0
1.0

1541.25
1.0
1.0

1550.25
1.0
1.0

1566.75
1.0
1.0

1577.25
1.0
1.0

1630.5
1.0
1.0

1648.5
1.0
1.0

1684.5
1.0
1.0

1693.5
1.0
1.0

1703.25
1.0
1.0

1721.25
1.0
1.0

1747.5
1.0
1.0

1755.75
1.0
1.0

1800.0
1.0
1.0

1820.25
1.0
1.0

1838.25
1.0
1.0

1856.25
1.0
1.0

1865.25
1.0
1.0

1872.75
1.0
1.0

1901.25
1.0
1.0

1936.5
1.0
1.0

1944.75
1.0
1.0

1953.0
1.0
1.0

1964.25
1.0
1.0

1998.0
1.0
1.0

2026.5
1.0
1.0

2036.25
1.0
1.0

2052.75
1.0
1.0

2088.75
1.0
1.0

2106.0
1.0
1.0

2124.75
1.0
1.0

2179.5
1.0
1.0

2189.25
1.0
1.0

2214.75
1.0
1.0

2223.0
1.0
1.0

2261.25
1.0
1.0

2269.5
1.0
1.0

2279.25
1.0
1.0

2306.25
1.0
1.0

2313.75
1.0
1.0

2367.75
1.0
1.0

2378.25
1.0
1.0

2385.75
1.0
1.0

2395.5
1.0
1.0

2412.75
1.0
1.0

2448.75
1.0
1.0

2475.75
1.0
1.0

2484.0
1.0
1.0

2540.25
1.0
1.0

2548.5
1.0
1.0

2557.5
1.0
1.0

2567.25
1.0
1.0

2583.0
1.0
1.0

2592.0
1.0
1.0

2603.25
1.0
1.0

2611.5
1.0
1.0

2638.5
1.0
1.0

2664.75
1.0
1.0

