283.5
4.8
1.0

302.0
4.8
1.0

312.0
4.8
1.0

384.5
4.8
1.0

425.5
4.8
1.0

435.5
4.8
1.0

461.0
4.8
1.0

539.0
4.8
1.0

603.5
4.8
1.0

612.5
4.8
1.0

622.5
4.8
1.0

630.0
4.8
1.0

692.0
4.8
1.0

738.0
4.8
1.0

757.5
4.8
1.0

767.0
4.8
1.0

774.5
4.8
1.0

782.0
4.8
1.0

847.0
4.8
1.0

854.5
4.8
1.0

864.0
4.8
1.0

872.5
4.8
1.0

907.5
4.8
1.0

977.5
4.8
1.0

1032.0
4.8
1.0

1040.0
4.8
1.0

1079.0
4.8
1.0

1097.5
4.8
1.0

1134.5
4.8
1.0

1162.5
4.8
1.0

1170.0
4.8
1.0

1196.0
4.8
1.0

2176.0
4.8
1.0

2203.5
4.8
1.0

2233.0
4.8
1.0

2252.0
4.8
1.0

2289.0
4.8
1.0

2304.0
4.8
1.0

2342.0
4.8
1.0

2361.0
4.8
1.0

2388.0
4.8
1.0

2396.0
4.8
1.0

2556.0
4.8
1.0

2583.0
4.8
1.0

2592.5
4.8
1.0

2620.5
4.8
1.0

2666.0
4.8
1.0

2675.5
4.8
1.0

2702.5
4.8
1.0

2713.0
4.8
1.0

2759.0
4.8
1.0

2786.0
4.8
1.0

2796.0
4.8
1.0

2826.5
4.8
1.0

2845.0
4.8
1.0

2855.0
4.8
1.0

2975.5
4.8
1.0

2993.5
4.8
1.0

3023.5
4.8
1.0

3043.5
4.8
1.0

3071.5
4.8
1.0

3080.5
4.8
1.0

3106.0
4.8
1.0

3132.0
4.8
1.0

