225.75
1.0
1.0

253.5
1.0
1.0

262.5
1.0
1.0

280.5
1.0
1.0

288.75
1.0
1.0

298.5
1.0
1.0

335.25
1.0
1.0

343.5
1.0
1.0

407.25
1.0
1.0

443.25
1.0
1.0

460.5
1.0
1.0

495.0
1.0
1.0

576.0
1.0
1.0

586.5
1.0
1.0

622.5
1.0
1.0

639.0
1.0
1.0

676.5
1.0
1.0

684.75
1.0
1.0

693.75
1.0
1.0

729.0
1.0
1.0

738.0
1.0
1.0

837.75
1.0
1.0

900.75
1.0
1.0

909.75
1.0
1.0

945.75
1.0
1.0

954.75
1.0
1.0

1009.5
1.0
1.0

1026.0
1.0
1.0

2691.75
1.0
1.0

2727.0
1.0
1.0

2738.25
1.0
1.0

2855.25
1.0
1.0

2880.0
1.0
1.0

2889.0
1.0
1.0

2907.0
1.0
1.0

2918.25
1.0
1.0

2934.75
1.0
1.0

2943.75
1.0
1.0

2988.75
1.0
1.0

2999.25
1.0
1.0

3007.5
1.0
1.0

3043.5
1.0
1.0

3062.25
1.0
1.0

3078.0
1.0
1.0

3098.25
1.0
1.0

3132.0
1.0
1.0

3159.75
1.0
1.0

3178.5
1.0
1.0

3213.0
1.0
1.0

3240.75
1.0
1.0

3250.5
1.0
1.0

3276.0
1.0
1.0

3294.75
1.0
1.0

3321.0
1.0
1.0

3375.75
1.0
1.0

3413.25
1.0
1.0

