1387.8
1.5
1.0

1437.3
1.5
1.0

1462.8
1.5
1.0

1500.8
1.5
1.0

1530.8
1.5
1.0

1550.8
1.5
1.0

1560.8
1.5
1.0

1581.3
1.5
1.0

1609.3
1.5
1.0

1728.8
1.5
1.0

1796.3
1.5
1.0

1806.3
1.5
1.0

1843.8
1.5
1.0

1852.8
1.5
1.0

1925.3
1.5
1.0

1935.3
1.5
1.0

2011.3
1.5
1.0

2069.8
1.5
1.0

2105.8
1.5
1.0

2151.8
1.5
1.0

2229.8
1.5
1.0

2258.3
1.5
1.0

2305.8
1.5
1.0

2324.3
1.5
1.0

3348.8
1.5
1.0

3367.3
1.5
1.0

3395.8
1.5
1.0

3404.8
1.5
1.0

3414.3
1.5
1.0

3484.8
1.5
1.0

3495.3
1.5
1.0

3566.8
1.5
1.0

3586.8
1.5
1.0

3624.8
1.5
1.0

3692.3
1.5
1.0

3786.8
1.5
1.0

3805.8
1.5
1.0

3872.8
1.5
1.0

3920.3
1.5
1.0

3940.8
1.5
1.0

4005.8
1.5
1.0

4067.3
1.5
1.0

4164.3
1.5
1.0

4174.3
1.5
1.0

4184.3
1.5
1.0

4240.3
1.5
1.0

4251.3
1.5
1.0

4268.8
1.5
1.0

