1377.8
1.5
1.0

1417.8
1.5
1.0

1426.8
1.5
1.0

1444.8
1.5
1.0

1453.3
1.5
1.0

1510.8
1.5
1.0

1570.8
1.5
1.0

1591.8
1.5
1.0

1618.8
1.5
1.0

1636.8
1.5
1.0

1682.3
1.5
1.0

1777.8
1.5
1.0

1834.3
1.5
1.0

1896.3
1.5
1.0

1954.8
1.5
1.0

1964.3
1.5
1.0

1974.3
1.5
1.0

2040.8
1.5
1.0

2114.8
1.5
1.0

2132.3
1.5
1.0

2201.3
1.5
1.0

2218.8
1.5
1.0

2268.3
1.5
1.0

2297.8
1.5
1.0

3322.3
1.5
1.0

3341.8
1.5
1.0

3386.8
1.5
1.0

3432.8
1.5
1.0

3503.3
1.5
1.0

3541.3
1.5
1.0

3576.8
1.5
1.0

3652.3
1.5
1.0

3672.8
1.5
1.0

3721.8
1.5
1.0

3822.8
1.5
1.0

3882.8
1.5
1.0

3902.8
1.5
1.0

3911.3
1.5
1.0

3960.8
1.5
1.0

3997.8
1.5
1.0

4023.8
1.5
1.0

4048.8
1.5
1.0

4085.3
1.5
1.0

4105.3
1.5
1.0

4124.3
1.5
1.0

4144.8
1.5
1.0

4203.3
1.5
1.0

4212.3
1.5
1.0

