279.8
1.5
1.0

352.3
1.5
1.0

381.8
1.5
1.0

449.3
1.5
1.0

515.8
1.5
1.0

561.3
1.5
1.0

653.8
1.5
1.0

661.8
1.5
1.0

679.8
1.5
1.0

808.3
1.5
1.0

952.3
1.5
1.0

973.8
1.5
1.0

1028.3
1.5
1.0

1092.8
1.5
1.0

1122.3
1.5
1.0

1131.3
1.5
1.0

2189.3
1.5
1.0

2357.3
1.5
1.0

2419.8
1.5
1.0

2428.8
1.5
1.0

2506.3
1.5
1.0

2552.8
1.5
1.0

2607.3
1.5
1.0

2699.8
1.5
1.0

2746.8
1.5
1.0

2783.3
1.5
1.0

2869.8
1.5
1.0

2895.3
1.5
1.0

2905.3
1.5
1.0

2914.8
1.5
1.0

2989.8
1.5
1.0

3093.8
1.5
1.0

