439.8
1.5
1.0

458.8
1.5
1.0

496.3
1.5
1.0

533.8
1.5
1.0

580.8
1.5
1.0

715.8
1.5
1.0

760.3
1.5
1.0

840.3
1.5
1.0

892.8
1.5
1.0

963.8
1.5
1.0

980.3
1.5
1.0

1058.8
1.5
1.0

1105.8
1.5
1.0

1182.8
1.5
1.0

1335.8
1.5
1.0

1343.3
1.5
1.0

2344.8
1.5
1.0

2457.8
1.5
1.0

2507.3
1.5
1.0

2588.8
1.5
1.0

2608.8
1.5
1.0

2635.3
1.5
1.0

2663.8
1.5
1.0

2705.3
1.5
1.0

2753.3
1.5
1.0

2852.3
1.5
1.0

2861.8
1.5
1.0

3011.3
1.5
1.0

3103.3
1.5
1.0

3167.3
1.5
1.0

3258.3
1.5
1.0

3285.3
1.5
1.0

