1121.0
1.5
1.0

1145.75
1.5
1.0

1226.0
1.5
1.0

1245.5
1.5
1.0

1364.0
1.5
1.0

1427.0
1.5
1.0

1461.5
1.5
1.0

1469.0
1.5
1.0

1499.0
1.5
1.0

1508.75
1.5
1.0

1517.75
1.5
1.0

1561.25
1.5
1.0

1578.5
1.5
1.0

1643.75
1.5
1.0

1667.0
1.5
1.0

1748.75
1.5
1.0

1813.25
1.5
1.0

1823.0
1.5
1.0

1850.75
1.5
1.0

1894.25
1.5
1.0

1910.0
1.5
1.0

1931.0
1.5
1.0

1985.0
1.5
1.0

2028.5
1.5
1.0

2073.5
1.5
1.0

2119.25
1.5
1.0

2147.0
1.5
1.0

2164.25
1.5
1.0

2200.25
1.5
1.0

2208.5
1.5
1.0

2216.75
1.5
1.0

2243.0
1.5
1.0

2291.75
1.5
1.0

2316.5
1.5
1.0

2378.75
1.5
1.0

2434.25
1.5
1.0

