1239.5
4.8
1.0

1256.0
4.8
1.0

1318.0
4.8
1.0

1337.5
4.8
1.0

1373.0
4.8
1.0

1421.0
4.8
1.0

1430.0
4.8
1.0

1477.5
4.8
1.0

1487.0
4.8
1.0

1505.5
4.8
1.0

1583.0
4.8
1.0

1592.5
4.8
1.0

1612.5
4.8
1.0

1645.5
4.8
1.0

1664.5
4.8
1.0

1672.0
4.8
1.0

1703.0
4.8
1.0

1711.5
4.8
1.0

1750.5
4.8
1.0

1760.5
4.8
1.0

1768.0
4.8
1.0

1779.5
4.8
1.0

1798.5
4.8
1.0

1825.0
4.8
1.0

1854.5
4.8
1.0

1864.5
4.8
1.0

1925.5
4.8
1.0

1944.0
4.8
1.0

1965.5
4.8
1.0

2075.0
4.8
1.0

2093.5
4.8
1.0

2188.5
4.8
1.0

