9.75
1.0
1.0

28.5
1.0
1.0

38.25
1.0
1.0

47.25
1.0
1.0

55.5
1.0
1.0

90.75
1.0
1.0

135.0
1.0
1.0

153.0
1.0
1.0

172.5
1.0
1.0

181.5
1.0
1.0

225.0
1.0
1.0

252.75
1.0
1.0

263.25
1.0
1.0

279.75
1.0
1.0

289.5
1.0
1.0

308.25
1.0
1.0

316.5
1.0
1.0

335.25
1.0
1.0

351.75
1.0
1.0

360.75
1.0
1.0

371.25
1.0
1.0

405.0
1.0
1.0

442.5
1.0
1.0

450.0
1.0
1.0

486.75
1.0
1.0

504.0
1.0
1.0

513.0
1.0
1.0

540.0
1.0
1.0

549.75
1.0
1.0

576.0
1.0
1.0

614.25
1.0
1.0

639.75
1.0
1.0

648.0
1.0
1.0

659.25
1.0
1.0

675.75
1.0
1.0

684.75
1.0
1.0

