2.25
1.0
1.0

11.25
1.0
1.0

37.5
1.0
1.0

45.75
1.0
1.0

72.0
1.0
1.0

117.75
1.0
1.0

126.0
1.0
1.0

144.0
1.0
1.0

162.75
1.0
1.0

171.75
1.0
1.0

189.0
1.0
1.0

209.25
1.0
1.0

226.5
1.0
1.0

234.75
1.0
1.0

270.75
1.0
1.0

288.75
1.0
1.0

306.75
1.0
1.0

333.0
1.0
1.0

344.25
1.0
1.0

369.0
1.0
1.0

398.25
1.0
1.0

432.0
1.0
1.0

450.75
1.0
1.0

469.5
1.0
1.0

504.75
1.0
1.0

513.75
1.0
1.0

532.5
1.0
1.0

549.75
1.0
1.0

558.75
1.0
1.0

567.75
1.0
1.0

586.5
1.0
1.0

614.25
1.0
1.0

630.75
1.0
1.0

648.0
1.0
1.0

675.75
1.0
1.0

702.0
1.0
1.0

