27.75
1.0
1.0

37.5
1.0
1.0

45.0
1.0
1.0

72.0
1.0
1.0

90.0
1.0
1.0

99.75
1.0
1.0

135.0
1.0
1.0

146.25
1.0
1.0

153.75
1.0
1.0

199.5
1.0
1.0

207.0
1.0
1.0

225.0
1.0
1.0

254.25
1.0
1.0

280.5
1.0
1.0

290.25
1.0
1.0

308.25
1.0
1.0

317.25
1.0
1.0

360.0
1.0
1.0

398.25
1.0
1.0

415.5
1.0
1.0

433.5
1.0
1.0

441.0
1.0
1.0

452.25
1.0
1.0

460.5
1.0
1.0

477.75
1.0
1.0

495.75
1.0
1.0

513.75
1.0
1.0

522.75
1.0
1.0

531.75
1.0
1.0

549.0
1.0
1.0

578.25
1.0
1.0

585.0
1.0
1.0

621.0
1.0
1.0

631.5
1.0
1.0

668.25
1.0
1.0

675.0
1.0
1.0

