1070.0
4.8
1.0

1080.0
4.8
1.0

1098.0
4.8
1.0

1116.0
4.8
1.0

1154.0
4.8
1.0

1163.0
4.8
1.0

1206.5
4.8
1.0

1271.5
4.8
1.0

1298.0
4.8
1.0

1326.5
4.8
1.0

1364.0
4.8
1.0

1385.0
4.8
1.0

1415.5
4.8
1.0

1452.5
4.8
1.0

1462.5
4.8
1.0

1480.0
4.8
1.0

1506.0
4.8
1.0

1515.5
4.8
1.0

1569.0
4.8
1.0

1597.0
4.8
1.0

1644.5
4.8
1.0

1691.5
4.8
1.0

1700.0
4.8
1.0

1765.0
4.8
1.0

1830.0
4.8
1.0

1838.0
4.8
1.0

1849.0
4.8
1.0

1897.0
4.8
1.0

1906.0
4.8
1.0

1960.5
4.8
1.0

1968.5
4.8
1.0

1976.5
4.8
1.0

