91.0
4.8
1.0

100.0
4.8
1.0

108.5
4.8
1.0

163.0
4.8
1.0

172.5
4.8
1.0

183.5
4.8
1.0

222.0
4.8
1.0

230.5
4.8
1.0

239.5
4.8
1.0

249.0
4.8
1.0

282.5
4.8
1.0

300.5
4.8
1.0

359.0
4.8
1.0

368.5
4.8
1.0

388.5
4.8
1.0

437.0
4.8
1.0

472.5
4.8
1.0

511.0
4.8
1.0

521.0
4.8
1.0

540.5
4.8
1.0

576.0
4.8
1.0

612.5
4.8
1.0

623.0
4.8
1.0

630.5
4.8
1.0

671.0
4.8
1.0

691.5
4.8
1.0

701.0
4.8
1.0

718.0
4.8
1.0

742.5
4.8
1.0

750.0
4.8
1.0

759.0
4.8
1.0

779.5
4.8
1.0

797.0
4.8
1.0

817.5
4.8
1.0

827.0
4.8
1.0

846.5
4.8
1.0

857.0
4.8
1.0

884.0
4.8
1.0

913.0
4.8
1.0

933.5
4.8
1.0

952.0
4.8
1.0

982.0
4.8
1.0

990.5
4.8
1.0

1007.0
4.8
1.0

1017.5
4.8
1.0

1027.0
4.8
1.0

1037.0
4.8
1.0

1052.0
4.8
1.0

1069.0
4.8
1.0

1078.5
4.8
1.0

1108.0
4.8
1.0

1116.0
4.8
1.0

1124.0
4.8
1.0

1173.5
4.8
1.0

1183.0
4.8
1.0

1220.0
4.8
1.0

1231.5
4.8
1.0

1241.5
4.8
1.0

1251.0
4.8
1.0

1281.0
4.8
1.0

1290.0
4.8
1.0

1316.0
4.8
1.0

1333.5
4.8
1.0

1351.0
4.8
1.0

1378.0
4.8
1.0

1424.5
4.8
1.0

1432.5
4.8
1.0

1441.5
4.8
1.0

1459.5
4.8
1.0

1487.0
4.8
1.0

1527.5
4.8
1.0

1536.5
4.8
1.0

1560.0
4.8
1.0

1589.0
4.8
1.0

1599.5
4.8
1.0

1616.0
4.8
1.0

1625.0
4.8
1.0

1648.0
4.8
1.0

1659.5
4.8
1.0

1668.5
4.8
1.0

1679.5
4.8
1.0

1716.5
4.8
1.0

1726.0
4.8
1.0

1761.5
4.8
1.0

1778.5
4.8
1.0

1821.5
4.8
1.0

1839.5
4.8
1.0

1849.0
4.8
1.0

1869.0
4.8
1.0

1886.5
4.8
1.0

1904.0
4.8
1.0

1951.0
4.8
1.0

1977.5
4.8
1.0

1986.5
4.8
1.0

1994.0
4.8
1.0

2002.0
4.8
1.0

