2068.3
4.8
1.0

2265.3
4.8
1.0

2330.3
4.8
1.0

2381.8
4.8
1.0

2426.3
4.8
1.0

2435.8
4.8
1.0

2479.8
4.8
1.0

2516.8
4.8
1.0

2552.3
4.8
1.0

2661.3
4.8
1.0

2708.3
4.8
1.0

2756.8
4.8
1.0

2776.3
4.8
1.0

2845.8
4.8
1.0

2890.3
4.8
1.0

2952.3
4.8
1.0

3042.3
4.8
1.0

3080.8
4.8
1.0

3159.3
4.8
1.0

3178.8
4.8
1.0

3326.8
4.8
1.0

3346.3
4.8
1.0

3393.8
4.8
1.0

3579.8
4.8
1.0

3697.8
4.8
1.0

3822.8
4.8
1.0

3860.3
4.8
1.0

3879.8
4.8
1.0

3904.8
4.8
1.0

3950.8
4.8
1.0

3959.8
4.8
1.0

3969.3
4.8
1.0

