2049.8
4.8
1.0

2089.3
4.8
1.0

2156.3
4.8
1.0

2165.8
4.8
1.0

2246.3
4.8
1.0

2300.8
4.8
1.0

2341.3
4.8
1.0

2360.8
4.8
1.0

2471.3
4.8
1.0

2498.3
4.8
1.0

2563.3
4.8
1.0

2571.3
4.8
1.0

2605.8
4.8
1.0

2633.3
4.8
1.0

2690.3
4.8
1.0

2816.8
4.8
1.0

3003.3
4.8
1.0

3023.3
4.8
1.0

3063.3
4.8
1.0

3071.8
4.8
1.0

3169.8
4.8
1.0

3231.8
4.8
1.0

3259.8
4.8
1.0

3276.8
4.8
1.0

3385.8
4.8
1.0

3412.8
4.8
1.0

3478.3
4.8
1.0

3598.3
4.8
1.0

3657.3
4.8
1.0

3676.8
4.8
1.0

3726.3
4.8
1.0

3736.8
4.8
1.0

