96.3
4.8
1.0

104.8
4.8
1.0

168.3
4.8
1.0

188.8
4.8
1.0

227.8
4.8
1.0

374.8
4.8
1.0

394.3
4.8
1.0

478.8
4.8
1.0

582.3
4.8
1.0

618.3
4.8
1.0

627.8
4.8
1.0

636.3
4.8
1.0

676.3
4.8
1.0

705.8
4.8
1.0

747.3
4.8
1.0

755.8
4.8
1.0

822.8
4.8
1.0

852.8
4.8
1.0

938.8
4.8
1.0

995.3
4.8
1.0

1013.3
4.8
1.0

1022.8
4.8
1.0

1032.3
4.8
1.0

1057.3
4.8
1.0

1074.8
4.8
1.0

1084.3
4.8
1.0

1120.8
4.8
1.0

1178.8
4.8
1.0

1188.8
4.8
1.0

1226.3
4.8
1.0

1256.8
4.8
1.0

1286.8
4.8
1.0

1338.3
4.8
1.0

1384.3
4.8
1.0

1429.8
4.8
1.0

1492.3
4.8
1.0

1541.3
4.8
1.0

1595.3
4.8
1.0

1605.8
4.8
1.0

1629.8
4.8
1.0

1665.8
4.8
1.0

1674.3
4.8
1.0

1685.3
4.8
1.0

1766.3
4.8
1.0

1909.8
4.8
1.0

1991.8
4.8
1.0

1999.3
4.8
1.0

2007.3
4.8
1.0

