2041.8
4.8
1.0

2059.8
4.8
1.0

2119.3
4.8
1.0

2137.8
4.8
1.0

2208.8
4.8
1.0

2228.3
4.8
1.0

2237.3
4.8
1.0

2320.8
4.8
1.0

2399.8
4.8
1.0

2452.3
4.8
1.0

2597.3
4.8
1.0

2747.8
4.8
1.0

2786.3
4.8
1.0

2925.3
4.8
1.0

2933.8
4.8
1.0

2986.3
4.8
1.0

2995.3
4.8
1.0

3115.8
4.8
1.0

3132.8
4.8
1.0

3239.8
4.8
1.0

3249.3
4.8
1.0

3307.3
4.8
1.0

3365.8
4.8
1.0

3403.8
4.8
1.0

3431.8
4.8
1.0

3499.8
4.8
1.0

3525.3
4.8
1.0

3543.3
4.8
1.0

3716.3
4.8
1.0

3746.3
4.8
1.0

3775.8
4.8
1.0

3803.8
4.8
1.0

