87.3
4.8
1.0

141.8
4.8
1.0

159.8
4.8
1.0

198.3
4.8
1.0

208.3
4.8
1.0

219.8
4.8
1.0

260.8
4.8
1.0

296.8
4.8
1.0

344.8
4.8
1.0

385.3
4.8
1.0

460.8
4.8
1.0

469.3
4.8
1.0

573.8
4.8
1.0

592.3
4.8
1.0

646.8
4.8
1.0

657.8
4.8
1.0

715.3
4.8
1.0

793.3
4.8
1.0

813.8
4.8
1.0

870.8
4.8
1.0

880.8
4.8
1.0

928.3
4.8
1.0

978.8
4.8
1.0

1002.8
4.8
1.0

1094.3
4.8
1.0

1141.3
4.8
1.0

1149.8
4.8
1.0

1158.8
4.8
1.0

1207.8
4.8
1.0

1266.3
4.8
1.0

1276.3
4.8
1.0

1303.8
4.8
1.0

1329.8
4.8
1.0

1394.3
4.8
1.0

1413.8
4.8
1.0

1421.8
4.8
1.0

1473.3
4.8
1.0

1482.3
4.8
1.0

1513.3
4.8
1.0

1557.3
4.8
1.0

1575.3
4.8
1.0

1584.3
4.8
1.0

1704.8
4.8
1.0

1747.3
4.8
1.0

1817.3
4.8
1.0

1864.3
4.8
1.0

1947.8
4.8
1.0

1973.3
4.8
1.0

