2129.8
4.8
1.0

2219.3
4.8
1.0

2283.3
4.8
1.0

2291.3
4.8
1.0

2310.3
4.8
1.0

2350.3
4.8
1.0

2416.8
4.8
1.0

2508.8
4.8
1.0

2526.3
4.8
1.0

2588.3
4.8
1.0

2766.3
4.8
1.0

2806.8
4.8
1.0

2906.8
4.8
1.0

2961.8
4.8
1.0

2969.3
4.8
1.0

2977.8
4.8
1.0

3013.3
4.8
1.0

3107.8
4.8
1.0

3150.3
4.8
1.0

3268.8
4.8
1.0

3296.3
4.8
1.0

3337.8
4.8
1.0

3440.3
4.8
1.0

3461.3
4.8
1.0

3561.3
4.8
1.0

3608.8
4.8
1.0

3618.3
4.8
1.0

3666.3
4.8
1.0

3686.8
4.8
1.0

3812.3
4.8
1.0

3851.3
4.8
1.0

3923.8
4.8
1.0

