123.8
4.8
1.0

133.8
4.8
1.0

269.3
4.8
1.0

316.8
4.8
1.0

325.3
4.8
1.0

334.3
4.8
1.0

404.8
4.8
1.0

413.8
4.8
1.0

423.3
4.8
1.0

451.3
4.8
1.0

488.3
4.8
1.0

498.8
4.8
1.0

507.3
4.8
1.0

556.3
4.8
1.0

564.8
4.8
1.0

609.3
4.8
1.0

686.8
4.8
1.0

731.3
4.8
1.0

774.3
4.8
1.0

899.8
4.8
1.0

908.3
4.8
1.0

948.3
4.8
1.0

968.8
4.8
1.0

1048.8
4.8
1.0

1064.8
4.8
1.0

1168.8
4.8
1.0

1197.3
4.8
1.0

1347.8
4.8
1.0

1367.3
4.8
1.0

1405.3
4.8
1.0

1455.8
4.8
1.0

1502.3
4.8
1.0

1549.8
4.8
1.0

1637.8
4.8
1.0

1645.8
4.8
1.0

1694.8
4.8
1.0

1713.8
4.8
1.0

1756.3
4.8
1.0

1775.3
4.8
1.0

1791.8
4.8
1.0

1800.8
4.8
1.0

1835.3
4.8
1.0

1883.3
4.8
1.0

1918.3
4.8
1.0

1929.3
4.8
1.0

1938.8
4.8
1.0

1965.3
4.8
1.0

2014.8
4.8
1.0

