88.0
4.8
1.0

145.5
4.8
1.0

155.0
4.8
1.0

173.5
4.8
1.0

182.0
4.8
1.0

190.5
4.8
1.0

227.0
4.8
1.0

236.0
4.8
1.0

254.0
4.8
1.0

273.5
4.8
1.0

290.0
4.8
1.0

299.5
4.8
1.0

328.0
4.8
1.0

337.5
4.8
1.0

372.5
4.8
1.0

427.0
4.8
1.0

437.5
4.8
1.0

446.0
4.8
1.0

455.5
4.8
1.0

472.5
4.8
1.0

500.5
4.8
1.0

538.5
4.8
1.0

573.5
4.8
1.0

582.0
4.8
1.0

600.0
4.8
1.0

627.0
4.8
1.0

647.5
4.8
1.0

666.0
4.8
1.0

675.0
4.8
1.0

684.0
4.8
1.0

701.5
4.8
1.0

730.0
4.8
1.0

738.0
4.8
1.0

749.5
4.8
1.0

769.0
4.8
1.0

798.5
4.8
1.0

808.5
4.8
1.0

828.0
4.8
1.0

837.5
4.8
1.0

886.0
4.8
1.0

894.0
4.8
1.0

912.0
4.8
1.0

956.0
4.8
1.0

964.0
4.8
1.0

973.0
4.8
1.0

982.0
4.8
1.0

1029.0
4.8
1.0

1038.5
4.8
1.0

3004.5
4.8
1.0

3032.5
4.8
1.0

3052.5
4.8
1.0

3062.5
4.8
1.0

3090.5
4.8
1.0

3099.5
4.8
1.0

3109.0
4.8
1.0

3128.5
4.8
1.0

3177.5
4.8
1.0

3205.5
4.8
1.0

3233.0
4.8
1.0

3243.0
4.8
1.0

3251.5
4.8
1.0

3306.0
4.8
1.0

3316.0
4.8
1.0

3326.0
4.8
1.0

3345.0
4.8
1.0

3365.0
4.8
1.0

3375.0
4.8
1.0

3384.5
4.8
1.0

3413.5
4.8
1.0

3422.0
4.8
1.0

3449.0
4.8
1.0

3458.5
4.8
1.0

3488.0
4.8
1.0

3508.0
4.8
1.0

3517.5
4.8
1.0

3527.0
4.8
1.0

3542.0
4.8
1.0

3561.0
4.8
1.0

3579.0
4.8
1.0

3627.5
4.8
1.0

3645.0
4.8
1.0

3652.0
4.8
1.0

3661.5
4.8
1.0

3690.5
4.8
1.0

3699.0
4.8
1.0

3745.0
4.8
1.0

3784.0
4.8
1.0

3794.5
4.8
1.0

3814.0
4.8
1.0

3869.0
4.8
1.0

3879.0
4.8
1.0

3888.0
4.8
1.0

3896.0
4.8
1.0

3922.0
4.8
1.0

3940.0
4.8
1.0

3949.0
4.8
1.0

