1065.5
4.8
1.0

1075.0
4.8
1.0

1085.0
4.8
1.0

1113.0
4.8
1.0

1140.0
4.8
1.0

1160.0
4.8
1.0

1185.0
4.8
1.0

1192.0
4.8
1.0

1236.0
4.8
1.0

1244.0
4.8
1.0

1252.0
4.8
1.0

1292.0
4.8
1.0

1322.5
4.8
1.0

1332.5
4.8
1.0

1401.0
4.8
1.0

1421.5
4.8
1.0

1431.0
4.8
1.0

1486.0
4.8
1.0

1505.0
4.8
1.0

1543.0
4.8
1.0

1570.5
4.8
1.0

1597.0
4.8
1.0

1634.5
4.8
1.0

1690.0
4.8
1.0

1717.5
4.8
1.0

1726.0
4.8
1.0

1841.5
4.8
1.0

1850.5
4.8
1.0

1880.5
4.8
1.0

1935.5
4.8
1.0

1945.0
4.8
1.0

2001.5
4.8
1.0

2054.5
4.8
1.0

2136.5
4.8
1.0

2203.0
4.8
1.0

2212.0
4.8
1.0

2220.0
4.8
1.0

2238.0
4.8
1.0

2247.5
4.8
1.0

2303.0
4.8
1.0

2341.0
4.8
1.0

2387.5
4.8
1.0

2404.5
4.8
1.0

2415.0
4.8
1.0

2452.0
4.8
1.0

2460.5
4.8
1.0

2490.5
4.8
1.0

2499.5
4.8
1.0

2516.5
4.8
1.0

2532.0
4.8
1.0

2570.0
4.8
1.0

2599.5
4.8
1.0

2608.5
4.8
1.0

2649.0
4.8
1.0

2696.0
4.8
1.0

2704.5
4.8
1.0

2824.5
4.8
1.0

2843.5
4.8
1.0

2863.5
4.8
1.0

2926.0
4.8
1.0

2935.0
4.8
1.0

2942.0
4.8
1.0

2950.5
4.8
1.0

2968.0
4.8
1.0

