1126.8
4.8
1.0

1206.8
4.8
1.0

1225.8
4.8
1.0

1268.8
4.8
1.0

1278.3
4.8
1.0

1376.8
4.8
1.0

1456.3
4.8
1.0

1482.3
4.8
1.0

1610.8
4.8
1.0

1668.3
4.8
1.0

1750.3
4.8
1.0

1760.3
4.8
1.0

1771.8
4.8
1.0

1816.3
4.8
1.0

1920.3
4.8
1.0

1978.8
4.8
1.0

2122.3
4.8
1.0

2162.3
4.8
1.0

2181.8
4.8
1.0

2190.8
4.8
1.0

2234.8
4.8
1.0

2326.3
4.8
1.0

2567.3
4.8
1.0

2584.3
4.8
1.0

2595.3
4.8
1.0

2663.8
4.8
1.0

2692.3
4.8
1.0

2755.8
4.8
1.0

2783.8
4.8
1.0

2801.3
4.8
1.0

2915.3
4.8
1.0

2923.8
4.8
1.0

