85.3
4.8
1.0

168.8
4.8
1.0

214.3
4.8
1.0

223.8
4.8
1.0

268.8
4.8
1.0

314.8
4.8
1.0

353.8
4.8
1.0

361.8
4.8
1.0

369.8
4.8
1.0

413.8
4.8
1.0

516.8
4.8
1.0

560.8
4.8
1.0

569.3
4.8
1.0

613.3
4.8
1.0

643.3
4.8
1.0

716.8
4.8
1.0

727.3
4.8
1.0

764.3
4.8
1.0

824.3
4.8
1.0

882.8
4.8
1.0

945.3
4.8
1.0

995.3
4.8
1.0

1004.3
4.8
1.0

1024.8
4.8
1.0

3001.8
4.8
1.0

3018.8
4.8
1.0

3028.8
4.8
1.0

3077.8
4.8
1.0

3143.3
4.8
1.0

3162.8
4.8
1.0

3200.8
4.8
1.0

3228.8
4.8
1.0

3409.8
4.8
1.0

3445.8
4.8
1.0

3484.8
4.8
1.0

3556.8
4.8
1.0

3574.8
4.8
1.0

3604.3
4.8
1.0

3713.8
4.8
1.0

3741.8
4.8
1.0

3760.8
4.8
1.0

3810.3
4.8
1.0

3828.3
4.8
1.0

3836.8
4.8
1.0

3865.3
4.8
1.0

3909.3
4.8
1.0

3918.3
4.8
1.0

3965.3
4.8
1.0

