1099.3
4.8
1.0

1214.8
4.8
1.0

1288.3
4.8
1.0

1349.8
4.8
1.0

1357.8
4.8
1.0

1416.8
4.8
1.0

1447.3
4.8
1.0

1473.3
4.8
1.0

1582.8
4.8
1.0

1630.3
4.8
1.0

1649.8
4.8
1.0

1686.3
4.8
1.0

1740.8
4.8
1.0

1901.3
4.8
1.0

1930.3
4.8
1.0

1989.8
4.8
1.0

2033.3
4.8
1.0

2043.3
4.8
1.0

2085.3
4.8
1.0

2095.3
4.8
1.0

2152.8
4.8
1.0

2261.3
4.8
1.0

2289.3
4.8
1.0

2317.3
4.8
1.0

2401.3
4.8
1.0

2476.3
4.8
1.0

2512.8
4.8
1.0

2673.3
4.8
1.0

2736.8
4.8
1.0

2746.3
4.8
1.0

2765.8
4.8
1.0

2990.8
4.8
1.0

