315.75
1.0
1.0

324.0
1.0
1.0

333.75
1.0
1.0

342.0
1.0
1.0

380.25
1.0
1.0

406.5
1.0
1.0

414.0
1.0
1.0

468.0
1.0
1.0

477.75
1.0
1.0

488.25
1.0
1.0

495.75
1.0
1.0

522.75
1.0
1.0

542.25
1.0
1.0

559.5
1.0
1.0

567.75
1.0
1.0

612.0
1.0
1.0

693.75
1.0
1.0

730.5
1.0
1.0

756.0
1.0
1.0

785.25
1.0
1.0

793.5
1.0
1.0

819.75
1.0
1.0

875.25
1.0
1.0

964.5
1.0
1.0

1000.5
1.0
1.0

1035.75
1.0
1.0

1071.75
1.0
1.0

1082.25
1.0
1.0

2538.0
1.0
1.0

2558.25
1.0
1.0

2621.25
1.0
1.0

2628.0
1.0
1.0

2646.0
1.0
1.0

2666.25
1.0
1.0

2684.25
1.0
1.0

2774.25
1.0
1.0

2808.0
1.0
1.0

2818.5
1.0
1.0

2844.0
1.0
1.0

2864.25
1.0
1.0

2926.5
1.0
1.0

2988.75
1.0
1.0

2997.0
1.0
1.0

3024.0
1.0
1.0

3071.25
1.0
1.0

3087.0
1.0
1.0

3116.25
1.0
1.0

3123.75
1.0
1.0

3177.0
1.0
1.0

3197.25
1.0
1.0

3222.75
1.0
1.0

3259.5
1.0
1.0

3277.5
1.0
1.0

3285.0
1.0
1.0

3314.25
1.0
1.0

3348.75
1.0
1.0

