1116.0
1.0
1.0

1127.25
1.0
1.0

1143.0
1.0
1.0

1180.5
1.0
1.0

1188.75
1.0
1.0

1198.5
1.0
1.0

1208.25
1.0
1.0

1243.5
1.0
1.0

1262.25
1.0
1.0

1269.0
1.0
1.0

1278.75
1.0
1.0

1323.0
1.0
1.0

1370.25
1.0
1.0

1395.75
1.0
1.0

1406.25
1.0
1.0

1414.5
1.0
1.0

1476.0
1.0
1.0

1521.0
1.0
1.0

1539.0
1.0
1.0

1568.25
1.0
1.0

1577.25
1.0
1.0

1602.75
1.0
1.0

1620.0
1.0
1.0

1629.0
1.0
1.0

1640.25
1.0
1.0

1656.0
1.0
1.0

1665.75
1.0
1.0

1674.0
1.0
1.0

1710.75
1.0
1.0

1729.5
1.0
1.0

1746.0
1.0
1.0

1755.75
1.0
1.0

1765.5
1.0
1.0

1774.5
1.0
1.0

1800.75
1.0
1.0

1809.75
1.0
1.0

1827.75
1.0
1.0

1836.0
1.0
1.0

1845.0
1.0
1.0

1856.25
1.0
1.0

1863.0
1.0
1.0

1899.0
1.0
1.0

1909.5
1.0
1.0

1927.5
1.0
1.0

1936.5
1.0
1.0

1953.0
1.0
1.0

1971.75
1.0
1.0

2026.5
1.0
1.0

2034.0
1.0
1.0

2045.25
1.0
1.0

2072.25
1.0
1.0

2117.25
1.0
1.0

2142.75
1.0
1.0

2187.75
1.0
1.0

2196.0
1.0
1.0

2206.5
1.0
1.0

2233.5
1.0
1.0

2242.5
1.0
1.0

2250.0
1.0
1.0

2277.75
1.0
1.0

2295.75
1.0
1.0

2315.25
1.0
1.0

2333.25
1.0
1.0

2369.25
1.0
1.0

2412.75
1.0
1.0

2421.75
1.0
1.0

2432.25
1.0
1.0

2448.0
1.0
1.0

2458.5
1.0
1.0

2485.5
1.0
1.0

2511.75
1.0
1.0

2529.75
1.0
1.0

