290.25
1.0
1.0

351.0
1.0
1.0

432.75
1.0
1.0

459.75
1.0
1.0

505.5
1.0
1.0

522.75
1.0
1.0

531.0
1.0
1.0

540.0
1.0
1.0

549.0
1.0
1.0

587.25
1.0
1.0

603.0
1.0
1.0

622.5
1.0
1.0

685.5
1.0
1.0

703.5
1.0
1.0

721.5
1.0
1.0

729.75
1.0
1.0

758.25
1.0
1.0

775.5
1.0
1.0

785.25
1.0
1.0

802.5
1.0
1.0

864.0
1.0
1.0

936.0
1.0
1.0

955.5
1.0
1.0

1000.5
1.0
1.0

1009.5
1.0
1.0

1044.75
1.0
1.0

1072.5
1.0
1.0

1107.0
1.0
1.0

2592.75
1.0
1.0

2603.25
1.0
1.0

2619.75
1.0
1.0

2647.5
1.0
1.0

2673.0
1.0
1.0

2701.5
1.0
1.0

2709.0
1.0
1.0

2754.0
1.0
1.0

2810.25
1.0
1.0

2817.75
1.0
1.0

2836.5
1.0
1.0

2844.0
1.0
1.0

2862.0
1.0
1.0

2871.0
1.0
1.0

2916.0
1.0
1.0

2925.0
1.0
1.0

2954.25
1.0
1.0

2971.5
1.0
1.0

2981.25
1.0
1.0

2988.0
1.0
1.0

3034.5
1.0
1.0

3053.25
1.0
1.0

3159.0
1.0
1.0

3177.0
1.0
1.0

3197.25
1.0
1.0

3231.75
1.0
1.0

3259.5
1.0
1.0

3321.75
1.0
1.0

