1138.0
2.0
1.0

1220.5
2.0
1.0

1282.0
2.0
1.0

1308.25
2.0
1.0

1324.75
2.0
1.0

1338.25
2.0
1.0

1343.5
2.0
1.0

1352.5
2.0
1.0

1389.25
2.0
1.0

1435.0
2.0
1.0

1444.0
2.0
1.0

1453.75
2.0
1.0

1498.75
2.0
1.0

1579.0
2.0
1.0

1649.5
2.0
1.0

1687.0
2.0
1.0

1740.25
2.0
1.0

1768.75
2.0
1.0

1930.0
2.0
1.0

1992.25
2.0
1.0

2000.5
2.0
1.0

2065.0
2.0
1.0

2110.75
2.0
1.0

2119.75
2.0
1.0

2139.25
2.0
1.0

2145.25
2.0
1.0

2172.25
2.0
1.0

2254.0
2.0
1.0

2318.5
2.0
1.0

2325.25
2.0
1.0

2377.75
2.0
1.0

2407.0
2.0
1.0

2418.25
2.0
1.0

2440.75
2.0
1.0

2452.0
2.0
1.0

2506.0
2.0
1.0

