1137.25
2.0
1.0

1156.75
2.0
1.0

1171.75
2.0
1.0

1253.5
2.0
1.0

1299.25
2.0
1.0

1307.5
2.0
1.0

1363.75
2.0
1.0

1390.0
2.0
1.0

1444.75
2.0
1.0

1489.0
2.0
1.0

1497.25
2.0
1.0

1532.5
2.0
1.0

1558.75
2.0
1.0

1589.5
2.0
1.0

1597.0
2.0
1.0

1724.5
2.0
1.0

1740.25
2.0
1.0

1822.75
2.0
1.0

1875.25
2.0
1.0

1896.25
2.0
1.0

1946.5
2.0
1.0

1982.5
2.0
1.0

2003.5
2.0
1.0

2011.0
2.0
1.0

2022.25
2.0
1.0

2101.0
2.0
1.0

2128.0
2.0
1.0

2137.0
2.0
1.0

2341.75
2.0
1.0

2352.25
2.0
1.0

2362.0
2.0
1.0

2379.25
2.0
1.0

2389.0
2.0
1.0

2398.75
2.0
1.0

2479.0
2.0
1.0

2504.5
2.0
1.0

