1216.0
4.8
1.0

1224.0
4.8
1.0

1259.5
4.8
1.0

1269.5
4.8
1.0

1279.0
4.8
1.0

1307.0
4.8
1.0

1327.0
4.8
1.0

1415.0
4.8
1.0

1423.5
4.8
1.0

1432.0
4.8
1.0

1485.5
4.8
1.0

1558.0
4.8
1.0

1627.0
4.8
1.0

1636.5
4.8
1.0

1655.5
4.8
1.0

1665.0
4.8
1.0

1682.0
4.8
1.0

1730.5
4.8
1.0

1748.5
4.8
1.0

1769.5
4.8
1.0

1804.5
4.8
1.0

1870.0
4.8
1.0

1878.5
4.8
1.0

1950.0
4.8
1.0

1959.5
4.8
1.0

1979.0
4.8
1.0

1989.0
4.8
1.0

2040.0
4.8
1.0

2067.0
4.8
1.0

2096.0
4.8
1.0

2140.5
4.8
1.0

2156.0
4.8
1.0

