1868.25
1.0
1.0

1877.25
1.0
1.0

1893.75
1.0
1.0

1911.0
1.0
1.0

1920.0
1.0
1.0

1929.75
1.0
1.0

1940.25
1.0
1.0

1985.25
1.0
1.0

1992.75
1.0
1.0

2010.75
1.0
1.0

2019.75
1.0
1.0

2037.75
1.0
1.0

2046.0
1.0
1.0

2056.5
1.0
1.0

2073.75
1.0
1.0

2082.75
1.0
1.0

2136.75
1.0
1.0

2183.25
1.0
1.0

2190.75
1.0
1.0

2227.5
1.0
1.0

2235.75
1.0
1.0

2244.0
1.0
1.0

2289.75
1.0
1.0

2316.0
1.0
1.0

2334.75
1.0
1.0

2344.5
1.0
1.0

2352.75
1.0
1.0

2406.75
1.0
1.0

2416.5
1.0
1.0

2425.5
1.0
1.0

2478.0
1.0
1.0

2489.25
1.0
1.0

2497.5
1.0
1.0

2505.75
1.0
1.0

2550.0
1.0
1.0

2568.75
1.0
1.0

2579.25
1.0
1.0

2595.75
1.0
1.0

2605.5
1.0
1.0

2642.25
1.0
1.0

2649.0
1.0
1.0

2659.5
1.0
1.0

2686.5
1.0
1.0

2694.0
1.0
1.0

2703.0
1.0
1.0

2730.75
1.0
1.0

2748.0
1.0
1.0

2767.5
1.0
1.0

2775.75
1.0
1.0

2786.25
1.0
1.0

2811.0
1.0
1.0

2839.5
1.0
1.0

2856.0
1.0
1.0

2874.75
1.0
1.0

2894.25
1.0
1.0

2901.0
1.0
1.0

2939.25
1.0
1.0

2947.5
1.0
1.0

2982.75
1.0
1.0

2992.5
1.0
1.0

3027.75
1.0
1.0

3046.5
1.0
1.0

3055.5
1.0
1.0

3072.75
1.0
1.0

3099.75
1.0
1.0

3117.0
1.0
1.0

3135.0
1.0
1.0

3153.0
1.0
1.0

3189.75
1.0
1.0

3225.75
1.0
1.0

3243.75
1.0
1.0

3263.25
1.0
1.0

3280.5
1.0
1.0

3317.25
1.0
1.0

3342.75
1.0
1.0

3360.0
1.0
1.0

3369.75
1.0
1.0

3407.25
1.0
1.0

3414.0
1.0
1.0

3425.25
1.0
1.0

3432.75
1.0
1.0

3459.0
1.0
1.0

3477.75
1.0
1.0

3486.75
1.0
1.0

