421.3
1.5
1.0

474.3
1.5
1.0

587.8
1.5
1.0

648.8
1.5
1.0

817.3
1.5
1.0

827.3
1.5
1.0

898.8
1.5
1.0

970.8
1.5
1.0

980.3
1.5
1.0

1151.8
1.5
1.0

1161.3
1.5
1.0

1193.8
1.5
1.0

1227.8
1.5
1.0

1237.3
1.5
1.0

1296.3
1.5
1.0

1306.8
1.5
1.0

1346.8
1.5
1.0

1482.8
1.5
1.0

1530.3
1.5
1.0

1614.3
1.5
1.0

1673.8
1.5
1.0

1722.3
1.5
1.0

1733.3
1.5
1.0

1750.8
1.5
1.0

1874.3
1.5
1.0

1893.8
1.5
1.0

2039.3
1.5
1.0

2112.3
1.5
1.0

2158.3
1.5
1.0

2168.3
1.5
1.0

2236.3
1.5
1.0

2320.8
1.5
1.0

