439.3
1.5
1.0

494.8
1.5
1.0

521.8
1.5
1.0

530.3
1.5
1.0

613.3
1.5
1.0

631.3
1.5
1.0

760.8
1.5
1.0

798.8
1.5
1.0

871.8
1.5
1.0

1040.8
1.5
1.0

1069.3
1.5
1.0

1087.3
1.5
1.0

1094.8
1.5
1.0

1104.3
1.5
1.0

1202.3
1.5
1.0

1286.3
1.5
1.0

1421.3
1.5
1.0

1436.8
1.5
1.0

1455.3
1.5
1.0

1559.3
1.5
1.0

1665.3
1.5
1.0

1798.8
1.5
1.0

1835.8
1.5
1.0

1965.8
1.5
1.0

1994.3
1.5
1.0

2066.3
1.5
1.0

2084.8
1.5
1.0

2139.8
1.5
1.0

2148.8
1.5
1.0

2206.3
1.5
1.0

2245.3
1.5
1.0

2255.3
1.5
1.0

