248.8
1.5
1.0

288.8
1.5
1.0

354.8
1.5
1.0

399.3
1.5
1.0

409.3
1.5
1.0

464.3
1.5
1.0

491.3
1.5
1.0

557.3
1.5
1.0

771.3
1.5
1.0

847.8
1.5
1.0

870.8
1.5
1.0

964.3
1.5
1.0

1071.8
1.5
1.0

1080.3
1.5
1.0

1151.8
1.5
1.0

1160.3
1.5
1.0

1253.3
1.5
1.0

1289.3
1.5
1.0

1307.8
1.5
1.0

1360.8
1.5
1.0

1369.3
1.5
1.0

1726.3
1.5
1.0

1794.8
1.5
1.0

1921.8
1.5
1.0

1941.8
1.5
1.0

1998.3
1.5
1.0

2008.8
1.5
1.0

2061.8
1.5
1.0

2070.3
1.5
1.0

2118.8
1.5
1.0

2156.8
1.5
1.0

2184.8
1.5
1.0

