2001.8
1.5
1.0

2034.3
1.5
1.0

2044.3
1.5
1.0

2163.8
1.5
1.0

2189.8
1.5
1.0

2233.3
1.5
1.0

2242.3
1.5
1.0

2269.8
1.5
1.0

2287.3
1.5
1.0

2297.3
1.5
1.0

2313.3
1.5
1.0

2322.8
1.5
1.0

2415.3
1.5
1.0

2448.3
1.5
1.0

2491.3
1.5
1.0

2569.8
1.5
1.0

2627.3
1.5
1.0

2645.8
1.5
1.0

2684.3
1.5
1.0

2751.3
1.5
1.0

2807.3
1.5
1.0

2842.3
1.5
1.0

2889.8
1.5
1.0

2916.8
1.5
1.0

3049.8
1.5
1.0

3127.3
1.5
1.0

3156.3
1.5
1.0

3204.8
1.5
1.0

3240.8
1.5
1.0

3270.8
1.5
1.0

3278.8
1.5
1.0

3305.8
1.5
1.0

3325.3
1.5
1.0

3397.8
1.5
1.0

3422.8
1.5
1.0

3542.3
1.5
1.0

3563.3
1.5
1.0

3591.8
1.5
1.0

3638.3
1.5
1.0

3658.8
1.5
1.0

3668.8
1.5
1.0

3696.3
1.5
1.0

3725.3
1.5
1.0

3734.8
1.5
1.0

3754.3
1.5
1.0

3860.3
1.5
1.0

3897.3
1.5
1.0

3915.3
1.5
1.0

