10.5
1.0
1.0

29.25
1.0
1.0

81.75
1.0
1.0

100.5
1.0
1.0

108.0
1.0
1.0

126.75
1.0
1.0

135.0
1.0
1.0

162.0
1.0
1.0

173.25
1.0
1.0

198.75
1.0
1.0

207.75
1.0
1.0

254.25
1.0
1.0

263.25
1.0
1.0

289.5
1.0
1.0

307.5
1.0
1.0

317.25
1.0
1.0

325.5
1.0
1.0

334.5
1.0
1.0

370.5
1.0
1.0

416.25
1.0
1.0

441.0
1.0
1.0

450.75
1.0
1.0

479.25
1.0
1.0

504.0
1.0
1.0

531.0
1.0
1.0

541.5
1.0
1.0

551.25
1.0
1.0

605.25
1.0
1.0

613.5
1.0
1.0

622.5
1.0
1.0

631.5
1.0
1.0

649.5
1.0
1.0

658.5
1.0
1.0

685.5
1.0
1.0

693.0
1.0
1.0

702.75
1.0
1.0

