1.5
1.0
1.0

20.25
1.0
1.0

37.5
1.0
1.0

64.5
1.0
1.0

82.5
1.0
1.0

99.75
1.0
1.0

110.25
1.0
1.0

155.25
1.0
1.0

173.25
1.0
1.0

198.75
1.0
1.0

244.5
1.0
1.0

262.5
1.0
1.0

271.5
1.0
1.0

279.75
1.0
1.0

315.75
1.0
1.0

342.75
1.0
1.0

398.25
1.0
1.0

414.75
1.0
1.0

468.75
1.0
1.0

488.25
1.0
1.0

504.0
1.0
1.0

523.5
1.0
1.0

531.0
1.0
1.0

549.75
1.0
1.0

560.25
1.0
1.0

567.0
1.0
1.0

577.5
1.0
1.0

595.5
1.0
1.0

605.25
1.0
1.0

622.5
1.0
1.0

630.75
1.0
1.0

639.75
1.0
1.0

650.25
1.0
1.0

668.25
1.0
1.0

684.75
1.0
1.0

694.5
1.0
1.0

