11.25
1.0
1.0

54.75
1.0
1.0

63.0
1.0
1.0

91.5
1.0
1.0

99.0
1.0
1.0

108.0
1.0
1.0

117.0
1.0
1.0

144.0
1.0
1.0

155.25
1.0
1.0

191.25
1.0
1.0

199.5
1.0
1.0

208.5
1.0
1.0

216.75
1.0
1.0

234.0
1.0
1.0

281.25
1.0
1.0

299.25
1.0
1.0

307.5
1.0
1.0

361.5
1.0
1.0

369.75
1.0
1.0

405.0
1.0
1.0

414.75
1.0
1.0

424.5
1.0
1.0

441.75
1.0
1.0

460.5
1.0
1.0

468.75
1.0
1.0

504.0
1.0
1.0

550.5
1.0
1.0

560.25
1.0
1.0

567.0
1.0
1.0

622.5
1.0
1.0

632.25
1.0
1.0

641.25
1.0
1.0

649.5
1.0
1.0

667.5
1.0
1.0

693.75
1.0
1.0

702.75
1.0
1.0

