1.5
1.0
1.0

20.25
1.0
1.0

28.5
1.0
1.0

36.75
1.0
1.0

45.75
1.0
1.0

82.5
1.0
1.0

127.5
1.0
1.0

135.0
1.0
1.0

162.75
1.0
1.0

172.5
1.0
1.0

226.5
1.0
1.0

243.75
1.0
1.0

261.0
1.0
1.0

271.5
1.0
1.0

288.0
1.0
1.0

324.75
1.0
1.0

335.25
1.0
1.0

342.75
1.0
1.0

351.75
1.0
1.0

380.25
1.0
1.0

389.25
1.0
1.0

432.0
1.0
1.0

450.0
1.0
1.0

479.25
1.0
1.0

488.25
1.0
1.0

513.0
1.0
1.0

523.5
1.0
1.0

532.5
1.0
1.0

540.0
1.0
1.0

578.25
1.0
1.0

585.0
1.0
1.0

594.75
1.0
1.0

613.5
1.0
1.0

657.0
1.0
1.0

676.5
1.0
1.0

686.25
1.0
1.0

