3010.0
4.8
1.0

3055.0
4.8
1.0

3065.0
4.8
1.0

3102.5
4.8
1.0

3130.0
4.8
1.0

3151.0
4.8
1.0

3158.0
4.8
1.0

3273.5
4.8
1.0

3293.5
4.8
1.0

3302.5
4.8
1.0

3321.0
4.8
1.0

3348.5
4.8
1.0

3357.5
4.8
1.0

3374.5
4.8
1.0

3436.0
4.8
1.0

3455.5
4.8
1.0

3472.0
4.8
1.0

3524.5
4.8
1.0

3532.0
4.8
1.0

3552.5
4.8
1.0

3570.0
4.8
1.0

3597.5
4.8
1.0

3652.0
4.8
1.0

3661.0
4.8
1.0

3709.0
4.8
1.0

3719.0
4.8
1.0

3729.0
4.8
1.0

3757.5
4.8
1.0

3806.5
4.8
1.0

3832.0
4.8
1.0

3879.0
4.8
1.0

3938.0
4.8
1.0

