1008.0
1.0
1.0

1044.75
1.0
1.0

1072.5
1.0
1.0

1089.0
1.0
1.0

1117.5
1.0
1.0

1136.25
1.0
1.0

1162.5
1.0
1.0

1179.0
1.0
1.0

1190.25
1.0
1.0

1235.25
1.0
1.0

1251.0
1.0
1.0

1305.0
1.0
1.0

1332.75
1.0
1.0

1342.5
1.0
1.0

1351.5
1.0
1.0

1369.5
1.0
1.0

1404.75
1.0
1.0

1460.25
1.0
1.0

1521.0
1.0
1.0

1550.25
1.0
1.0

1568.25
1.0
1.0

1577.25
1.0
1.0

1602.75
1.0
1.0

1665.0
1.0
1.0

1746.75
1.0
1.0

1755.75
1.0
1.0

1791.75
1.0
1.0

1801.5
1.0
1.0

1827.75
1.0
1.0

1847.25
1.0
1.0

1908.0
1.0
1.0

1944.0
1.0
1.0

1990.5
1.0
1.0

2000.25
1.0
1.0

2116.5
1.0
1.0

2143.5
1.0
1.0

2152.5
1.0
1.0

2160.75
1.0
1.0

2189.25
1.0
1.0

2214.0
1.0
1.0

2234.25
1.0
1.0

2277.0
1.0
1.0

2304.75
1.0
1.0

2322.0
1.0
1.0

2331.75
1.0
1.0

2340.75
1.0
1.0

2358.75
1.0
1.0

2385.0
1.0
1.0

2414.25
1.0
1.0

2421.0
1.0
1.0

2430.0
1.0
1.0

2494.5
1.0
1.0

2540.25
1.0
1.0

2549.25
1.0
1.0

2558.25
1.0
1.0

2565.75
1.0
1.0

