288.75
1.0
1.0

298.5
1.0
1.0

324.75
1.0
1.0

333.75
1.0
1.0

369.75
1.0
1.0

378.0
1.0
1.0

396.75
1.0
1.0

451.5
1.0
1.0

459.75
1.0
1.0

486.75
1.0
1.0

515.25
1.0
1.0

540.75
1.0
1.0

576.75
1.0
1.0

585.75
1.0
1.0

630.75
1.0
1.0

640.5
1.0
1.0

657.0
1.0
1.0

685.5
1.0
1.0

693.0
1.0
1.0

722.25
1.0
1.0

729.75
1.0
1.0

738.0
1.0
1.0

749.25
1.0
1.0

792.0
1.0
1.0

810.0
1.0
1.0

828.0
1.0
1.0

846.0
1.0
1.0

855.0
1.0
1.0

864.75
1.0
1.0

882.0
1.0
1.0

891.75
1.0
1.0

927.0
1.0
1.0

936.75
1.0
1.0

972.0
1.0
1.0

982.5
1.0
1.0

990.0
1.0
1.0

2673.0
1.0
1.0

2684.25
1.0
1.0

2709.75
1.0
1.0

2736.75
1.0
1.0

2745.75
1.0
1.0

2755.5
1.0
1.0

2763.0
1.0
1.0

2792.25
1.0
1.0

2799.75
1.0
1.0

2817.0
1.0
1.0

2827.5
1.0
1.0

2854.5
1.0
1.0

2891.25
1.0
1.0

2916.0
1.0
1.0

2927.25
1.0
1.0

2961.75
1.0
1.0

2971.5
1.0
1.0

2979.75
1.0
1.0

2988.75
1.0
1.0

3044.25
1.0
1.0

3062.25
1.0
1.0

3070.5
1.0
1.0

3115.5
1.0
1.0

3141.0
1.0
1.0

3150.75
1.0
1.0

3169.5
1.0
1.0

3178.5
1.0
1.0

3186.75
1.0
1.0

3232.5
1.0
1.0

3251.25
1.0
1.0

3259.5
1.0
1.0

3267.0
1.0
1.0

3287.25
1.0
1.0

3296.25
1.0
1.0

3340.5
1.0
1.0

3357.75
1.0
1.0

