293.5
2.0
1.0

310.0
2.0
1.0

365.5
2.0
1.0

418.0
2.0
1.0

498.25
2.0
1.0

562.75
2.0
1.0

604.75
2.0
1.0

625.0
2.0
1.0

714.25
2.0
1.0

759.25
2.0
1.0

843.25
2.0
1.0

857.5
2.0
1.0

869.5
2.0
1.0

924.25
2.0
1.0

931.0
2.0
1.0

939.25
2.0
1.0

957.25
2.0
1.0

994.0
2.0
1.0

2668.0
2.0
1.0

2685.25
2.0
1.0

2795.5
2.0
1.0

2866.0
2.0
1.0

2927.5
2.0
1.0

2962.75
2.0
1.0

2976.25
2.0
1.0

3009.25
2.0
1.0

3019.75
2.0
1.0

3028.0
2.0
1.0

3073.0
2.0
1.0

3099.25
2.0
1.0

3117.25
2.0
1.0

3126.25
2.0
1.0

3209.5
2.0
1.0

3245.5
2.0
1.0

3308.5
2.0
1.0

3331.75
2.0
1.0

