310.25
1.5
1.0

390.5
1.5
1.0

416.75
1.5
1.0

436.25
1.5
1.0

446.75
1.5
1.0

472.25
1.5
1.0

483.5
1.5
1.0

534.5
1.5
1.0

598.25
1.5
1.0

609.5
1.5
1.0

627.5
1.5
1.0

677.0
1.5
1.0

760.25
1.5
1.0

770.0
1.5
1.0

777.5
1.5
1.0

824.75
1.5
1.0

923.0
1.5
1.0

949.25
1.5
1.0

2723.75
1.5
1.0

2774.75
1.5
1.0

2786.0
1.5
1.0

2848.25
1.5
1.0

2865.5
1.5
1.0

2885.0
1.5
1.0

2910.5
1.5
1.0

2954.0
1.5
1.0

3009.5
1.5
1.0

3037.25
1.5
1.0

3080.0
1.5
1.0

3092.0
1.5
1.0

3136.25
1.5
1.0

3225.5
1.5
1.0

3278.0
1.5
1.0

3317.75
1.5
1.0

3334.25
1.5
1.0

3350.75
1.5
1.0

