291.25
2.0
1.0

299.5
2.0
1.0

307.75
2.0
1.0

401.5
2.0
1.0

436.75
2.0
1.0

443.5
2.0
1.0

482.5
2.0
1.0

525.25
2.0
1.0

580.75
2.0
1.0

587.5
2.0
1.0

615.25
2.0
1.0

653.5
2.0
1.0

687.25
2.0
1.0

759.25
2.0
1.0

769.0
2.0
1.0

823.0
2.0
1.0

842.5
2.0
1.0

932.5
2.0
1.0

2659.75
2.0
1.0

2679.25
2.0
1.0

2695.0
2.0
1.0

2702.5
2.0
1.0

2749.0
2.0
1.0

2804.5
2.0
1.0

2832.25
2.0
1.0

2920.75
2.0
1.0

2930.5
2.0
1.0

2939.5
2.0
1.0

2946.25
2.0
1.0

3027.25
2.0
1.0

3046.0
2.0
1.0

3054.25
2.0
1.0

3072.25
2.0
1.0

3234.25
2.0
1.0

3270.25
2.0
1.0

3299.5
2.0
1.0

