299.25
1.0
1.0

317.25
1.0
1.0

324.75
1.0
1.0

378.0
1.0
1.0

389.25
1.0
1.0

398.25
1.0
1.0

423.0
1.0
1.0

459.0
1.0
1.0

470.25
1.0
1.0

477.0
1.0
1.0

495.0
1.0
1.0

504.0
1.0
1.0

514.5
1.0
1.0

567.75
1.0
1.0

576.75
1.0
1.0

595.5
1.0
1.0

613.5
1.0
1.0

621.75
1.0
1.0

630.75
1.0
1.0

640.5
1.0
1.0

675.75
1.0
1.0

684.0
1.0
1.0

693.75
1.0
1.0

722.25
1.0
1.0

739.5
1.0
1.0

785.25
1.0
1.0

812.25
1.0
1.0

847.5
1.0
1.0

856.5
1.0
1.0

865.5
1.0
1.0

883.5
1.0
1.0

911.25
1.0
1.0

918.0
1.0
1.0

937.5
1.0
1.0

945.75
1.0
1.0

954.0
1.0
1.0

1837.5
1.0
1.0

1883.25
1.0
1.0

1892.25
1.0
1.0

1899.0
1.0
1.0

1908.0
1.0
1.0

1926.75
1.0
1.0

1963.5
1.0
1.0

1989.75
1.0
1.0

1999.5
1.0
1.0

2008.5
1.0
1.0

2025.0
1.0
1.0

2054.25
1.0
1.0

2062.5
1.0
1.0

2117.25
1.0
1.0

2142.0
1.0
1.0

2152.5
1.0
1.0

2161.5
1.0
1.0

2171.25
1.0
1.0

2215.5
1.0
1.0

2232.0
1.0
1.0

2252.25
1.0
1.0

2277.75
1.0
1.0

2288.25
1.0
1.0

2306.25
1.0
1.0

2350.5
1.0
1.0

2358.75
1.0
1.0

2387.25
1.0
1.0

2423.25
1.0
1.0

2439.75
1.0
1.0

2448.75
1.0
1.0

2457.0
1.0
1.0

2476.5
1.0
1.0

2486.25
1.0
1.0

2511.0
1.0
1.0

2521.5
1.0
1.0

2530.5
1.0
1.0

