288.0
1.0
1.0

308.25
1.0
1.0

335.25
1.0
1.0

342.75
1.0
1.0

351.0
1.0
1.0

362.25
1.0
1.0

407.25
1.0
1.0

414.75
1.0
1.0

432.75
1.0
1.0

450.0
1.0
1.0

486.75
1.0
1.0

532.5
1.0
1.0

540.0
1.0
1.0

549.75
1.0
1.0

558.75
1.0
1.0

603.0
1.0
1.0

650.25
1.0
1.0

668.25
1.0
1.0

702.0
1.0
1.0

712.5
1.0
1.0

747.75
1.0
1.0

758.25
1.0
1.0

765.0
1.0
1.0

776.25
1.0
1.0

803.25
1.0
1.0

821.25
1.0
1.0

828.0
1.0
1.0

838.5
1.0
1.0

875.25
1.0
1.0

892.5
1.0
1.0

900.0
1.0
1.0

928.5
1.0
1.0

963.75
1.0
1.0

972.0
1.0
1.0

982.5
1.0
1.0

990.0
1.0
1.0

1827.0
1.0
1.0

1847.25
1.0
1.0

1854.75
1.0
1.0

1864.5
1.0
1.0

1917.0
1.0
1.0

1935.75
1.0
1.0

1954.5
1.0
1.0

1972.5
1.0
1.0

1980.75
1.0
1.0

2036.25
1.0
1.0

2043.75
1.0
1.0

2071.5
1.0
1.0

2079.75
1.0
1.0

2097.0
1.0
1.0

2107.5
1.0
1.0

2124.75
1.0
1.0

2135.25
1.0
1.0

2178.0
1.0
1.0

2188.5
1.0
1.0

2207.25
1.0
1.0

2223.75
1.0
1.0

2243.25
1.0
1.0

2261.25
1.0
1.0

2269.5
1.0
1.0

2295.75
1.0
1.0

2313.0
1.0
1.0

2333.25
1.0
1.0

2342.25
1.0
1.0

2367.75
1.0
1.0

2376.75
1.0
1.0

2395.5
1.0
1.0

2412.0
1.0
1.0

2430.0
1.0
1.0

2467.5
1.0
1.0

2495.25
1.0
1.0

2504.25
1.0
1.0

