312.25
2.0
1.0

337.0
2.0
1.0

345.25
2.0
1.0

364.0
2.0
1.0

411.25
2.0
1.0

436.0
2.0
1.0

560.5
2.0
1.0

607.0
2.0
1.0

654.25
2.0
1.0

672.25
2.0
1.0

760.0
2.0
1.0

778.0
2.0
1.0

806.5
2.0
1.0

832.0
2.0
1.0

842.5
2.0
1.0

878.5
2.0
1.0

895.0
2.0
1.0

984.25
2.0
1.0

1828.75
2.0
1.0

1856.5
2.0
1.0

1939.75
2.0
1.0

1983.25
2.0
1.0

2039.5
2.0
1.0

2046.25
2.0
1.0

2073.25
2.0
1.0

2126.5
2.0
1.0

2181.25
2.0
1.0

2190.25
2.0
1.0

2246.5
2.0
1.0

2264.5
2.0
1.0

2317.0
2.0
1.0

2370.25
2.0
1.0

2413.75
2.0
1.0

2434.0
2.0
1.0

2497.75
2.0
1.0

2506.75
2.0
1.0

