299.75
1.5
1.0

309.5
1.5
1.0

337.25
1.5
1.0

390.5
1.5
1.0

444.5
1.5
1.0

536.0
1.5
1.0

578.0
1.5
1.0

636.5
1.5
1.0

767.75
1.5
1.0

778.25
1.5
1.0

788.75
1.5
1.0

839.0
1.5
1.0

887.0
1.5
1.0

920.0
1.5
1.0

940.25
1.5
1.0

977.0
1.5
1.0

984.5
1.5
1.0

994.25
1.5
1.0

1858.25
1.5
1.0

1865.0
1.5
1.0

1910.0
1.5
1.0

1958.0
1.5
1.0

2012.75
1.5
1.0

2103.5
1.5
1.0

2200.25
1.5
1.0

2235.5
1.5
1.0

2243.75
1.5
1.0

2253.5
1.5
1.0

2289.5
1.5
1.0

2326.25
1.5
1.0

2342.0
1.5
1.0

2370.5
1.5
1.0

2423.75
1.5
1.0

2499.5
1.5
1.0

2506.25
1.5
1.0

2515.25
1.5
1.0

