320.0
1.5
1.0

346.25
1.5
1.0

371.75
1.5
1.0

419.0
1.5
1.0

499.25
1.5
1.0

542.75
1.5
1.0

626.0
1.5
1.0

644.0
1.5
1.0

659.0
1.5
1.0

695.75
1.5
1.0

704.75
1.5
1.0

742.25
1.5
1.0

795.5
1.5
1.0

825.5
1.5
1.0

859.25
1.5
1.0

911.75
1.5
1.0

930.5
1.5
1.0

965.75
1.5
1.0

1840.25
1.5
1.0

1847.0
1.5
1.0

1895.75
1.5
1.0

1974.5
1.5
1.0

2029.25
1.5
1.0

2037.5
1.5
1.0

2045.75
1.5
1.0

2084.0
1.5
1.0

2108.75
1.5
1.0

2137.25
1.5
1.0

2146.25
1.5
1.0

2263.25
1.5
1.0

2335.25
1.5
1.0

2361.5
1.5
1.0

2380.25
1.5
1.0

2445.5
1.5
1.0

2453.75
1.5
1.0

2460.5
1.5
1.0

