9.0
1.0
1.0

18.75
1.0
1.0

28.5
1.0
1.0

46.5
1.0
1.0

74.25
1.0
1.0

90.0
1.0
1.0

110.25
1.0
1.0

144.75
1.0
1.0

164.25
1.0
1.0

189.0
1.0
1.0

200.25
1.0
1.0

216.75
1.0
1.0

225.75
1.0
1.0

234.0
1.0
1.0

262.5
1.0
1.0

279.0
1.0
1.0

315.75
1.0
1.0

335.25
1.0
1.0

343.5
1.0
1.0

353.25
1.0
1.0

371.25
1.0
1.0

396.0
1.0
1.0

414.75
1.0
1.0

423.75
1.0
1.0

441.75
1.0
1.0

450.0
1.0
1.0

468.75
1.0
1.0

486.0
1.0
1.0

505.5
1.0
1.0

550.5
1.0
1.0

567.75
1.0
1.0

577.5
1.0
1.0

604.5
1.0
1.0

621.75
1.0
1.0

641.25
1.0
1.0

648.75
1.0
1.0

702.0
1.0
1.0

729.0
1.0
1.0

758.25
1.0
1.0

766.5
1.0
1.0

774.75
1.0
1.0

792.0
1.0
1.0

