19.5
1.0
1.0

28.5
1.0
1.0

37.5
1.0
1.0

73.5
1.0
1.0

92.25
1.0
1.0

101.25
1.0
1.0

109.5
1.0
1.0

117.75
1.0
1.0

136.5
1.0
1.0

153.75
1.0
1.0

189.0
1.0
1.0

198.75
1.0
1.0

207.75
1.0
1.0

216.0
1.0
1.0

244.5
1.0
1.0

279.75
1.0
1.0

315.0
1.0
1.0

325.5
1.0
1.0

334.5
1.0
1.0

351.75
1.0
1.0

361.5
1.0
1.0

380.25
1.0
1.0

432.75
1.0
1.0

452.25
1.0
1.0

470.25
1.0
1.0

486.0
1.0
1.0

495.75
1.0
1.0

506.25
1.0
1.0

532.5
1.0
1.0

586.5
1.0
1.0

612.75
1.0
1.0

632.25
1.0
1.0

639.0
1.0
1.0

648.0
1.0
1.0

684.75
1.0
1.0

694.5
1.0
1.0

