1293.5
4.8
1.0

1340.5
4.8
1.0

1387.5
4.8
1.0

1396.5
4.8
1.0

1475.0
4.8
1.0

1484.0
4.8
1.0

1539.5
4.8
1.0

1549.0
4.8
1.0

1558.5
4.8
1.0

1619.0
4.8
1.0

1647.5
4.8
1.0

1672.5
4.8
1.0

1690.5
4.8
1.0

1711.5
4.8
1.0

1757.5
4.8
1.0

1787.5
4.8
1.0

1797.0
4.8
1.0

1806.0
4.8
1.0

1815.0
4.8
1.0

1872.5
4.8
1.0

1900.5
4.8
1.0

1917.0
4.8
1.0

1937.0
4.8
1.0

1945.5
4.8
1.0

1972.0
4.8
1.0

2025.5
4.8
1.0

2045.0
4.8
1.0

2072.5
4.8
1.0

2082.5
4.8
1.0

2110.5
4.8
1.0

2137.0
4.8
1.0

2154.5
4.8
1.0

