1053.0
4.8
1.0

1072.5
4.8
1.0

1090.5
4.8
1.0

1120.0
4.8
1.0

1179.0
4.8
1.0

1189.0
4.8
1.0

1197.5
4.8
1.0

1241.5
4.8
1.0

1250.0
4.8
1.0

1297.0
4.8
1.0

1354.0
4.8
1.0

1447.5
4.8
1.0

1476.5
4.8
1.0

1487.0
4.8
1.0

1576.0
4.8
1.0

1636.5
4.8
1.0

1662.0
4.8
1.0

1681.5
4.8
1.0

1700.5
4.8
1.0

1711.0
4.8
1.0

1721.5
4.8
1.0

1769.5
4.8
1.0

1778.5
4.8
1.0

1799.0
4.8
1.0

1862.0
4.8
1.0

1871.5
4.8
1.0

1880.0
4.8
1.0

1897.5
4.8
1.0

1927.0
4.8
1.0

1937.5
4.8
1.0

1956.5
4.8
1.0

1977.5
4.8
1.0

