1215.5
4.8
1.0

1232.0
4.8
1.0

1250.0
4.8
1.0

1330.0
4.8
1.0

1341.5
4.8
1.0

1351.0
4.8
1.0

1358.0
4.8
1.0

1394.0
4.8
1.0

1413.0
4.8
1.0

1448.5
4.8
1.0

1457.5
4.8
1.0

1492.0
4.8
1.0

1531.0
4.8
1.0

1539.0
4.8
1.0

1558.5
4.8
1.0

1632.0
4.8
1.0

1671.5
4.8
1.0

1743.5
4.8
1.0

1851.5
4.8
1.0

1861.0
4.8
1.0

1890.5
4.8
1.0

1918.0
4.8
1.0

1937.5
4.8
1.0

1976.0
4.8
1.0

1987.5
4.8
1.0

2035.0
4.8
1.0

2044.5
4.8
1.0

2070.0
4.8
1.0

2080.5
4.8
1.0

2125.0
4.8
1.0

2134.0
4.8
1.0

2163.0
4.8
1.0

