2017.0
4.8
1.0

2024.0
4.8
1.0

2033.5
4.8
1.0

2043.0
4.8
1.0

2051.0
4.8
1.0

2084.5
4.8
1.0

2104.5
4.8
1.0

2133.5
4.8
1.0

2143.5
4.8
1.0

2152.5
4.8
1.0

2161.5
4.8
1.0

2181.0
4.8
1.0

2189.0
4.8
1.0

2197.0
4.8
1.0

2223.0
4.8
1.0

2238.5
4.8
1.0

2265.0
4.8
1.0

2310.0
4.8
1.0

2328.0
4.8
1.0

2346.5
4.8
1.0

2354.5
4.8
1.0

2362.0
4.8
1.0

2370.5
4.8
1.0

2406.5
4.8
1.0

2427.0
4.8
1.0

2447.0
4.8
1.0

2456.5
4.8
1.0

2473.0
4.8
1.0

2501.5
4.8
1.0

2540.0
4.8
1.0

2559.0
4.8
1.0

2597.0
4.8
1.0

2626.5
4.8
1.0

2635.0
4.8
1.0

2644.5
4.8
1.0

2655.5
4.8
1.0

2712.0
4.8
1.0

2720.5
4.8
1.0

2768.0
4.8
1.0

2776.5
4.8
1.0

2800.5
4.8
1.0

2828.5
4.8
1.0

2853.0
4.8
1.0

2863.0
4.8
1.0

2873.5
4.8
1.0

2883.0
4.8
1.0

2926.0
4.8
1.0

2963.5
4.8
1.0

