18.0
4.8
1.0

42.0
4.8
1.0

67.5
4.8
1.0

95.0
4.8
1.0

151.5
4.8
1.0

161.5
4.8
1.0

170.0
4.8
1.0

200.0
4.8
1.0

208.0
4.8
1.0

218.0
4.8
1.0

234.0
4.8
1.0

242.5
4.8
1.0

272.5
4.8
1.0

310.5
4.8
1.0

321.0
4.8
1.0

377.5
4.8
1.0

386.5
4.8
1.0

397.5
4.8
1.0

427.0
4.8
1.0

445.5
4.8
1.0

455.5
4.8
1.0

464.5
4.8
1.0

472.0
4.8
1.0

508.5
4.8
1.0

524.5
4.8
1.0

552.5
4.8
1.0

560.0
4.8
1.0

586.0
4.8
1.0

625.5
4.8
1.0

635.0
4.8
1.0

665.0
4.8
1.0

675.5
4.8
1.0

710.5
4.8
1.0

721.0
4.8
1.0

728.5
4.8
1.0

746.5
4.8
1.0

756.5
4.8
1.0

765.5
4.8
1.0

818.5
4.8
1.0

826.0
4.8
1.0

837.0
4.8
1.0

847.0
4.8
1.0

866.0
4.8
1.0

875.0
4.8
1.0

892.5
4.8
1.0

931.5
4.8
1.0

940.5
4.8
1.0

958.5
4.8
1.0

