9.75
1.0
1.0

27.75
1.0
1.0

37.5
1.0
1.0

83.25
1.0
1.0

126.0
1.0
1.0

144.75
1.0
1.0

173.25
1.0
1.0

207.75
1.0
1.0

216.75
1.0
1.0

234.0
1.0
1.0

280.5
1.0
1.0

288.75
1.0
1.0

297.75
1.0
1.0

308.25
1.0
1.0

334.5
1.0
1.0

362.25
1.0
1.0

371.25
1.0
1.0

396.0
1.0
1.0

434.25
1.0
1.0

441.0
1.0
1.0

479.25
1.0
1.0

495.0
1.0
1.0

504.0
1.0
1.0

523.5
1.0
1.0

540.75
1.0
1.0

551.25
1.0
1.0

559.5
1.0
1.0

567.75
1.0
1.0

595.5
1.0
1.0

612.0
1.0
1.0

621.0
1.0
1.0

641.25
1.0
1.0

649.5
1.0
1.0

675.75
1.0
1.0

685.5
1.0
1.0

703.5
1.0
1.0

