2072.5
4.8
1.0

2090.5
4.8
1.0

2108.5
4.8
1.0

2144.5
4.8
1.0

2153.0
4.8
1.0

2201.0
4.8
1.0

2219.5
4.8
1.0

2256.0
4.8
1.0

2266.5
4.8
1.0

2316.0
4.8
1.0

2347.5
4.8
1.0

2376.5
4.8
1.0

2385.0
4.8
1.0

2437.5
4.8
1.0

2467.0
4.8
1.0

2485.5
4.8
1.0

2563.5
4.8
1.0

2573.5
4.8
1.0

2591.0
4.8
1.0

2656.0
4.8
1.0

2711.0
4.8
1.0

2721.5
4.8
1.0

2738.5
4.8
1.0

2757.5
4.8
1.0

2767.0
4.8
1.0

2775.0
4.8
1.0

2803.5
4.8
1.0

2849.0
4.8
1.0

2856.5
4.8
1.0

2867.5
4.8
1.0

2915.0
4.8
1.0

2943.0
4.8
1.0

