2184.5
4.8
1.0

2226.0
4.8
1.0

2264.5
4.8
1.0

2306.5
4.8
1.0

2354.5
4.8
1.0

2437.0
4.8
1.0

2483.5
4.8
1.0

2522.5
4.8
1.0

2551.5
4.8
1.0

2560.5
4.8
1.0

2579.0
4.8
1.0

2586.0
4.8
1.0

2602.0
4.8
1.0

2611.0
4.8
1.0

2631.5
4.8
1.0

2687.0
4.8
1.0

2734.0
4.8
1.0

2745.0
4.8
1.0

2755.5
4.8
1.0

2764.0
4.8
1.0

2780.5
4.8
1.0

2819.5
4.8
1.0

2855.5
4.8
1.0

2882.0
4.8
1.0

2908.0
4.8
1.0

2944.0
4.8
1.0

2953.5
4.8
1.0

2962.0
4.8
1.0

2981.0
4.8
1.0

3034.5
4.8
1.0

3101.0
4.8
1.0

3110.5
4.8
1.0

