2037.0
4.8
1.0

2045.0
4.8
1.0

2054.5
4.8
1.0

2064.0
4.8
1.0

2117.5
4.8
1.0

2172.0
4.8
1.0

2228.0
4.8
1.0

2246.5
4.8
1.0

2286.0
4.8
1.0

2297.0
4.8
1.0

2357.5
4.8
1.0

2447.0
4.8
1.0

2457.5
4.8
1.0

2494.0
4.8
1.0

2515.5
4.8
1.0

2552.0
4.8
1.0

2611.5
4.8
1.0

2620.0
4.8
1.0

2630.5
4.8
1.0

2647.5
4.8
1.0

2673.5
4.8
1.0

2683.5
4.8
1.0

2746.5
4.8
1.0

2784.0
4.8
1.0

2821.5
4.8
1.0

2831.0
4.8
1.0

2840.5
4.8
1.0

2885.0
4.8
1.0

2924.0
4.8
1.0

2933.5
4.8
1.0

2985.0
4.8
1.0

2994.5
4.8
1.0

