11.25
1.0
1.0

29.25
1.0
1.0

36.75
1.0
1.0

90.75
1.0
1.0

101.25
1.0
1.0

117.0
1.0
1.0

146.25
1.0
1.0

163.5
1.0
1.0

172.5
1.0
1.0

189.0
1.0
1.0

199.5
1.0
1.0

208.5
1.0
1.0

218.25
1.0
1.0

270.0
1.0
1.0

281.25
1.0
1.0

290.25
1.0
1.0

315.75
1.0
1.0

326.25
1.0
1.0

351.0
1.0
1.0

369.0
1.0
1.0

396.75
1.0
1.0

415.5
1.0
1.0

432.75
1.0
1.0

470.25
1.0
1.0

488.25
1.0
1.0

522.75
1.0
1.0

531.0
1.0
1.0

558.75
1.0
1.0

569.25
1.0
1.0

578.25
1.0
1.0

586.5
1.0
1.0

614.25
1.0
1.0

621.75
1.0
1.0

658.5
1.0
1.0

676.5
1.0
1.0

703.5
1.0
1.0

