9.0
1.0
1.0

18.0
1.0
1.0

38.25
1.0
1.0

45.0
1.0
1.0

81.0
1.0
1.0

90.75
1.0
1.0

99.75
1.0
1.0

145.5
1.0
1.0

181.5
1.0
1.0

200.25
1.0
1.0

225.75
1.0
1.0

234.75
1.0
1.0

252.75
1.0
1.0

272.25
1.0
1.0

279.75
1.0
1.0

289.5
1.0
1.0

316.5
1.0
1.0

335.25
1.0
1.0

344.25
1.0
1.0

352.5
1.0
1.0

387.75
1.0
1.0

396.75
1.0
1.0

405.75
1.0
1.0

443.25
1.0
1.0

469.5
1.0
1.0

479.25
1.0
1.0

488.25
1.0
1.0

496.5
1.0
1.0

523.5
1.0
1.0

576.75
1.0
1.0

595.5
1.0
1.0

612.75
1.0
1.0

668.25
1.0
1.0

685.5
1.0
1.0

694.5
1.0
1.0

711.75
1.0
1.0

720.0
1.0
1.0

738.75
1.0
1.0

765.75
1.0
1.0

774.75
1.0
1.0

785.25
1.0
1.0

794.25
1.0
1.0

