0.0
1.0
1.0

29.25
1.0
1.0

63.75
1.0
1.0

72.75
1.0
1.0

90.75
1.0
1.0

99.0
1.0
1.0

109.5
1.0
1.0

128.25
1.0
1.0

144.0
1.0
1.0

162.0
1.0
1.0

180.75
1.0
1.0

198.75
1.0
1.0

207.75
1.0
1.0

225.0
1.0
1.0

243.0
1.0
1.0

252.75
1.0
1.0

288.75
1.0
1.0

306.75
1.0
1.0

324.75
1.0
1.0

333.75
1.0
1.0

351.75
1.0
1.0

387.75
1.0
1.0

416.25
1.0
1.0

450.75
1.0
1.0

468.75
1.0
1.0

486.75
1.0
1.0

495.0
1.0
1.0

558.75
1.0
1.0

596.25
1.0
1.0

605.25
1.0
1.0

632.25
1.0
1.0

648.75
1.0
1.0

657.0
1.0
1.0

668.25
1.0
1.0

684.75
1.0
1.0

702.75
1.0
1.0

