335.25
1.0
1.0

344.25
1.0
1.0

352.5
1.0
1.0

371.25
1.0
1.0

387.75
1.0
1.0

441.75
1.0
1.0

487.5
1.0
1.0

506.25
1.0
1.0

533.25
1.0
1.0

558.75
1.0
1.0

568.5
1.0
1.0

632.25
1.0
1.0

650.25
1.0
1.0

657.75
1.0
1.0

675.0
1.0
1.0

685.5
1.0
1.0

720.0
1.0
1.0

767.25
1.0
1.0

783.0
1.0
1.0

803.25
1.0
1.0

873.75
1.0
1.0

909.75
1.0
1.0

927.0
1.0
1.0

945.0
1.0
1.0

972.75
1.0
1.0

982.5
1.0
1.0

991.5
1.0
1.0

1053.0
1.0
1.0

1152.0
1.0
1.0

1161.0
1.0
1.0

1172.25
1.0
1.0

1206.75
1.0
1.0

1289.25
1.0
1.0

1315.5
1.0
1.0

1323.0
1.0
1.0

1341.0
1.0
1.0

1359.75
1.0
1.0

1370.25
1.0
1.0

1395.0
1.0
1.0

1404.75
1.0
1.0

1451.25
1.0
1.0

1459.5
1.0
1.0

1503.0
1.0
1.0

1602.75
1.0
1.0

1612.5
1.0
1.0

1638.0
1.0
1.0

1764.75
1.0
1.0

1783.5
1.0
1.0

1792.5
1.0
1.0

1818.75
1.0
1.0

1829.25
1.0
1.0

1854.0
1.0
1.0

1863.0
1.0
1.0

1890.0
1.0
1.0

1899.0
1.0
1.0

1910.25
1.0
1.0

