1976.75
1.5
1.0

2037.5
1.5
1.0

2055.5
1.5
1.0

2111.0
1.5
1.0

2120.0
1.5
1.0

2191.25
1.5
1.0

2207.75
1.5
1.0

2238.5
1.5
1.0

2254.25
1.5
1.0

2264.75
1.5
1.0

2353.25
1.5
1.0

2381.0
1.5
1.0

2450.75
1.5
1.0

2471.0
1.5
1.0

2505.5
1.5
1.0

2542.25
1.5
1.0

2585.0
1.5
1.0

2630.75
1.5
1.0

2660.75
1.5
1.0

2794.25
1.5
1.0

2801.75
1.5
1.0

2823.5
1.5
1.0

2838.5
1.5
1.0

2885.0
1.5
1.0

2912.0
1.5
1.0

2929.25
1.5
1.0

3010.25
1.5
1.0

3037.25
1.5
1.0

3128.75
1.5
1.0

3154.25
1.5
1.0

3198.5
1.5
1.0

3218.75
1.5
1.0

3245.0
1.5
1.0

3270.5
1.5
1.0

3279.5
1.5
1.0

3323.75
1.5
1.0

