1949.5
2.0
1.0

2011.0
2.0
1.0

2047.0
2.0
1.0

2091.25
2.0
1.0

2121.25
2.0
1.0

2164.0
2.0
1.0

2296.75
2.0
1.0

2308.75
2.0
1.0

2314.75
2.0
1.0

2381.5
2.0
1.0

2443.75
2.0
1.0

2481.25
2.0
1.0

2494.75
2.0
1.0

2524.0
2.0
1.0

2544.25
2.0
1.0

2605.75
2.0
1.0

2630.5
2.0
1.0

2649.25
2.0
1.0

2660.5
2.0
1.0

2704.0
2.0
1.0

2712.25
2.0
1.0

2814.25
2.0
1.0

2866.0
2.0
1.0

2884.75
2.0
1.0

2909.5
2.0
1.0

2922.25
2.0
1.0

2927.5
2.0
1.0

2963.5
2.0
1.0

3001.0
2.0
1.0

3009.25
2.0
1.0

3046.0
2.0
1.0

3172.0
2.0
1.0

3198.25
2.0
1.0

3271.75
2.0
1.0

3298.75
2.0
1.0

3352.0
2.0
1.0

