2027.5
2.0
1.0

2038.0
2.0
1.0

2083.0
2.0
1.0

2173.75
2.0
1.0

2206.75
2.0
1.0

2224.75
2.0
1.0

2237.5
2.0
1.0

2389.75
2.0
1.0

2408.5
2.0
1.0

2416.75
2.0
1.0

2435.5
2.0
1.0

2450.5
2.0
1.0

2533.75
2.0
1.0

2550.25
2.0
1.0

2561.5
2.0
1.0

2587.75
2.0
1.0

2613.25
2.0
1.0

2639.5
2.0
1.0

2670.25
2.0
1.0

2695.0
2.0
1.0

2730.25
2.0
1.0

2749.75
2.0
1.0

2766.25
2.0
1.0

2776.75
2.0
1.0

2830.75
2.0
1.0

2900.5
2.0
1.0

2974.0
2.0
1.0

2992.0
2.0
1.0

3091.0
2.0
1.0

3127.0
2.0
1.0

3183.25
2.0
1.0

3190.0
2.0
1.0

3244.0
2.0
1.0

3253.75
2.0
1.0

3307.0
2.0
1.0

3325.75
2.0
1.0

