10.5
1.0
1.0

18.75
1.0
1.0

74.25
1.0
1.0

100.5
1.0
1.0

108.0
1.0
1.0

118.5
1.0
1.0

128.25
1.0
1.0

171.0
1.0
1.0

181.5
1.0
1.0

189.0
1.0
1.0

199.5
1.0
1.0

218.25
1.0
1.0

227.25
1.0
1.0

243.0
1.0
1.0

261.0
1.0
1.0

280.5
1.0
1.0

288.75
1.0
1.0

306.0
1.0
1.0

333.0
1.0
1.0

370.5
1.0
1.0

380.25
1.0
1.0

424.5
1.0
1.0

443.25
1.0
1.0

478.5
1.0
1.0

513.75
1.0
1.0

523.5
1.0
1.0

558.0
1.0
1.0

576.75
1.0
1.0

585.0
1.0
1.0

594.75
1.0
1.0

621.75
1.0
1.0

630.75
1.0
1.0

639.0
1.0
1.0

685.5
1.0
1.0

693.0
1.0
1.0

702.75
1.0
1.0

