0.75
1.0
1.0

20.25
1.0
1.0

74.25
1.0
1.0

101.25
1.0
1.0

128.25
1.0
1.0

144.75
1.0
1.0

153.75
1.0
1.0

171.75
1.0
1.0

180.75
1.0
1.0

189.75
1.0
1.0

207.0
1.0
1.0

234.75
1.0
1.0

243.0
1.0
1.0

252.75
1.0
1.0

297.0
1.0
1.0

308.25
1.0
1.0

343.5
1.0
1.0

353.25
1.0
1.0

360.75
1.0
1.0

378.75
1.0
1.0

396.75
1.0
1.0

423.0
1.0
1.0

450.0
1.0
1.0

459.0
1.0
1.0

469.5
1.0
1.0

479.25
1.0
1.0

487.5
1.0
1.0

515.25
1.0
1.0

523.5
1.0
1.0

532.5
1.0
1.0

595.5
1.0
1.0

612.75
1.0
1.0

630.75
1.0
1.0

639.0
1.0
1.0

677.25
1.0
1.0

684.0
1.0
1.0

