1054.5
4.8
1.0

1063.0
4.8
1.0

1088.5
4.8
1.0

1136.0
4.8
1.0

1173.5
4.8
1.0

1200.0
4.8
1.0

1228.5
4.8
1.0

1238.0
4.8
1.0

1254.0
4.8
1.0

1262.0
4.8
1.0

1321.5
4.8
1.0

1340.0
4.8
1.0

1391.5
4.8
1.0

1471.5
4.8
1.0

1481.0
4.8
1.0

1491.0
4.8
1.0

1501.0
4.8
1.0

1528.5
4.8
1.0

1593.0
4.8
1.0

1621.0
4.8
1.0

1689.5
4.8
1.0

1709.0
4.8
1.0

1737.0
4.8
1.0

1764.0
4.8
1.0

1790.5
4.8
1.0

1799.5
4.8
1.0

1816.0
4.8
1.0

1833.5
4.8
1.0

1850.0
4.8
1.0

1870.0
4.8
1.0

1878.0
4.8
1.0

1982.5
4.8
1.0

3013.0
4.8
1.0

3023.0
4.8
1.0

3032.5
4.8
1.0

3070.5
4.8
1.0

3090.0
4.8
1.0

3100.0
4.8
1.0

3110.0
4.8
1.0

3127.5
4.8
1.0

3181.0
4.8
1.0

3221.5
4.8
1.0

3261.0
4.8
1.0

3278.5
4.8
1.0

3344.0
4.8
1.0

3383.0
4.8
1.0

3411.0
4.8
1.0

3420.0
4.8
1.0

3448.0
4.8
1.0

3456.5
4.8
1.0

3493.0
4.8
1.0

3503.5
4.8
1.0

3599.0
4.8
1.0

3607.5
4.8
1.0

3616.5
4.8
1.0

3682.5
4.8
1.0

3761.0
4.8
1.0

3768.5
4.8
1.0

3787.5
4.8
1.0

3845.5
4.8
1.0

3910.0
4.8
1.0

3928.0
4.8
1.0

3947.5
4.8
1.0

3956.5
4.8
1.0

