85.8
4.8
1.0

103.8
4.8
1.0

137.8
4.8
1.0

233.8
4.8
1.0

294.3
4.8
1.0

324.3
4.8
1.0

366.8
4.8
1.0

387.8
4.8
1.0

435.3
4.8
1.0

482.3
4.8
1.0

537.3
4.8
1.0

556.8
4.8
1.0

567.8
4.8
1.0

584.3
4.8
1.0

641.3
4.8
1.0

714.8
4.8
1.0

760.8
4.8
1.0

770.8
4.8
1.0

817.3
4.8
1.0

900.3
4.8
1.0

928.8
4.8
1.0

984.8
4.8
1.0

1010.3
4.8
1.0

1051.8
4.8
1.0

2036.3
4.8
1.0

2082.3
4.8
1.0

2136.3
4.8
1.0

2185.3
4.8
1.0

2240.3
4.8
1.0

2280.3
4.8
1.0

2309.8
4.8
1.0

2355.3
4.8
1.0

2382.3
4.8
1.0

2391.8
4.8
1.0

2465.3
4.8
1.0

2493.3
4.8
1.0

2521.3
4.8
1.0

2580.3
4.8
1.0

2626.8
4.8
1.0

2635.3
4.8
1.0

2645.8
4.8
1.0

2687.3
4.8
1.0

2741.8
4.8
1.0

2760.3
4.8
1.0

2843.8
4.8
1.0

2861.8
4.8
1.0

2943.3
4.8
1.0

2990.3
4.8
1.0

