1103.8
4.8
1.0

1132.8
4.8
1.0

1214.8
4.8
1.0

1287.3
4.8
1.0

1297.8
4.8
1.0

1524.8
4.8
1.0

1561.8
4.8
1.0

1607.3
4.8
1.0

1675.8
4.8
1.0

1705.3
4.8
1.0

1847.8
4.8
1.0

1866.3
4.8
1.0

1921.8
4.8
1.0

1941.8
4.8
1.0

1958.8
4.8
1.0

2008.3
4.8
1.0

3047.3
4.8
1.0

3142.8
4.8
1.0

3217.3
4.8
1.0

3330.8
4.8
1.0

3361.3
4.8
1.0

3378.3
4.8
1.0

3436.3
4.8
1.0

3543.3
4.8
1.0

3640.3
4.8
1.0

3695.8
4.8
1.0

3749.8
4.8
1.0

3782.3
4.8
1.0

3802.3
4.8
1.0

3821.8
4.8
1.0

3877.3
4.8
1.0

3924.3
4.8
1.0

