1076.3
4.8
1.0

1112.3
4.8
1.0

1168.3
4.8
1.0

1196.8
4.8
1.0

1306.3
4.8
1.0

1356.3
4.8
1.0

1386.8
4.8
1.0

1416.3
4.8
1.0

1449.3
4.8
1.0

1516.8
4.8
1.0

1541.8
4.8
1.0

1579.3
4.8
1.0

1666.3
4.8
1.0

1829.3
4.8
1.0

1930.8
4.8
1.0

1998.3
4.8
1.0

3008.8
4.8
1.0

3151.8
4.8
1.0

3159.8
4.8
1.0

3167.8
4.8
1.0

3207.3
4.8
1.0

3275.8
4.8
1.0

3310.8
4.8
1.0

3525.3
4.8
1.0

3534.3
4.8
1.0

3551.3
4.8
1.0

3630.8
4.8
1.0

3669.3
4.8
1.0

3730.8
4.8
1.0

3860.3
4.8
1.0

3896.3
4.8
1.0

3943.8
4.8
1.0

