111.3
4.8
1.0

127.3
4.8
1.0

194.8
4.8
1.0

224.3
4.8
1.0

269.3
4.8
1.0

277.3
4.8
1.0

285.3
4.8
1.0

395.3
4.8
1.0

415.3
4.8
1.0

473.8
4.8
1.0

508.8
4.8
1.0

518.3
4.8
1.0

603.3
4.8
1.0

688.3
4.8
1.0

696.8
4.8
1.0

704.8
4.8
1.0

733.8
4.8
1.0

751.8
4.8
1.0

808.8
4.8
1.0

825.8
4.8
1.0

845.3
4.8
1.0

937.8
4.8
1.0

1020.3
4.8
1.0

1031.8
4.8
1.0

2056.8
4.8
1.0

2109.3
4.8
1.0

2126.8
4.8
1.0

2146.3
4.8
1.0

2167.3
4.8
1.0

2230.3
4.8
1.0

2300.3
4.8
1.0

2317.3
4.8
1.0

2344.3
4.8
1.0

2400.3
4.8
1.0

2411.8
4.8
1.0

2439.3
4.8
1.0

2455.8
4.8
1.0

2475.8
4.8
1.0

2511.3
4.8
1.0

2561.3
4.8
1.0

2653.8
4.8
1.0

2750.8
4.8
1.0

2771.8
4.8
1.0

2817.3
4.8
1.0

2832.8
4.8
1.0

2888.3
4.8
1.0

2916.8
4.8
1.0

2952.8
4.8
1.0

