1730.25
1.0
1.0

1792.5
1.0
1.0

1881.0
1.0
1.0

1899.0
1.0
1.0

1928.25
1.0
1.0

1964.25
1.0
1.0

2025.75
1.0
1.0

2071.5
1.0
1.0

2090.25
1.0
1.0

2098.5
1.0
1.0

2124.0
1.0
1.0

2152.5
1.0
1.0

2171.25
1.0
1.0

2224.5
1.0
1.0

2251.5
1.0
1.0

2288.25
1.0
1.0

2305.5
1.0
1.0

2313.75
1.0
1.0

2349.0
1.0
1.0

2358.0
1.0
1.0

2395.5
1.0
1.0

2421.75
1.0
1.0

2432.25
1.0
1.0

2458.5
1.0
1.0

2468.25
1.0
1.0

2521.5
1.0
1.0

2529.75
1.0
1.0

2549.25
1.0
1.0

2592.75
1.0
1.0

2611.5
1.0
1.0

2755.5
1.0
1.0

2774.25
1.0
1.0

2819.25
1.0
1.0

2862.0
1.0
1.0

2871.0
1.0
1.0

2889.75
1.0
1.0

2909.25
1.0
1.0

2934.75
1.0
1.0

2952.0
1.0
1.0

2961.0
1.0
1.0

2989.5
1.0
1.0

2997.0
1.0
1.0

3060.75
1.0
1.0

3097.5
1.0
1.0

3151.5
1.0
1.0

3160.5
1.0
1.0

3178.5
1.0
1.0

3204.0
1.0
1.0

3222.75
1.0
1.0

3250.5
1.0
1.0

3267.0
1.0
1.0

3285.0
1.0
1.0

3294.75
1.0
1.0

3321.0
1.0
1.0

3341.25
1.0
1.0

3349.5
1.0
1.0

