1259.5
4.8
1.0

1306.5
4.8
1.0

1336.0
4.8
1.0

1383.5
4.8
1.0

1429.5
4.8
1.0

1449.5
4.8
1.0

1467.0
4.8
1.0

1539.5
4.8
1.0

1559.5
4.8
1.0

1586.5
4.8
1.0

1625.0
4.8
1.0

1632.5
4.8
1.0

1659.0
4.8
1.0

1685.5
4.8
1.0

1715.0
4.8
1.0

1735.5
4.8
1.0

1745.0
4.8
1.0

1799.0
4.8
1.0

1864.5
4.8
1.0

1885.5
4.8
1.0

1921.5
4.8
1.0

1930.5
4.8
1.0

1939.5
4.8
1.0

1949.5
4.8
1.0

2005.0
4.8
1.0

2025.5
4.8
1.0

2125.5
4.8
1.0

2135.5
4.8
1.0

2144.0
4.8
1.0

2162.0
4.8
1.0

2172.5
4.8
1.0

2182.5
4.8
1.0

3170.0
4.8
1.0

3225.5
4.8
1.0

3253.0
4.8
1.0

3262.5
4.8
1.0

3334.5
4.8
1.0

3381.0
4.8
1.0

3433.0
4.8
1.0

3461.5
4.8
1.0

3488.5
4.8
1.0

3518.5
4.8
1.0

3544.0
4.8
1.0

3554.5
4.8
1.0

3599.5
4.8
1.0

3617.5
4.8
1.0

3637.0
4.8
1.0

3647.5
4.8
1.0

3656.0
4.8
1.0

3712.0
4.8
1.0

3730.0
4.8
1.0

3773.0
4.8
1.0

3790.0
4.8
1.0

3827.5
4.8
1.0

3836.5
4.8
1.0

3846.0
4.8
1.0

3854.5
4.8
1.0

3873.5
4.8
1.0

3893.5
4.8
1.0

3956.5
4.8
1.0

4013.5
4.8
1.0

4023.0
4.8
1.0

4074.0
4.8
1.0

4082.0
4.8
1.0

