1712.25
1.0
1.0

1719.0
1.0
1.0

1728.75
1.0
1.0

1773.0
1.0
1.0

1782.75
1.0
1.0

1837.5
1.0
1.0

1863.75
1.0
1.0

1881.0
1.0
1.0

1918.5
1.0
1.0

1935.0
1.0
1.0

1945.5
1.0
1.0

1972.5
1.0
1.0

2043.75
1.0
1.0

2072.25
1.0
1.0

2088.75
1.0
1.0

2115.75
1.0
1.0

2135.25
1.0
1.0

2169.75
1.0
1.0

2188.5
1.0
1.0

2215.5
1.0
1.0

2233.5
1.0
1.0

2250.0
1.0
1.0

2288.25
1.0
1.0

2358.75
1.0
1.0

2412.0
1.0
1.0

2475.75
1.0
1.0

2495.25
1.0
1.0

2531.25
1.0
1.0

2540.25
1.0
1.0

2557.5
1.0
1.0

2566.5
1.0
1.0

2583.0
1.0
1.0

2700.0
1.0
1.0

2711.25
1.0
1.0

2763.75
1.0
1.0

2772.75
1.0
1.0

2828.25
1.0
1.0

2835.0
1.0
1.0

2862.0
1.0
1.0

2871.75
1.0
1.0

2882.25
1.0
1.0

2891.25
1.0
1.0

2927.25
1.0
1.0

2934.75
1.0
1.0

2953.5
1.0
1.0

2971.5
1.0
1.0

3051.0
1.0
1.0

3115.5
1.0
1.0

3134.25
1.0
1.0

3142.5
1.0
1.0

3204.75
1.0
1.0

3232.5
1.0
1.0

3294.75
1.0
1.0

3305.25
1.0
1.0

3312.0
1.0
1.0

3330.0
1.0
1.0

