292.25
1.5
1.0

336.5
1.5
1.0

347.0
1.5
1.0

418.25
1.5
1.0

429.5
1.5
1.0

437.75
1.5
1.0

491.75
1.5
1.0

535.25
1.5
1.0

588.5
1.5
1.0

599.0
1.5
1.0

614.0
1.5
1.0

650.75
1.5
1.0

814.25
1.5
1.0

867.5
1.5
1.0

894.5
1.5
1.0

920.75
1.5
1.0

950.0
1.5
1.0

968.0
1.5
1.0

1011.5
1.5
1.0

1041.5
1.5
1.0

1093.25
1.5
1.0

1173.5
1.5
1.0

1256.0
1.5
1.0

1264.25
1.5
1.0

1281.5
1.5
1.0

1336.25
1.5
1.0

1353.5
1.5
1.0

1362.5
1.5
1.0

1373.0
1.5
1.0

1406.0
1.5
1.0

1451.0
1.5
1.0

1515.5
1.5
1.0

1551.5
1.5
1.0

1577.75
1.5
1.0

1616.0
1.5
1.0

1662.5
1.5
1.0

