1359.8
1.5
1.0

1426.3
1.5
1.0

1464.3
1.5
1.0

1502.8
1.5
1.0

1513.8
1.5
1.0

1555.3
1.5
1.0

1665.8
1.5
1.0

1727.3
1.5
1.0

1744.3
1.5
1.0

1873.3
1.5
1.0

1881.8
1.5
1.0

1900.3
1.5
1.0

2020.3
1.5
1.0

2119.8
1.5
1.0

2178.8
1.5
1.0

2214.8
1.5
1.0

3404.8
1.5
1.0

3472.3
1.5
1.0

3503.8
1.5
1.0

3540.8
1.5
1.0

3614.8
1.5
1.0

3724.8
1.5
1.0

3761.3
1.5
1.0

3855.3
1.5
1.0

3959.3
1.5
1.0

3997.3
1.5
1.0

4017.3
1.5
1.0

4054.3
1.5
1.0

4064.3
1.5
1.0

4073.8
1.5
1.0

4180.8
1.5
1.0

4237.3
1.5
1.0

