311.0
1.5
1.0

365.0
1.5
1.0

374.0
1.5
1.0

390.5
1.5
1.0

434.75
1.5
1.0

454.25
1.5
1.0

464.75
1.5
1.0

471.5
1.5
1.0

527.0
1.5
1.0

534.5
1.5
1.0

544.25
1.5
1.0

581.0
1.5
1.0

668.0
1.5
1.0

714.5
1.5
1.0

723.5
1.5
1.0

749.75
1.5
1.0

769.25
1.5
1.0

848.75
1.5
1.0

938.0
1.5
1.0

1029.5
1.5
1.0

1092.5
1.5
1.0

1109.75
1.5
1.0

1120.25
1.5
1.0

1136.75
1.5
1.0

1146.5
1.5
1.0

1300.25
1.5
1.0

1309.25
1.5
1.0

1326.5
1.5
1.0

1344.5
1.5
1.0

1425.5
1.5
1.0

1443.5
1.5
1.0

1479.5
1.5
1.0

1487.75
1.5
1.0

1569.5
1.5
1.0

1635.5
1.5
1.0

1653.5
1.5
1.0

1697.0
1.5
1.0

1706.75
1.5
1.0

1714.25
1.5
1.0

1823.0
1.5
1.0

1829.75
1.5
1.0

1913.75
1.5
1.0

