1275.3
1.5
1.0

1398.8
1.5
1.0

1444.3
1.5
1.0

1500.8
1.5
1.0

1526.3
1.5
1.0

1554.3
1.5
1.0

1601.3
1.5
1.0

1759.8
1.5
1.0

1851.8
1.5
1.0

1971.3
1.5
1.0

1991.8
1.5
1.0

2020.3
1.5
1.0

2040.3
1.5
1.0

2095.3
1.5
1.0

2103.3
1.5
1.0

2158.8
1.5
1.0

3239.3
1.5
1.0

3297.3
1.5
1.0

3323.8
1.5
1.0

3476.3
1.5
1.0

3540.8
1.5
1.0

3595.8
1.5
1.0

3613.8
1.5
1.0

3761.3
1.5
1.0

3823.8
1.5
1.0

3888.3
1.5
1.0

3908.8
1.5
1.0

3936.3
1.5
1.0

3952.8
1.5
1.0

4037.8
1.5
1.0

4099.3
1.5
1.0

4108.3
1.5
1.0

