27.75
1.0
1.0

54.75
1.0
1.0

63.75
1.0
1.0

90.0
1.0
1.0

99.0
1.0
1.0

128.25
1.0
1.0

137.25
1.0
1.0

144.0
1.0
1.0

173.25
1.0
1.0

189.75
1.0
1.0

198.75
1.0
1.0

207.0
1.0
1.0

227.25
1.0
1.0

236.25
1.0
1.0

252.75
1.0
1.0

270.0
1.0
1.0

315.75
1.0
1.0

369.0
1.0
1.0

396.75
1.0
1.0

405.0
1.0
1.0

415.5
1.0
1.0

441.75
1.0
1.0

459.75
1.0
1.0

470.25
1.0
1.0

477.75
1.0
1.0

486.0
1.0
1.0

506.25
1.0
1.0

513.75
1.0
1.0

533.25
1.0
1.0

549.75
1.0
1.0

614.25
1.0
1.0

622.5
1.0
1.0

639.75
1.0
1.0

667.5
1.0
1.0

676.5
1.0
1.0

695.25
1.0
1.0

