1118.25
1.0
1.0

1125.0
1.0
1.0

1135.5
1.0
1.0

1153.5
1.0
1.0

1179.0
1.0
1.0

1199.25
1.0
1.0

1215.0
1.0
1.0

1233.75
1.0
1.0

1287.75
1.0
1.0

1296.75
1.0
1.0

1305.75
1.0
1.0

1323.75
1.0
1.0

1343.25
1.0
1.0

1352.25
1.0
1.0

1395.75
1.0
1.0

1405.5
1.0
1.0

1414.5
1.0
1.0

1424.25
1.0
1.0

1458.75
1.0
1.0

1476.0
1.0
1.0

1504.5
1.0
1.0

1530.0
1.0
1.0

1549.5
1.0
1.0

1566.0
1.0
1.0

1622.25
1.0
1.0

1631.25
1.0
1.0

1665.75
1.0
1.0

1675.5
1.0
1.0

1701.75
1.0
1.0

1721.25
1.0
1.0

1728.0
1.0
1.0

1755.75
1.0
1.0

1765.5
1.0
1.0

1773.0
1.0
1.0

1800.75
1.0
1.0

1809.0
1.0
1.0

2674.5
1.0
1.0

2709.0
1.0
1.0

2737.5
1.0
1.0

2754.0
1.0
1.0

2765.25
1.0
1.0

2792.25
1.0
1.0

2799.0
1.0
1.0

2828.25
1.0
1.0

2873.25
1.0
1.0

2891.25
1.0
1.0

2898.0
1.0
1.0

2925.75
1.0
1.0

2935.5
1.0
1.0

2945.25
1.0
1.0

2961.75
1.0
1.0

2970.75
1.0
1.0

2988.0
1.0
1.0

3006.75
1.0
1.0

3015.0
1.0
1.0

3024.0
1.0
1.0

3053.25
1.0
1.0

3069.0
1.0
1.0

3087.0
1.0
1.0

3098.25
1.0
1.0

3105.75
1.0
1.0

3123.75
1.0
1.0

3159.75
1.0
1.0

3170.25
1.0
1.0

3204.0
1.0
1.0

3215.25
1.0
1.0

3231.75
1.0
1.0

3249.0
1.0
1.0

3285.75
1.0
1.0

3303.75
1.0
1.0

3321.0
1.0
1.0

3341.25
1.0
1.0

