1116.75
1.0
1.0

1125.75
1.0
1.0

1143.0
1.0
1.0

1163.25
1.0
1.0

1180.5
1.0
1.0

1215.0
1.0
1.0

1226.25
1.0
1.0

1251.75
1.0
1.0

1260.0
1.0
1.0

1279.5
1.0
1.0

1306.5
1.0
1.0

1315.5
1.0
1.0

1323.0
1.0
1.0

1342.5
1.0
1.0

1352.25
1.0
1.0

1368.0
1.0
1.0

1395.75
1.0
1.0

1404.0
1.0
1.0

1460.25
1.0
1.0

1469.25
1.0
1.0

1476.0
1.0
1.0

1485.0
1.0
1.0

1505.25
1.0
1.0

1541.25
1.0
1.0

1595.25
1.0
1.0

1612.5
1.0
1.0

1620.75
1.0
1.0

1638.0
1.0
1.0

1667.25
1.0
1.0

1674.0
1.0
1.0

1701.75
1.0
1.0

1764.75
1.0
1.0

1774.5
1.0
1.0

1782.0
1.0
1.0

1810.5
1.0
1.0

1818.0
1.0
1.0

2656.5
1.0
1.0

2665.5
1.0
1.0

2702.25
1.0
1.0

2710.5
1.0
1.0

2738.25
1.0
1.0

2756.25
1.0
1.0

2765.25
1.0
1.0

2772.75
1.0
1.0

2819.25
1.0
1.0

2854.5
1.0
1.0

2862.0
1.0
1.0

2880.0
1.0
1.0

2889.0
1.0
1.0

2900.25
1.0
1.0

2925.75
1.0
1.0

2934.0
1.0
1.0

2943.0
1.0
1.0

2952.75
1.0
1.0

2981.25
1.0
1.0

3007.5
1.0
1.0

3016.5
1.0
1.0

3044.25
1.0
1.0

3053.25
1.0
1.0

3060.75
1.0
1.0

3096.0
1.0
1.0

3106.5
1.0
1.0

3160.5
1.0
1.0

3224.25
1.0
1.0

3232.5
1.0
1.0

3240.75
1.0
1.0

3260.25
1.0
1.0

3285.75
1.0
1.0

3303.0
1.0
1.0

3312.0
1.0
1.0

3331.5
1.0
1.0

3348.0
1.0
1.0

