461.5
4.8
1.0

488.0
4.8
1.0

507.0
4.8
1.0

533.5
4.8
1.0

552.5
4.8
1.0

611.5
4.8
1.0

638.5
4.8
1.0

659.0
4.8
1.0

687.0
4.8
1.0

726.0
4.8
1.0

735.0
4.8
1.0

744.0
4.8
1.0

777.0
4.8
1.0

794.5
4.8
1.0

811.5
4.8
1.0

846.5
4.8
1.0

865.5
4.8
1.0

874.0
4.8
1.0

953.5
4.8
1.0

971.5
4.8
1.0

1019.0
4.8
1.0

1060.5
4.8
1.0

1070.0
4.8
1.0

1099.5
4.8
1.0

1128.5
4.8
1.0

1164.0
4.8
1.0

1203.0
4.8
1.0

1269.0
4.8
1.0

1288.5
4.8
1.0

1304.5
4.8
1.0

1313.0
4.8
1.0

1331.5
4.8
1.0

3298.5
4.8
1.0

3306.5
4.8
1.0

3324.5
4.8
1.0

3386.0
4.8
1.0

3404.0
4.8
1.0

3412.5
4.8
1.0

3512.5
4.8
1.0

3541.0
4.8
1.0

3617.5
4.8
1.0

3636.5
4.8
1.0

3663.0
4.8
1.0

3693.0
4.8
1.0

3720.0
4.8
1.0

3748.5
4.8
1.0

3802.0
4.8
1.0

3818.5
4.8
1.0

3829.5
4.8
1.0

3886.5
4.8
1.0

3903.0
4.8
1.0

3931.5
4.8
1.0

3941.5
4.8
1.0

3979.5
4.8
1.0

4007.5
4.8
1.0

4060.0
4.8
1.0

4069.5
4.8
1.0

4110.0
4.8
1.0

4119.5
4.8
1.0

4128.5
4.8
1.0

4138.5
4.8
1.0

4164.5
4.8
1.0

4173.5
4.8
1.0

4199.0
4.8
1.0

