255.8
1.5
1.0

390.8
1.5
1.0

438.8
1.5
1.0

456.3
1.5
1.0

540.3
1.5
1.0

744.3
1.5
1.0

843.8
1.5
1.0

976.8
1.5
1.0

1030.8
1.5
1.0

1066.3
1.5
1.0

1076.8
1.5
1.0

1131.3
1.5
1.0

1159.8
1.5
1.0

1174.8
1.5
1.0

1192.3
1.5
1.0

1202.3
1.5
1.0

3178.8
1.5
1.0

3188.3
1.5
1.0

3261.8
1.5
1.0

3351.3
1.5
1.0

3522.8
1.5
1.0

3562.3
1.5
1.0

3658.3
1.5
1.0

3686.3
1.5
1.0

3733.8
1.5
1.0

3750.3
1.5
1.0

3834.3
1.5
1.0

3867.8
1.5
1.0

3876.3
1.5
1.0

3939.3
1.5
1.0

3948.8
1.5
1.0

4025.3
1.5
1.0

