390.3
1.5
1.0

449.3
1.5
1.0

457.8
1.5
1.0

475.3
1.5
1.0

596.3
1.5
1.0

634.8
1.5
1.0

655.3
1.5
1.0

765.8
1.5
1.0

772.8
1.5
1.0

908.8
1.5
1.0

939.3
1.5
1.0

995.3
1.5
1.0

1124.3
1.5
1.0

1246.8
1.5
1.0

1327.3
1.5
1.0

1345.8
1.5
1.0

3339.8
1.5
1.0

3528.8
1.5
1.0

3604.3
1.5
1.0

3613.8
1.5
1.0

3651.3
1.5
1.0

3717.8
1.5
1.0

3735.3
1.5
1.0

3762.3
1.5
1.0

3899.3
1.5
1.0

4046.3
1.5
1.0

4057.3
1.5
1.0

4153.3
1.5
1.0

4161.3
1.5
1.0

4195.8
1.5
1.0

4214.8
1.5
1.0

4240.8
1.5
1.0

