399.8
1.5
1.0

428.8
1.5
1.0

502.3
1.5
1.0

519.3
1.5
1.0

607.8
1.5
1.0

624.8
1.5
1.0

722.3
1.5
1.0

757.8
1.5
1.0

835.3
1.5
1.0

898.3
1.5
1.0

1031.8
1.5
1.0

1040.8
1.5
1.0

1048.8
1.5
1.0

1056.8
1.5
1.0

1198.8
1.5
1.0

1301.8
1.5
1.0

3295.3
1.5
1.0

3347.3
1.5
1.0

3401.8
1.5
1.0

3428.3
1.5
1.0

3483.3
1.5
1.0

3537.3
1.5
1.0

3565.3
1.5
1.0

3632.3
1.5
1.0

3688.3
1.5
1.0

3744.8
1.5
1.0

3854.3
1.5
1.0

3863.3
1.5
1.0

3882.3
1.5
1.0

4083.3
1.5
1.0

4090.8
1.5
1.0

4187.8
1.5
1.0

