298.5
1.0
1.0

342.0
1.0
1.0

388.5
1.0
1.0

396.75
1.0
1.0

415.5
1.0
1.0

423.0
1.0
1.0

478.5
1.0
1.0

496.5
1.0
1.0

523.5
1.0
1.0

532.5
1.0
1.0

612.75
1.0
1.0

630.0
1.0
1.0

668.25
1.0
1.0

677.25
1.0
1.0

703.5
1.0
1.0

740.25
1.0
1.0

783.0
1.0
1.0

811.5
1.0
1.0

884.25
1.0
1.0

900.0
1.0
1.0

929.25
1.0
1.0

945.75
1.0
1.0

983.25
1.0
1.0

1009.5
1.0
1.0

1027.5
1.0
1.0

1081.5
1.0
1.0

1091.25
1.0
1.0

1107.0
1.0
1.0

1118.25
1.0
1.0

1127.25
1.0
1.0

1143.75
1.0
1.0

1162.5
1.0
1.0

1233.0
1.0
1.0

1244.25
1.0
1.0

1278.75
1.0
1.0

1306.5
1.0
1.0

1314.0
1.0
1.0

1325.25
1.0
1.0

1361.25
1.0
1.0

1404.75
1.0
1.0

1467.75
1.0
1.0

1505.25
1.0
1.0

1523.25
1.0
1.0

1530.0
1.0
1.0

1567.5
1.0
1.0

1602.75
1.0
1.0

1612.5
1.0
1.0

1622.25
1.0
1.0

1692.75
1.0
1.0

1720.5
1.0
1.0

1737.75
1.0
1.0

1791.75
1.0
1.0

1838.25
1.0
1.0

1865.25
1.0
1.0

1917.0
1.0
1.0

1937.25
1.0
1.0

