307.5
1.0
1.0

316.5
1.0
1.0

406.5
1.0
1.0

433.5
1.0
1.0

442.5
1.0
1.0

459.0
1.0
1.0

468.75
1.0
1.0

504.75
1.0
1.0

585.75
1.0
1.0

622.5
1.0
1.0

648.0
1.0
1.0

658.5
1.0
1.0

685.5
1.0
1.0

693.0
1.0
1.0

747.75
1.0
1.0

758.25
1.0
1.0

767.25
1.0
1.0

792.75
1.0
1.0

803.25
1.0
1.0

819.0
1.0
1.0

846.0
1.0
1.0

873.75
1.0
1.0

954.75
1.0
1.0

963.0
1.0
1.0

1019.25
1.0
1.0

1035.75
1.0
1.0

1045.5
1.0
1.0

1053.75
1.0
1.0

1134.0
1.0
1.0

1180.5
1.0
1.0

1207.5
1.0
1.0

1224.0
1.0
1.0

1251.0
1.0
1.0

1260.0
1.0
1.0

1287.75
1.0
1.0

1342.5
1.0
1.0

1379.25
1.0
1.0

1449.0
1.0
1.0

1460.25
1.0
1.0

1486.5
1.0
1.0

1494.0
1.0
1.0

1514.25
1.0
1.0

1539.0
1.0
1.0

1577.25
1.0
1.0

1595.25
1.0
1.0

1638.75
1.0
1.0

1647.0
1.0
1.0

1701.0
1.0
1.0

1746.0
1.0
1.0

1775.25
1.0
1.0

1783.5
1.0
1.0

1829.25
1.0
1.0

1846.5
1.0
1.0

1855.5
1.0
1.0

1881.75
1.0
1.0

1908.0
1.0
1.0

