1984.75
2.0
1.0

2091.25
2.0
1.0

2138.5
2.0
1.0

2189.5
2.0
1.0

2200.75
2.0
1.0

2228.5
2.0
1.0

2299.0
2.0
1.0

2344.0
2.0
1.0

2353.0
2.0
1.0

2380.0
2.0
1.0

2397.25
2.0
1.0

2406.25
2.0
1.0

2470.0
2.0
1.0

2503.75
2.0
1.0

2515.0
2.0
1.0

2604.25
2.0
1.0

2615.5
2.0
1.0

2639.5
2.0
1.0

2695.0
2.0
1.0

2767.0
2.0
1.0

2784.25
2.0
1.0

2793.25
2.0
1.0

2902.75
2.0
1.0

2947.75
2.0
1.0

2982.25
2.0
1.0

2989.75
2.0
1.0

3028.75
2.0
1.0

3080.5
2.0
1.0

3125.5
2.0
1.0

3163.0
2.0
1.0

3190.0
2.0
1.0

3253.75
2.0
1.0

3289.0
2.0
1.0

3315.25
2.0
1.0

3325.0
2.0
1.0

3361.75
2.0
1.0

