1974.5
1.5
1.0

1986.5
1.5
1.0

2055.5
1.5
1.0

2065.25
1.5
1.0

2174.75
1.5
1.0

2192.75
1.5
1.0

2199.5
1.5
1.0

2272.25
1.5
1.0

2279.75
1.5
1.0

2328.5
1.5
1.0

2372.75
1.5
1.0

2396.75
1.5
1.0

2416.25
1.5
1.0

2427.5
1.5
1.0

2461.25
1.5
1.0

2488.25
1.5
1.0

2561.75
1.5
1.0

2568.5
1.5
1.0

2768.75
1.5
1.0

2874.5
1.5
1.0

2883.5
1.5
1.0

2912.75
1.5
1.0

2918.75
1.5
1.0

2966.0
1.5
1.0

3029.0
1.5
1.0

3045.5
1.5
1.0

3092.0
1.5
1.0

3109.25
1.5
1.0

3134.0
1.5
1.0

3154.25
1.5
1.0

3198.5
1.5
1.0

3262.25
1.5
1.0

3291.5
1.5
1.0

3316.25
1.5
1.0

3345.5
1.5
1.0

3351.5
1.5
1.0

