289.5
1.0
1.0

325.5
1.0
1.0

362.25
1.0
1.0

369.0
1.0
1.0

378.75
1.0
1.0

397.5
1.0
1.0

451.5
1.0
1.0

477.75
1.0
1.0

496.5
1.0
1.0

515.25
1.0
1.0

541.5
1.0
1.0

549.75
1.0
1.0

558.75
1.0
1.0

569.25
1.0
1.0

585.0
1.0
1.0

604.5
1.0
1.0

614.25
1.0
1.0

649.5
1.0
1.0

658.5
1.0
1.0

666.0
1.0
1.0

711.0
1.0
1.0

729.0
1.0
1.0

757.5
1.0
1.0

765.75
1.0
1.0

774.75
1.0
1.0

819.75
1.0
1.0

830.25
1.0
1.0

839.25
1.0
1.0

846.0
1.0
1.0

866.25
1.0
1.0

900.0
1.0
1.0

929.25
1.0
1.0

936.0
1.0
1.0

954.0
1.0
1.0

973.5
1.0
1.0

981.0
1.0
1.0

2664.75
1.0
1.0

2673.75
1.0
1.0

2682.75
1.0
1.0

2700.0
1.0
1.0

2727.0
1.0
1.0

2754.0
1.0
1.0

2799.0
1.0
1.0

2808.75
1.0
1.0

2817.0
1.0
1.0

2827.5
1.0
1.0

2873.25
1.0
1.0

2889.0
1.0
1.0

2916.75
1.0
1.0

2943.0
1.0
1.0

2962.5
1.0
1.0

2979.75
1.0
1.0

2997.0
1.0
1.0

3006.75
1.0
1.0

3034.5
1.0
1.0

3044.25
1.0
1.0

3061.5
1.0
1.0

3116.25
1.0
1.0

3124.5
1.0
1.0

3133.5
1.0
1.0

3151.5
1.0
1.0

3168.75
1.0
1.0

3177.75
1.0
1.0

3196.5
1.0
1.0

3213.75
1.0
1.0

3222.75
1.0
1.0

3242.25
1.0
1.0

3287.25
1.0
1.0

3294.0
1.0
1.0

3304.5
1.0
1.0

3348.0
1.0
1.0

3357.0
1.0
1.0

