1009.5
1.0
1.0

1018.5
1.0
1.0

1064.25
1.0
1.0

1089.75
1.0
1.0

1098.0
1.0
1.0

1118.25
1.0
1.0

1125.0
1.0
1.0

1180.5
1.0
1.0

1217.25
1.0
1.0

1251.75
1.0
1.0

1341.75
1.0
1.0

1359.0
1.0
1.0

1406.25
1.0
1.0

1431.0
1.0
1.0

1467.0
1.0
1.0

1485.75
1.0
1.0

1503.75
1.0
1.0

1512.75
1.0
1.0

1540.5
1.0
1.0

1575.75
1.0
1.0

1612.5
1.0
1.0

1629.75
1.0
1.0

1665.0
1.0
1.0

1703.25
1.0
1.0

1729.5
1.0
1.0

1756.5
1.0
1.0

1764.0
1.0
1.0

1809.75
1.0
1.0

1856.25
1.0
1.0

1863.75
1.0
1.0

1882.5
1.0
1.0

1909.5
1.0
1.0

1917.75
1.0
1.0

1971.0
1.0
1.0

2034.0
1.0
1.0

2043.0
1.0
1.0

2054.25
1.0
1.0

2061.0
1.0
1.0

2116.5
1.0
1.0

2142.0
1.0
1.0

2196.0
1.0
1.0

2215.5
1.0
1.0

2225.25
1.0
1.0

2286.75
1.0
1.0

2306.25
1.0
1.0

2313.75
1.0
1.0

2322.0
1.0
1.0

2367.0
1.0
1.0

2385.75
1.0
1.0

2405.25
1.0
1.0

2412.0
1.0
1.0

2466.75
1.0
1.0

2485.5
1.0
1.0

2583.0
1.0
1.0

2602.5
1.0
1.0

2619.0
1.0
1.0

