1089.75
1.0
1.0

1098.75
1.0
1.0

1125.75
1.0
1.0

1161.0
1.0
1.0

1208.25
1.0
1.0

1234.5
1.0
1.0

1244.25
1.0
1.0

1261.5
1.0
1.0

1287.0
1.0
1.0

1306.5
1.0
1.0

1342.5
1.0
1.0

1369.5
1.0
1.0

1388.25
1.0
1.0

1395.75
1.0
1.0

1413.0
1.0
1.0

1422.75
1.0
1.0

1467.0
1.0
1.0

1503.75
1.0
1.0

1530.75
1.0
1.0

1548.75
1.0
1.0

1602.75
1.0
1.0

1630.5
1.0
1.0

1656.0
1.0
1.0

1666.5
1.0
1.0

1692.75
1.0
1.0

1738.5
1.0
1.0

1755.75
1.0
1.0

1764.0
1.0
1.0

1836.75
1.0
1.0

1864.5
1.0
1.0

1919.25
1.0
1.0

1955.25
1.0
1.0

2017.5
1.0
1.0

2025.75
1.0
1.0

2063.25
1.0
1.0

2116.5
1.0
1.0

2134.5
1.0
1.0

2162.25
1.0
1.0

2170.5
1.0
1.0

2188.5
1.0
1.0

2207.25
1.0
1.0

2259.0
1.0
1.0

2268.75
1.0
1.0

2287.5
1.0
1.0

2306.25
1.0
1.0

2322.75
1.0
1.0

2340.75
1.0
1.0

2368.5
1.0
1.0

2394.75
1.0
1.0

2403.0
1.0
1.0

2412.75
1.0
1.0

2439.75
1.0
1.0

2459.25
1.0
1.0

2530.5
1.0
1.0

2574.0
1.0
1.0

2628.75
1.0
1.0

