310.25
1.5
1.0

354.5
1.5
1.0

408.5
1.5
1.0

416.75
1.5
1.0

462.5
1.5
1.0

470.0
1.5
1.0

491.0
1.5
1.0

599.75
1.5
1.0

625.25
1.5
1.0

634.25
1.5
1.0

642.5
1.5
1.0

695.75
1.5
1.0

707.0
1.5
1.0

723.5
1.5
1.0

860.0
1.5
1.0

878.75
1.5
1.0

966.5
1.5
1.0

993.5
1.5
1.0

2659.25
1.5
1.0

2740.25
1.5
1.0

2784.5
1.5
1.0

2849.0
1.5
1.0

2856.5
1.5
1.0

2867.0
1.5
1.0

2903.0
1.5
1.0

2927.75
1.5
1.0

2957.0
1.5
1.0

2993.75
1.5
1.0

3029.0
1.5
1.0

3080.75
1.5
1.0

3092.0
1.5
1.0

3107.75
1.5
1.0

3209.0
1.5
1.0

3326.75
1.5
1.0

3335.0
1.5
1.0

3341.75
1.5
1.0

