300.5
1.5
1.0

318.5
1.5
1.0

345.5
1.5
1.0

390.5
1.5
1.0

437.75
1.5
1.0

443.75
1.5
1.0

524.0
1.5
1.0

533.75
1.5
1.0

581.75
1.5
1.0

689.75
1.5
1.0

743.0
1.5
1.0

787.25
1.5
1.0

796.25
1.5
1.0

806.75
1.5
1.0

893.0
1.5
1.0

913.25
1.5
1.0

922.25
1.5
1.0

949.25
1.5
1.0

2714.0
1.5
1.0

2723.0
1.5
1.0

2747.0
1.5
1.0

2767.25
1.5
1.0

2776.25
1.5
1.0

2839.25
1.5
1.0

2884.25
1.5
1.0

2939.75
1.5
1.0

3020.0
1.5
1.0

3055.25
1.5
1.0

3101.0
1.5
1.0

3145.25
1.5
1.0

3190.25
1.5
1.0

3253.25
1.5
1.0

3261.5
1.5
1.0

3272.75
1.5
1.0

3279.5
1.5
1.0

3316.25
1.5
1.0

