3238.0
4.8
1.0

3297.5
4.8
1.0

3306.0
4.8
1.0

3374.5
4.8
1.0

3383.0
4.8
1.0

3426.0
4.8
1.0

3444.0
4.8
1.0

3471.5
4.8
1.0

3491.0
4.8
1.0

3498.0
4.8
1.0

3507.0
4.8
1.0

3571.5
4.8
1.0

3581.5
4.8
1.0

3627.0
4.8
1.0

3642.5
4.8
1.0

3723.0
4.8
1.0

3752.5
4.8
1.0

3769.5
4.8
1.0

3806.5
4.8
1.0

3826.0
4.8
1.0

3844.0
4.8
1.0

3872.0
4.8
1.0

3911.0
4.8
1.0

3958.5
4.8
1.0

3969.5
4.8
1.0

4036.0
4.8
1.0

4044.5
4.8
1.0

4052.0
4.8
1.0

4088.0
4.8
1.0

4098.5
4.8
1.0

4107.5
4.8
1.0

4117.5
4.8
1.0

