2223.0
4.8
1.0

2241.0
4.8
1.0

2251.0
4.8
1.0

2260.0
4.8
1.0

2279.5
4.8
1.0

2289.0
4.8
1.0

2333.0
4.8
1.0

2371.5
4.8
1.0

2380.5
4.8
1.0

2389.0
4.8
1.0

2409.0
4.8
1.0

2418.0
4.8
1.0

2503.5
4.8
1.0

2617.5
4.8
1.0

2637.5
4.8
1.0

2647.0
4.8
1.0

2693.5
4.8
1.0

2713.0
4.8
1.0

2786.5
4.8
1.0

2807.0
4.8
1.0

2862.5
4.8
1.0

2880.5
4.8
1.0

2926.5
4.8
1.0

2945.5
4.8
1.0

2954.5
4.8
1.0

2983.0
4.8
1.0

2992.5
4.8
1.0

3019.0
4.8
1.0

3076.0
4.8
1.0

3085.5
4.8
1.0

3094.0
4.8
1.0

3140.0
4.8
1.0

