2192.0
4.8
1.0

2202.5
4.8
1.0

2324.5
4.8
1.0

2398.5
4.8
1.0

2429.0
4.8
1.0

2465.0
4.8
1.0

2473.0
4.8
1.0

2482.5
4.8
1.0

2492.0
4.8
1.0

2512.0
4.8
1.0

2520.0
4.8
1.0

2528.5
4.8
1.0

2554.0
4.8
1.0

2563.0
4.8
1.0

2570.5
4.8
1.0

2599.5
4.8
1.0

2608.0
4.8
1.0

2627.0
4.8
1.0

2665.5
4.8
1.0

2720.5
4.8
1.0

2730.0
4.8
1.0

2757.5
4.8
1.0

2797.0
4.8
1.0

2835.5
4.8
1.0

2899.0
4.8
1.0

2908.0
4.8
1.0

2918.0
4.8
1.0

3038.0
4.8
1.0

3049.0
4.8
1.0

3057.5
4.8
1.0

3103.5
4.8
1.0

3123.0
4.8
1.0

