1221.5
4.8
1.0

1239.5
4.8
1.0

1248.5
4.8
1.0

1298.5
4.8
1.0

1325.0
4.8
1.0

1355.0
4.8
1.0

1383.5
4.8
1.0

1393.5
4.8
1.0

1403.5
4.8
1.0

1497.0
4.8
1.0

1507.0
4.8
1.0

1556.5
4.8
1.0

1573.5
4.8
1.0

1652.5
4.8
1.0

1696.5
4.8
1.0

1740.0
4.8
1.0

1806.0
4.8
1.0

1817.5
4.8
1.0

1837.5
4.8
1.0

1857.0
4.8
1.0

1882.0
4.8
1.0

1922.0
4.8
1.0

1950.0
4.8
1.0

1959.5
4.8
1.0

1969.5
4.8
1.0

1998.0
4.8
1.0

2042.5
4.8
1.0

2053.5
4.8
1.0

2103.0
4.8
1.0

2123.5
4.8
1.0

2159.0
4.8
1.0

2186.0
4.8
1.0

