0.75
1.0
1.0

9.75
1.0
1.0

29.25
1.0
1.0

36.75
1.0
1.0

45.75
1.0
1.0

65.25
1.0
1.0

72.75
1.0
1.0

117.75
1.0
1.0

127.5
1.0
1.0

154.5
1.0
1.0

163.5
1.0
1.0

180.75
1.0
1.0

200.25
1.0
1.0

207.75
1.0
1.0

226.5
1.0
1.0

261.75
1.0
1.0

298.5
1.0
1.0

325.5
1.0
1.0

378.0
1.0
1.0

388.5
1.0
1.0

424.5
1.0
1.0

461.25
1.0
1.0

479.25
1.0
1.0

486.75
1.0
1.0

522.75
1.0
1.0

531.75
1.0
1.0

540.75
1.0
1.0

569.25
1.0
1.0

605.25
1.0
1.0

612.0
1.0
1.0

623.25
1.0
1.0

639.0
1.0
1.0

657.0
1.0
1.0

675.0
1.0
1.0

695.25
1.0
1.0

703.5
1.0
1.0

