372.0
4.8
1.0

389.5
4.8
1.0

398.0
4.8
1.0

424.0
4.8
1.0

471.0
4.8
1.0

526.0
4.8
1.0

560.0
4.8
1.0

578.0
4.8
1.0

587.5
4.8
1.0

607.5
4.8
1.0

617.0
4.8
1.0

632.0
4.8
1.0

668.0
4.8
1.0

677.0
4.8
1.0

723.5
4.8
1.0

742.5
4.8
1.0

782.5
4.8
1.0

809.0
4.8
1.0

816.0
4.8
1.0

825.0
4.8
1.0

834.5
4.8
1.0

873.0
4.8
1.0

918.0
4.8
1.0

936.5
4.8
1.0

946.0
4.8
1.0

955.5
4.8
1.0

973.5
4.8
1.0

983.5
4.8
1.0

1039.0
4.8
1.0

1046.0
4.8
1.0

1054.5
4.8
1.0

1070.0
4.8
1.0

1099.5
4.8
1.0

1108.5
4.8
1.0

1127.5
4.8
1.0

1137.0
4.8
1.0

1156.5
4.8
1.0

1165.0
4.8
1.0

1203.5
4.8
1.0

1213.0
4.8
1.0

1232.0
4.8
1.0

1241.0
4.8
1.0

1258.0
4.8
1.0

1276.5
4.8
1.0

1286.0
4.8
1.0

1294.0
4.8
1.0

1303.5
4.8
1.0

1320.0
4.8
1.0

1331.0
4.8
1.0

1341.0
4.8
1.0

1350.5
4.8
1.0

1368.0
4.8
1.0

1379.5
4.8
1.0

1388.0
4.8
1.0

1404.5
4.8
1.0

1414.5
4.8
1.0

1451.0
4.8
1.0

1459.5
4.8
1.0

1468.5
4.8
1.0

1487.0
4.8
1.0

1507.0
4.8
1.0

1527.0
4.8
1.0

1545.0
4.8
1.0

1555.5
4.8
1.0

1591.0
4.8
1.0

1598.0
4.8
1.0

1617.5
4.8
1.0

1627.5
4.8
1.0

1674.0
4.8
1.0

1698.5
4.8
1.0

1739.5
4.8
1.0

1749.5
4.8
1.0

1759.5
4.8
1.0

1803.5
4.8
1.0

1831.0
4.8
1.0

1858.5
4.8
1.0

1869.0
4.8
1.0

1886.0
4.8
1.0

1903.0
4.8
1.0

1933.0
4.8
1.0

1964.0
4.8
1.0

1992.0
4.8
1.0

2048.5
4.8
1.0

2067.0
4.8
1.0

2074.5
4.8
1.0

2084.0
4.8
1.0

2092.5
4.8
1.0

2118.0
4.8
1.0

2127.5
4.8
1.0

2137.5
4.8
1.0

2172.0
4.8
1.0

2188.0
4.8
1.0

2197.0
4.8
1.0

2232.0
4.8
1.0

2240.5
4.8
1.0

2280.0
4.8
1.0

