1000.5
1.0
1.0

1017.0
1.0
1.0

1035.0
1.0
1.0

1053.0
1.0
1.0

1071.0
1.0
1.0

1090.5
1.0
1.0

1107.75
1.0
1.0

1125.0
1.0
1.0

1171.5
1.0
1.0

1206.0
1.0
1.0

1251.0
1.0
1.0

1260.75
1.0
1.0

1278.75
1.0
1.0

1287.0
1.0
1.0

1342.5
1.0
1.0

1351.5
1.0
1.0

1415.25
1.0
1.0

1431.0
1.0
1.0

1458.75
1.0
1.0

1485.75
1.0
1.0

1566.75
1.0
1.0

1612.5
1.0
1.0

1629.75
1.0
1.0

1649.25
1.0
1.0

1658.25
1.0
1.0

1719.0
1.0
1.0

1774.5
1.0
1.0

1800.75
1.0
1.0

1829.25
1.0
1.0

1836.75
1.0
1.0

1845.0
1.0
1.0

1855.5
1.0
1.0

1874.25
1.0
1.0

1881.0
1.0
1.0

1917.75
1.0
1.0

1936.5
1.0
1.0

1998.0
1.0
1.0

2017.5
1.0
1.0

2034.0
1.0
1.0

2052.75
1.0
1.0

2088.75
1.0
1.0

2135.25
1.0
1.0

2215.5
1.0
1.0

2224.5
1.0
1.0

2232.0
1.0
1.0

2295.75
1.0
1.0

2306.25
1.0
1.0

2314.5
1.0
1.0

2376.75
1.0
1.0

2440.5
1.0
1.0

2466.75
1.0
1.0

2521.5
1.0
1.0

2547.0
1.0
1.0

2593.5
1.0
1.0

2610.0
1.0
1.0

2621.25
1.0
1.0

