380.0
4.8
1.0

417.0
4.8
1.0

432.5
4.8
1.0

441.0
4.8
1.0

450.5
4.8
1.0

461.0
4.8
1.0

481.0
4.8
1.0

490.5
4.8
1.0

499.0
4.8
1.0

517.0
4.8
1.0

534.5
4.8
1.0

542.5
4.8
1.0

551.5
4.8
1.0

568.5
4.8
1.0

597.0
4.8
1.0

641.0
4.8
1.0

650.5
4.8
1.0

659.0
4.8
1.0

685.5
4.8
1.0

694.5
4.8
1.0

703.0
4.8
1.0

733.0
4.8
1.0

753.5
4.8
1.0

762.5
4.8
1.0

772.0
4.8
1.0

790.5
4.8
1.0

798.0
4.8
1.0

843.0
4.8
1.0

853.5
4.8
1.0

881.5
4.8
1.0

891.0
4.8
1.0

899.0
4.8
1.0

909.5
4.8
1.0

964.5
4.8
1.0

1002.5
4.8
1.0

1010.0
4.8
1.0

1019.5
4.8
1.0

1029.5
4.8
1.0

1062.0
4.8
1.0

1078.0
4.8
1.0

1088.0
4.8
1.0

1146.0
4.8
1.0

1175.5
4.8
1.0

1195.0
4.8
1.0

1222.5
4.8
1.0

1250.5
4.8
1.0

1269.0
4.8
1.0

1312.0
4.8
1.0

1358.5
4.8
1.0

1396.0
4.8
1.0

1425.0
4.8
1.0

1433.0
4.8
1.0

1440.5
4.8
1.0

1477.5
4.8
1.0

1517.0
4.8
1.0

1535.0
4.8
1.0

1564.0
4.8
1.0

1572.0
4.8
1.0

1581.0
4.8
1.0

1636.5
4.8
1.0

1645.0
4.8
1.0

1655.0
4.8
1.0

1664.5
4.8
1.0

1683.0
4.8
1.0

1709.0
4.8
1.0

1719.0
4.8
1.0

1729.5
4.8
1.0

1769.0
4.8
1.0

1786.0
4.8
1.0

1794.0
4.8
1.0

1813.0
4.8
1.0

1821.0
4.8
1.0

1850.0
4.8
1.0

1878.0
4.8
1.0

1894.5
4.8
1.0

1913.5
4.8
1.0

1922.0
4.8
1.0

1940.5
4.8
1.0

1948.5
4.8
1.0

1956.0
4.8
1.0

1984.0
4.8
1.0

2001.0
4.8
1.0

2010.5
4.8
1.0

2018.5
4.8
1.0

2029.5
4.8
1.0

2057.0
4.8
1.0

2110.0
4.8
1.0

2146.0
4.8
1.0

2155.0
4.8
1.0

2180.5
4.8
1.0

2205.0
4.8
1.0

2214.5
4.8
1.0

2224.0
4.8
1.0

2251.5
4.8
1.0

2261.0
4.8
1.0

2270.5
4.8
1.0

