2082.3
1.5
1.0

2203.8
1.5
1.0

2274.3
1.5
1.0

2315.8
1.5
1.0

2335.3
1.5
1.0

2391.8
1.5
1.0

2401.8
1.5
1.0

2467.8
1.5
1.0

2492.8
1.5
1.0

2555.3
1.5
1.0

2621.3
1.5
1.0

2637.8
1.5
1.0

2733.3
1.5
1.0

2761.8
1.5
1.0

2841.3
1.5
1.0

2886.3
1.5
1.0

2984.8
1.5
1.0

3005.3
1.5
1.0

3022.8
1.5
1.0

3183.8
1.5
1.0

3477.3
1.5
1.0

3502.3
1.5
1.0

3512.8
1.5
1.0

3531.3
1.5
1.0

3634.8
1.5
1.0

3654.8
1.5
1.0

3731.3
1.5
1.0

3757.3
1.5
1.0

3777.3
1.5
1.0

3787.3
1.5
1.0

3795.8
1.5
1.0

3924.3
1.5
1.0

