2231.8
1.5
1.0

2379.3
1.5
1.0

2416.8
1.5
1.0

2426.8
1.5
1.0

2516.3
1.5
1.0

2546.3
1.5
1.0

2593.3
1.5
1.0

2602.8
1.5
1.0

2663.3
1.5
1.0

2699.8
1.5
1.0

2803.8
1.5
1.0

2894.8
1.5
1.0

2920.3
1.5
1.0

3048.3
1.5
1.0

3069.8
1.5
1.0

3086.3
1.5
1.0

3192.3
1.5
1.0

3276.8
1.5
1.0

3330.3
1.5
1.0

3444.3
1.5
1.0

3474.3
1.5
1.0

3549.8
1.5
1.0

3731.8
1.5
1.0

3739.3
1.5
1.0

3785.8
1.5
1.0

3876.8
1.5
1.0

3932.3
1.5
1.0

3950.3
1.5
1.0

3978.3
1.5
1.0

4034.3
1.5
1.0

4043.8
1.5
1.0

4089.8
1.5
1.0

