301.75
2.0
1.0

347.5
2.0
1.0

398.5
2.0
1.0

427.75
2.0
1.0

445.75
2.0
1.0

553.0
2.0
1.0

562.0
2.0
1.0

632.5
2.0
1.0

643.0
2.0
1.0

751.75
2.0
1.0

767.5
2.0
1.0

832.75
2.0
1.0

857.5
2.0
1.0

868.0
2.0
1.0

904.0
2.0
1.0

929.5
2.0
1.0

959.5
2.0
1.0

995.5
2.0
1.0

2758.0
2.0
1.0

2777.5
2.0
1.0

2804.5
2.0
1.0

2848.0
2.0
1.0

2884.75
2.0
1.0

2929.0
2.0
1.0

2938.0
2.0
1.0

2955.25
2.0
1.0

2974.0
2.0
1.0

3019.75
2.0
1.0

3118.0
2.0
1.0

3135.25
2.0
1.0

3162.25
2.0
1.0

3207.25
2.0
1.0

3253.75
2.0
1.0

3287.5
2.0
1.0

3295.75
2.0
1.0

3343.0
2.0
1.0

