85.8
1.5
1.0

101.3
1.5
1.0

146.3
1.5
1.0

214.8
1.5
1.0

289.8
1.5
1.0

337.8
1.5
1.0

365.8
1.5
1.0

372.8
1.5
1.0

400.3
1.5
1.0

429.8
1.5
1.0

438.3
1.5
1.0

477.8
1.5
1.0

485.3
1.5
1.0

512.3
1.5
1.0

551.3
1.5
1.0

586.3
1.5
1.0

606.8
1.5
1.0

624.3
1.5
1.0

662.3
1.5
1.0

774.8
1.5
1.0

836.8
1.5
1.0

875.3
1.5
1.0

905.8
1.5
1.0

973.8
1.5
1.0

1056.8
1.5
1.0

1066.8
1.5
1.0

1122.3
1.5
1.0

1161.8
1.5
1.0

1237.3
1.5
1.0

1272.3
1.5
1.0

1317.8
1.5
1.0

1380.8
1.5
1.0

1407.8
1.5
1.0

1435.3
1.5
1.0

1444.3
1.5
1.0

1473.3
1.5
1.0

1493.8
1.5
1.0

1617.3
1.5
1.0

1626.8
1.5
1.0

1676.8
1.5
1.0

1722.3
1.5
1.0

1732.3
1.5
1.0

1807.8
1.5
1.0

1943.8
1.5
1.0

1953.3
1.5
1.0

1970.3
1.5
1.0

2014.8
1.5
1.0

2023.3
1.5
1.0

