1246.0
4.8
1.0

1256.5
4.8
1.0

1283.0
4.8
1.0

1291.5
4.8
1.0

1310.5
4.8
1.0

1341.0
4.8
1.0

1388.5
4.8
1.0

1417.5
4.8
1.0

1472.0
4.8
1.0

1541.0
4.8
1.0

1558.5
4.8
1.0

1587.5
4.8
1.0

1614.5
4.8
1.0

1670.0
4.8
1.0

1686.0
4.8
1.0

1696.5
4.8
1.0

1737.5
4.8
1.0

1810.5
4.8
1.0

1864.0
4.8
1.0

1900.0
4.8
1.0

1908.5
4.8
1.0

1927.5
4.8
1.0

1974.5
4.8
1.0

2003.5
4.8
1.0

2012.0
4.8
1.0

2021.0
4.8
1.0

2050.5
4.8
1.0

2058.5
4.8
1.0

2089.0
4.8
1.0

2109.0
4.8
1.0

2135.0
4.8
1.0

2144.0
4.8
1.0

