2043.0
4.8
1.0

2062.5
4.8
1.0

2089.0
4.8
1.0

2108.0
4.8
1.0

2116.5
4.8
1.0

2126.5
4.8
1.0

2170.0
4.8
1.0

2187.5
4.8
1.0

2204.0
4.8
1.0

2234.0
4.8
1.0

2252.0
4.8
1.0

2281.5
4.8
1.0

2290.5
4.8
1.0

2300.0
4.8
1.0

2337.0
4.8
1.0

2367.0
4.8
1.0

2384.0
4.8
1.0

2393.5
4.8
1.0

2441.0
4.8
1.0

2450.0
4.8
1.0

2458.5
4.8
1.0

2469.0
4.8
1.0

2488.5
4.8
1.0

2541.0
4.8
1.0

2588.5
4.8
1.0

2606.0
4.8
1.0

2615.0
4.8
1.0

2625.0
4.8
1.0

2634.0
4.8
1.0

2660.5
4.8
1.0

2679.5
4.8
1.0

2718.0
4.8
1.0

2744.0
4.8
1.0

2753.5
4.8
1.0

2762.0
4.8
1.0

2773.0
4.8
1.0

2831.0
4.8
1.0

2838.0
4.8
1.0

2866.5
4.8
1.0

2896.0
4.8
1.0

2906.5
4.8
1.0

2914.0
4.8
1.0

2942.5
4.8
1.0

2952.0
4.8
1.0

2973.5
4.8
1.0

2983.5
4.8
1.0

3002.0
4.8
1.0

3011.0
4.8
1.0

3029.5
4.8
1.0

3057.5
4.8
1.0

3067.5
4.8
1.0

3085.5
4.8
1.0

3104.5
4.8
1.0

3140.0
4.8
1.0

3149.0
4.8
1.0

3167.0
4.8
1.0

3175.5
4.8
1.0

3184.5
4.8
1.0

3212.5
4.8
1.0

3222.5
4.8
1.0

3239.0
4.8
1.0

3248.0
4.8
1.0

3276.0
4.8
1.0

3314.5
4.8
1.0

3323.5
4.8
1.0

3332.5
4.8
1.0

3350.0
4.8
1.0

3378.5
4.8
1.0

3386.5
4.8
1.0

3397.5
4.8
1.0

3441.0
4.8
1.0

3451.5
4.8
1.0

3489.0
4.8
1.0

3547.0
4.8
1.0

3556.0
4.8
1.0

3574.0
4.8
1.0

3593.5
4.8
1.0

3602.0
4.8
1.0

3619.0
4.8
1.0

3638.5
4.8
1.0

3648.5
4.8
1.0

3656.5
4.8
1.0

3667.5
4.8
1.0

3687.5
4.8
1.0

3697.0
4.8
1.0

3707.5
4.8
1.0

3717.0
4.8
1.0

3763.0
4.8
1.0

3783.5
4.8
1.0

3792.0
4.8
1.0

3808.0
4.8
1.0

3852.5
4.8
1.0

3907.0
4.8
1.0

3944.5
4.8
1.0

3955.5
4.8
1.0

3965.0
4.8
1.0

