2326.3
1.5
1.0

2511.8
1.5
1.0

2557.3
1.5
1.0

2576.8
1.5
1.0

2597.3
1.5
1.0

2652.3
1.5
1.0

2702.8
1.5
1.0

2710.8
1.5
1.0

2747.8
1.5
1.0

2837.3
1.5
1.0

2863.3
1.5
1.0

2871.3
1.5
1.0

2969.3
1.5
1.0

2989.3
1.5
1.0

3013.8
1.5
1.0

3023.3
1.5
1.0

3032.3
1.5
1.0

3080.8
1.5
1.0

3107.3
1.5
1.0

3151.3
1.5
1.0

3189.3
1.5
1.0

3197.3
1.5
1.0

3279.8
1.5
1.0

3288.3
1.5
1.0

3365.8
1.5
1.0

3375.8
1.5
1.0

3420.3
1.5
1.0

3448.8
1.5
1.0

3477.3
1.5
1.0

3552.3
1.5
1.0

3579.3
1.5
1.0

3597.8
1.5
1.0

3647.3
1.5
1.0

3691.3
1.5
1.0

3726.3
1.5
1.0

3743.8
1.5
1.0

3791.8
1.5
1.0

3809.3
1.5
1.0

3864.8
1.5
1.0

3885.3
1.5
1.0

3941.8
1.5
1.0

3970.8
1.5
1.0

3988.3
1.5
1.0

4037.3
1.5
1.0

4046.8
1.5
1.0

4072.8
1.5
1.0

4139.3
1.5
1.0

4193.8
1.5
1.0

