519.8
1.5
1.0

575.8
1.5
1.0

621.3
1.5
1.0

653.8
1.5
1.0

710.3
1.5
1.0

750.3
1.5
1.0

839.8
1.5
1.0

848.8
1.5
1.0

868.8
1.5
1.0

926.3
1.5
1.0

1029.3
1.5
1.0

1077.8
1.5
1.0

1130.3
1.5
1.0

1189.3
1.5
1.0

1198.3
1.5
1.0

1209.3
1.5
1.0

1243.8
1.5
1.0

1508.3
1.5
1.0

1594.8
1.5
1.0

1624.8
1.5
1.0

1661.3
1.5
1.0

1733.8
1.5
1.0

1770.8
1.5
1.0

1825.3
1.5
1.0

1833.8
1.5
1.0

1841.8
1.5
1.0

1903.3
1.5
1.0

1996.8
1.5
1.0

2090.3
1.5
1.0

2108.8
1.5
1.0

2134.8
1.5
1.0

2155.3
1.5
1.0

