1017.0
1.0
1.0

1081.5
1.0
1.0

1090.5
1.0
1.0

1098.75
1.0
1.0

1125.0
1.0
1.0

1135.5
1.0
1.0

1189.5
1.0
1.0

1215.0
1.0
1.0

1224.0
1.0
1.0

1261.5
1.0
1.0

1269.75
1.0
1.0

1278.0
1.0
1.0

1314.0
1.0
1.0

1388.25
1.0
1.0

1432.5
1.0
1.0

1451.25
1.0
1.0

1458.75
1.0
1.0

1478.25
1.0
1.0

1487.25
1.0
1.0

1505.25
1.0
1.0

1539.0
1.0
1.0

1557.0
1.0
1.0

1577.25
1.0
1.0

1602.75
1.0
1.0

1665.0
1.0
1.0

1757.25
1.0
1.0

1793.25
1.0
1.0

1811.25
1.0
1.0

2538.75
1.0
1.0

2576.25
1.0
1.0

2602.5
1.0
1.0

2610.0
1.0
1.0

2637.75
1.0
1.0

2657.25
1.0
1.0

2710.5
1.0
1.0

2745.0
1.0
1.0

2781.0
1.0
1.0

2809.5
1.0
1.0

2863.5
1.0
1.0

2889.75
1.0
1.0

2916.75
1.0
1.0

2945.25
1.0
1.0

2952.0
1.0
1.0

2971.5
1.0
1.0

2990.25
1.0
1.0

2997.0
1.0
1.0

3033.0
1.0
1.0

3060.0
1.0
1.0

3105.75
1.0
1.0

3177.0
1.0
1.0

3188.25
1.0
1.0

3241.5
1.0
1.0

3250.5
1.0
1.0

3258.75
1.0
1.0

3313.5
1.0
1.0

3322.5
1.0
1.0

