299.25
1.0
1.0

306.0
1.0
1.0

317.25
1.0
1.0

344.25
1.0
1.0

351.0
1.0
1.0

362.25
1.0
1.0

387.75
1.0
1.0

396.75
1.0
1.0

405.75
1.0
1.0

414.75
1.0
1.0

434.25
1.0
1.0

459.0
1.0
1.0

468.75
1.0
1.0

504.0
1.0
1.0

533.25
1.0
1.0

540.75
1.0
1.0

585.75
1.0
1.0

595.5
1.0
1.0

641.25
1.0
1.0

694.5
1.0
1.0

704.25
1.0
1.0

739.5
1.0
1.0

756.0
1.0
1.0

765.0
1.0
1.0

792.75
1.0
1.0

838.5
1.0
1.0

848.25
1.0
1.0

855.0
1.0
1.0

866.25
1.0
1.0

882.0
1.0
1.0

927.0
1.0
1.0

936.75
1.0
1.0

964.5
1.0
1.0

974.25
1.0
1.0

982.5
1.0
1.0

992.25
1.0
1.0

1829.25
1.0
1.0

1837.5
1.0
1.0

1856.25
1.0
1.0

1882.5
1.0
1.0

1910.25
1.0
1.0

1918.5
1.0
1.0

1926.75
1.0
1.0

1953.75
1.0
1.0

1982.25
1.0
1.0

2009.25
1.0
1.0

2018.25
1.0
1.0

2035.5
1.0
1.0

2090.25
1.0
1.0

2108.25
1.0
1.0

2133.0
1.0
1.0

2143.5
1.0
1.0

2161.5
1.0
1.0

2178.0
1.0
1.0

2205.0
1.0
1.0

2214.0
1.0
1.0

2233.5
1.0
1.0

2250.0
1.0
1.0

2261.25
1.0
1.0

2268.75
1.0
1.0

2286.0
1.0
1.0

2297.25
1.0
1.0

2322.0
1.0
1.0

2331.0
1.0
1.0

2350.5
1.0
1.0

2376.75
1.0
1.0

2396.25
1.0
1.0

2423.25
1.0
1.0

2431.5
1.0
1.0

2466.75
1.0
1.0

2494.5
1.0
1.0

2522.25
1.0
1.0

