292.0
2.0
1.0

373.0
2.0
1.0

401.5
2.0
1.0

420.25
2.0
1.0

482.5
2.0
1.0

560.5
2.0
1.0

581.5
2.0
1.0

607.0
2.0
1.0

643.75
2.0
1.0

703.75
2.0
1.0

742.0
2.0
1.0

760.0
2.0
1.0

870.25
2.0
1.0

895.75
2.0
1.0

904.0
2.0
1.0

940.0
2.0
1.0

947.5
2.0
1.0

985.0
2.0
1.0

1855.75
2.0
1.0

1866.25
2.0
1.0

1929.25
2.0
1.0

1991.5
2.0
1.0

2047.0
2.0
1.0

2092.0
2.0
1.0

2127.25
2.0
1.0

2137.0
2.0
1.0

2147.5
2.0
1.0

2183.5
2.0
1.0

2254.0
2.0
1.0

2299.75
2.0
1.0

2307.25
2.0
1.0

2317.0
2.0
1.0

2335.75
2.0
1.0

2369.5
2.0
1.0

2414.5
2.0
1.0

2425.75
2.0
1.0

