1.5
1.0
1.0

10.5
1.0
1.0

20.25
1.0
1.0

28.5
1.0
1.0

36.75
1.0
1.0

72.75
1.0
1.0

82.5
1.0
1.0

135.0
1.0
1.0

153.0
1.0
1.0

163.5
1.0
1.0

172.5
1.0
1.0

190.5
1.0
1.0

236.25
1.0
1.0

244.5
1.0
1.0

263.25
1.0
1.0

270.75
1.0
1.0

280.5
1.0
1.0

334.5
1.0
1.0

360.0
1.0
1.0

369.75
1.0
1.0

378.75
1.0
1.0

387.0
1.0
1.0

407.25
1.0
1.0

423.75
1.0
1.0

460.5
1.0
1.0

496.5
1.0
1.0

540.0
1.0
1.0

551.25
1.0
1.0

558.75
1.0
1.0

585.0
1.0
1.0

605.25
1.0
1.0

614.25
1.0
1.0

623.25
1.0
1.0

630.75
1.0
1.0

649.5
1.0
1.0

666.75
1.0
1.0

