288.75
1.0
1.0

307.5
1.0
1.0

396.0
1.0
1.0

432.75
1.0
1.0

497.25
1.0
1.0

522.0
1.0
1.0

549.75
1.0
1.0

631.5
1.0
1.0

648.75
1.0
1.0

668.25
1.0
1.0

731.25
1.0
1.0

740.25
1.0
1.0

747.75
1.0
1.0

767.25
1.0
1.0

874.5
1.0
1.0

882.75
1.0
1.0

891.0
1.0
1.0

928.5
1.0
1.0

936.0
1.0
1.0

963.0
1.0
1.0

973.5
1.0
1.0

990.75
1.0
1.0

1000.5
1.0
1.0

1017.0
1.0
1.0

1073.25
1.0
1.0

1080.0
1.0
1.0

1091.25
1.0
1.0

1098.75
1.0
1.0

1145.25
1.0
1.0

1170.75
1.0
1.0

1208.25
1.0
1.0

1260.75
1.0
1.0

1289.25
1.0
1.0

1396.5
1.0
1.0

1404.75
1.0
1.0

1415.25
1.0
1.0

1431.75
1.0
1.0

1467.75
1.0
1.0

1478.25
1.0
1.0

1485.75
1.0
1.0

1505.25
1.0
1.0

1514.25
1.0
1.0

1521.75
1.0
1.0

1540.5
1.0
1.0

1566.0
1.0
1.0

1649.25
1.0
1.0

1656.0
1.0
1.0

1694.25
1.0
1.0

1720.5
1.0
1.0

1728.0
1.0
1.0

1801.5
1.0
1.0

1818.0
1.0
1.0

1863.75
1.0
1.0

1892.25
1.0
1.0

1926.0
1.0
1.0

1936.5
1.0
1.0

