335.25
1.0
1.0

344.25
1.0
1.0

369.0
1.0
1.0

414.0
1.0
1.0

469.5
1.0
1.0

477.0
1.0
1.0

506.25
1.0
1.0

532.5
1.0
1.0

541.5
1.0
1.0

559.5
1.0
1.0

577.5
1.0
1.0

596.25
1.0
1.0

603.0
1.0
1.0

720.0
1.0
1.0

729.0
1.0
1.0

758.25
1.0
1.0

766.5
1.0
1.0

776.25
1.0
1.0

802.5
1.0
1.0

846.0
1.0
1.0

918.75
1.0
1.0

954.75
1.0
1.0

963.75
1.0
1.0

1010.25
1.0
1.0

1028.25
1.0
1.0

1071.0
1.0
1.0

1080.75
1.0
1.0

1099.5
1.0
1.0

1117.5
1.0
1.0

1134.75
1.0
1.0

1224.75
1.0
1.0

1244.25
1.0
1.0

1280.25
1.0
1.0

1333.5
1.0
1.0

1359.75
1.0
1.0

1377.75
1.0
1.0

1386.75
1.0
1.0

1422.0
1.0
1.0

1478.25
1.0
1.0

1512.0
1.0
1.0

1521.75
1.0
1.0

1530.0
1.0
1.0

1568.25
1.0
1.0

1595.25
1.0
1.0

1603.5
1.0
1.0

1612.5
1.0
1.0

1647.75
1.0
1.0

1683.75
1.0
1.0

1710.75
1.0
1.0

1747.5
1.0
1.0

1756.5
1.0
1.0

1791.75
1.0
1.0

1820.25
1.0
1.0

1845.0
1.0
1.0

1873.5
1.0
1.0

1901.25
1.0
1.0

