1955.25
1.0
1.0

1998.75
1.0
1.0

2034.0
1.0
1.0

2053.5
1.0
1.0

2063.25
1.0
1.0

2099.25
1.0
1.0

2106.0
1.0
1.0

2124.0
1.0
1.0

2134.5
1.0
1.0

2162.25
1.0
1.0

2179.5
1.0
1.0

2187.75
1.0
1.0

2205.75
1.0
1.0

2224.5
1.0
1.0

2241.75
1.0
1.0

2252.25
1.0
1.0

2260.5
1.0
1.0

2277.0
1.0
1.0

2305.5
1.0
1.0

2313.75
1.0
1.0

2341.5
1.0
1.0

2351.25
1.0
1.0

2367.0
1.0
1.0

2376.75
1.0
1.0

2405.25
1.0
1.0

2430.75
1.0
1.0

2466.75
1.0
1.0

2484.0
1.0
1.0

2538.75
1.0
1.0

2547.75
1.0
1.0

2566.5
1.0
1.0

2576.25
1.0
1.0

2583.0
1.0
1.0

2594.25
1.0
1.0

2637.0
1.0
1.0

2648.25
1.0
1.0

2664.75
1.0
1.0

2682.0
1.0
1.0

2701.5
1.0
1.0

2709.0
1.0
1.0

2718.75
1.0
1.0

2736.75
1.0
1.0

2745.0
1.0
1.0

2755.5
1.0
1.0

2763.0
1.0
1.0

2782.5
1.0
1.0

2808.75
1.0
1.0

2827.5
1.0
1.0

2844.75
1.0
1.0

2862.75
1.0
1.0

2881.5
1.0
1.0

2891.25
1.0
1.0

2898.75
1.0
1.0

2954.25
1.0
1.0

2972.25
1.0
1.0

2989.5
1.0
1.0

2997.75
1.0
1.0

3016.5
1.0
1.0

3043.5
1.0
1.0

3087.0
1.0
1.0

3106.5
1.0
1.0

3159.75
1.0
1.0

3186.75
1.0
1.0

3196.5
1.0
1.0

3223.5
1.0
1.0

3249.0
1.0
1.0

3259.5
1.0
1.0

3268.5
1.0
1.0

3287.25
1.0
1.0

3313.5
1.0
1.0

3322.5
1.0
1.0

3331.5
1.0
1.0

