1136.25
1.0
1.0

1143.0
1.0
1.0

1153.5
1.0
1.0

1171.5
1.0
1.0

1215.0
1.0
1.0

1224.0
1.0
1.0

1271.25
1.0
1.0

1279.5
1.0
1.0

1287.0
1.0
1.0

1306.5
1.0
1.0

1341.0
1.0
1.0

1360.5
1.0
1.0

1368.0
1.0
1.0

1415.25
1.0
1.0

1449.0
1.0
1.0

1458.75
1.0
1.0

1467.0
1.0
1.0

1485.0
1.0
1.0

1514.25
1.0
1.0

1532.25
1.0
1.0

1568.25
1.0
1.0

1575.0
1.0
1.0

1621.5
1.0
1.0

1640.25
1.0
1.0

1648.5
1.0
1.0

1674.0
1.0
1.0

1685.25
1.0
1.0

1701.75
1.0
1.0

1710.0
1.0
1.0

1737.0
1.0
1.0

1756.5
1.0
1.0

1765.5
1.0
1.0

1784.25
1.0
1.0

1802.25
1.0
1.0

1809.0
1.0
1.0

1820.25
1.0
1.0

1829.25
1.0
1.0

1836.0
1.0
1.0

1845.75
1.0
1.0

1854.75
1.0
1.0

1882.5
1.0
1.0

1891.5
1.0
1.0

1901.25
1.0
1.0

1928.25
1.0
1.0

1973.25
1.0
1.0

1980.75
1.0
1.0

1989.0
1.0
1.0

2016.75
1.0
1.0

2035.5
1.0
1.0

2045.25
1.0
1.0

2061.75
1.0
1.0

2072.25
1.0
1.0

2097.0
1.0
1.0

2116.5
1.0
1.0

2124.75
1.0
1.0

2151.75
1.0
1.0

2161.5
1.0
1.0

2171.25
1.0
1.0

2206.5
1.0
1.0

2223.0
1.0
1.0

2241.0
1.0
1.0

2287.5
1.0
1.0

2305.5
1.0
1.0

2351.25
1.0
1.0

2358.75
1.0
1.0

2385.75
1.0
1.0

2439.75
1.0
1.0

2448.75
1.0
1.0

2459.25
1.0
1.0

2467.5
1.0
1.0

2502.0
1.0
1.0

2529.75
1.0
1.0

