1145.75
1.5
1.0

1157.75
1.5
1.0

1274.0
1.5
1.0

1283.0
1.5
1.0

1290.5
1.5
1.0

1344.5
1.5
1.0

1364.75
1.5
1.0

1451.0
1.5
1.0

1461.5
1.5
1.0

1471.25
1.5
1.0

1517.0
1.5
1.0

1579.25
1.5
1.0

1676.75
1.5
1.0

1713.5
1.5
1.0

1739.0
1.5
1.0

1787.75
1.5
1.0

1811.0
1.5
1.0

1823.75
1.5
1.0

1833.5
1.5
1.0

1839.5
1.5
1.0

1894.25
1.5
1.0

1984.25
1.5
1.0

2021.0
1.5
1.0

2065.25
1.5
1.0

2075.75
1.5
1.0

2100.5
1.5
1.0

2128.25
1.5
1.0

2209.25
1.5
1.0

2226.5
1.5
1.0

2289.5
1.5
1.0

2308.25
1.5
1.0

2354.75
1.5
1.0

2462.75
1.5
1.0

2469.5
1.5
1.0

2504.0
1.5
1.0

2533.25
1.5
1.0

