1121.5
2.0
1.0

1136.5
2.0
1.0

1181.5
2.0
1.0

1300.75
2.0
1.0

1309.0
2.0
1.0

1390.75
2.0
1.0

1400.5
2.0
1.0

1463.5
2.0
1.0

1471.0
2.0
1.0

1534.75
2.0
1.0

1587.25
2.0
1.0

1615.75
2.0
1.0

1642.75
2.0
1.0

1741.0
2.0
1.0

1759.75
2.0
1.0

1785.25
2.0
1.0

1794.25
2.0
1.0

1822.0
2.0
1.0

1948.75
2.0
1.0

1963.75
2.0
1.0

2001.25
2.0
1.0

2092.0
2.0
1.0

2108.5
2.0
1.0

2163.25
2.0
1.0

2198.5
2.0
1.0

2228.5
2.0
1.0

2245.75
2.0
1.0

2283.25
2.0
1.0

2288.5
2.0
1.0

2308.75
2.0
1.0

2380.75
2.0
1.0

2406.25
2.0
1.0

2422.75
2.0
1.0

2452.0
2.0
1.0

2468.5
2.0
1.0

2506.75
2.0
1.0

