126.5
4.8
1.0

144.0
4.8
1.0

155.0
4.8
1.0

190.0
4.8
1.0

235.0
4.8
1.0

293.0
4.8
1.0

350.0
4.8
1.0

369.0
4.8
1.0

389.5
4.8
1.0

415.0
4.8
1.0

432.5
4.8
1.0

506.0
4.8
1.0

543.0
4.8
1.0

561.0
4.8
1.0

578.5
4.8
1.0

602.5
4.8
1.0

628.5
4.8
1.0

655.0
4.8
1.0

665.0
4.8
1.0

673.0
4.8
1.0

693.0
4.8
1.0

731.0
4.8
1.0

774.0
4.8
1.0

809.5
4.8
1.0

819.5
4.8
1.0

828.0
4.8
1.0

905.5
4.8
1.0

933.5
4.8
1.0

986.5
4.8
1.0

994.5
4.8
1.0

1002.5
4.8
1.0

1012.0
4.8
1.0

2044.5
4.8
1.0

2052.5
4.8
1.0

2089.5
4.8
1.0

2098.5
4.8
1.0

2108.5
4.8
1.0

2116.5
4.8
1.0

2181.0
4.8
1.0

2190.0
4.8
1.0

2255.5
4.8
1.0

2273.0
4.8
1.0

2290.0
4.8
1.0

2300.5
4.8
1.0

2335.5
4.8
1.0

2382.0
4.8
1.0

2400.0
4.8
1.0

2429.5
4.8
1.0

2469.5
4.8
1.0

2489.5
4.8
1.0

2508.5
4.8
1.0

2528.0
4.8
1.0

2546.5
4.8
1.0

2562.0
4.8
1.0

2719.5
4.8
1.0

2746.5
4.8
1.0

2757.5
4.8
1.0

2831.0
4.8
1.0

2840.0
4.8
1.0

2856.5
4.8
1.0

2896.5
4.8
1.0

2935.5
4.8
1.0

2989.0
4.8
1.0

2998.0
4.8
1.0

