1047.3
4.8
1.0

1179.3
4.8
1.0

1196.8
4.8
1.0

1232.8
4.8
1.0

1252.3
4.8
1.0

1311.8
4.8
1.0

1330.8
4.8
1.0

1340.8
4.8
1.0

1403.3
4.8
1.0

1493.3
4.8
1.0

1510.8
4.8
1.0

1541.8
4.8
1.0

1597.3
4.8
1.0

1655.3
4.8
1.0

1684.3
4.8
1.0

1692.8
4.8
1.0

1701.8
4.8
1.0

1746.8
4.8
1.0

1774.3
4.8
1.0

1833.8
4.8
1.0

1851.8
4.8
1.0

1918.8
4.8
1.0

1947.3
4.8
1.0

1964.3
4.8
1.0

3037.8
4.8
1.0

3081.8
4.8
1.0

3126.8
4.8
1.0

3182.3
4.8
1.0

3202.3
4.8
1.0

3212.3
4.8
1.0

3262.3
4.8
1.0

3273.3
4.8
1.0

3301.3
4.8
1.0

3354.3
4.8
1.0

3390.8
4.8
1.0

3408.3
4.8
1.0

3465.8
4.8
1.0

3474.3
4.8
1.0

3529.8
4.8
1.0

3583.8
4.8
1.0

3608.3
4.8
1.0

3636.3
4.8
1.0

3655.3
4.8
1.0

3665.8
4.8
1.0

3684.8
4.8
1.0

3747.3
4.8
1.0

3904.8
4.8
1.0

3914.8
4.8
1.0

