1077.3
4.8
1.0

1123.3
4.8
1.0

1142.3
4.8
1.0

1160.8
4.8
1.0

1204.8
4.8
1.0

1222.8
4.8
1.0

1262.8
4.8
1.0

1320.8
4.8
1.0

1395.8
4.8
1.0

1410.8
4.8
1.0

1419.8
4.8
1.0

1447.3
4.8
1.0

1521.8
4.8
1.0

1665.3
4.8
1.0

1719.8
4.8
1.0

1737.8
4.8
1.0

1765.8
4.8
1.0

1843.8
4.8
1.0

1860.8
4.8
1.0

1938.3
4.8
1.0

1955.3
4.8
1.0

2002.3
4.8
1.0

2010.8
4.8
1.0

2020.3
4.8
1.0

3055.8
4.8
1.0

3065.8
4.8
1.0

3109.3
4.8
1.0

3144.8
4.8
1.0

3162.3
4.8
1.0

3242.3
4.8
1.0

3291.3
4.8
1.0

3362.8
4.8
1.0

3373.8
4.8
1.0

3399.3
4.8
1.0

3418.3
4.8
1.0

3437.3
4.8
1.0

3456.8
4.8
1.0

3521.8
4.8
1.0

3549.3
4.8
1.0

3644.8
4.8
1.0

3709.8
4.8
1.0

3755.3
4.8
1.0

3763.3
4.8
1.0

3811.8
4.8
1.0

3854.3
4.8
1.0

3884.3
4.8
1.0

3931.8
4.8
1.0

3940.8
4.8
1.0

