371.25
1.0
1.0

387.75
1.0
1.0

432.75
1.0
1.0

452.25
1.0
1.0

505.5
1.0
1.0

522.75
1.0
1.0

531.75
1.0
1.0

567.0
1.0
1.0

603.0
1.0
1.0

612.0
1.0
1.0

648.75
1.0
1.0

657.75
1.0
1.0

702.0
1.0
1.0

711.0
1.0
1.0

731.25
1.0
1.0

747.0
1.0
1.0

783.75
1.0
1.0

794.25
1.0
1.0

802.5
1.0
1.0

839.25
1.0
1.0

883.5
1.0
1.0

911.25
1.0
1.0

918.0
1.0
1.0

938.25
1.0
1.0

983.25
1.0
1.0

1027.5
1.0
1.0

1063.5
1.0
1.0

1107.75
1.0
1.0

2538.75
1.0
1.0

2547.0
1.0
1.0

2566.5
1.0
1.0

2574.75
1.0
1.0

2592.0
1.0
1.0

2610.0
1.0
1.0

2656.5
1.0
1.0

2664.75
1.0
1.0

2702.25
1.0
1.0

2709.75
1.0
1.0

2729.25
1.0
1.0

2746.5
1.0
1.0

2756.25
1.0
1.0

2800.5
1.0
1.0

2873.25
1.0
1.0

3015.75
1.0
1.0

3034.5
1.0
1.0

3051.75
1.0
1.0

3060.0
1.0
1.0

3079.5
1.0
1.0

3087.75
1.0
1.0

3098.25
1.0
1.0

3132.75
1.0
1.0

3159.0
1.0
1.0

3177.0
1.0
1.0

3187.5
1.0
1.0

3249.0
1.0
1.0

3330.75
1.0
1.0

