1118.25
1.0
1.0

1135.5
1.0
1.0

1143.75
1.0
1.0

1153.5
1.0
1.0

1190.25
1.0
1.0

1206.0
1.0
1.0

1242.0
1.0
1.0

1270.5
1.0
1.0

1289.25
1.0
1.0

1306.5
1.0
1.0

1332.0
1.0
1.0

1341.0
1.0
1.0

1350.0
1.0
1.0

1369.5
1.0
1.0

1386.75
1.0
1.0

1397.25
1.0
1.0

1413.75
1.0
1.0

1431.0
1.0
1.0

1449.75
1.0
1.0

1467.75
1.0
1.0

1485.75
1.0
1.0

1521.0
1.0
1.0

1531.5
1.0
1.0

1558.5
1.0
1.0

1593.0
1.0
1.0

1602.0
1.0
1.0

1611.0
1.0
1.0

1622.25
1.0
1.0

1639.5
1.0
1.0

1647.0
1.0
1.0

1657.5
1.0
1.0

1675.5
1.0
1.0

1728.0
1.0
1.0

1737.75
1.0
1.0

1766.25
1.0
1.0

1782.75
1.0
1.0

1836.0
1.0
1.0

1874.25
1.0
1.0

1899.75
1.0
1.0

1936.5
1.0
1.0

1946.25
1.0
1.0

1971.75
1.0
1.0

2016.75
1.0
1.0

2036.25
1.0
1.0

2044.5
1.0
1.0

2052.0
1.0
1.0

2063.25
1.0
1.0

2099.25
1.0
1.0

2116.5
1.0
1.0

2125.5
1.0
1.0

2151.0
1.0
1.0

2161.5
1.0
1.0

2206.5
1.0
1.0

2214.0
1.0
1.0

2232.0
1.0
1.0

2242.5
1.0
1.0

2250.0
1.0
1.0

2259.75
1.0
1.0

2297.25
1.0
1.0

2314.5
1.0
1.0

2349.0
1.0
1.0

2358.75
1.0
1.0

2377.5
1.0
1.0

2385.0
1.0
1.0

2395.5
1.0
1.0

2403.75
1.0
1.0

2421.75
1.0
1.0

2477.25
1.0
1.0

2493.75
1.0
1.0

2513.25
1.0
1.0

2522.25
1.0
1.0

2530.5
1.0
1.0

