257.5
4.8
1.0

284.0
4.8
1.0

313.0
4.8
1.0

338.0
4.8
1.0

346.0
4.8
1.0

422.0
4.8
1.0

432.0
4.8
1.0

451.5
4.8
1.0

460.0
4.8
1.0

468.5
4.8
1.0

487.5
4.8
1.0

573.0
4.8
1.0

647.0
4.8
1.0

687.5
4.8
1.0

765.0
4.8
1.0

805.0
4.8
1.0

812.5
4.8
1.0

846.0
4.8
1.0

856.0
4.8
1.0

864.5
4.8
1.0

873.5
4.8
1.0

893.0
4.8
1.0

931.5
4.8
1.0

941.5
4.8
1.0

960.0
4.8
1.0

976.5
4.8
1.0

994.0
4.8
1.0

1021.5
4.8
1.0

1112.0
4.8
1.0

1121.5
4.8
1.0

1148.5
4.8
1.0

1157.0
4.8
1.0

2218.0
4.8
1.0

2244.5
4.8
1.0

2280.0
4.8
1.0

2298.5
4.8
1.0

2318.0
4.8
1.0

2355.0
4.8
1.0

2401.0
4.8
1.0

2452.5
4.8
1.0

2473.5
4.8
1.0

2492.5
4.8
1.0

2510.0
4.8
1.0

2518.5
4.8
1.0

2527.0
4.8
1.0

2546.5
4.8
1.0

2585.5
4.8
1.0

2594.0
4.8
1.0

2628.5
4.8
1.0

2698.5
4.8
1.0

2707.0
4.8
1.0

2744.5
4.8
1.0

2773.0
4.8
1.0

2922.0
4.8
1.0

2930.0
4.8
1.0

2941.5
4.8
1.0

2966.5
4.8
1.0

3023.5
4.8
1.0

3033.5
4.8
1.0

3043.5
4.8
1.0

3062.0
4.8
1.0

3081.5
4.8
1.0

3100.5
4.8
1.0

3129.0
4.8
1.0

