1116.75
1.0
1.0

1126.5
1.0
1.0

1135.5
1.0
1.0

1144.5
1.0
1.0

1162.5
1.0
1.0

1170.0
1.0
1.0

1181.25
1.0
1.0

1189.5
1.0
1.0

1206.0
1.0
1.0

1244.25
1.0
1.0

1288.5
1.0
1.0

1314.75
1.0
1.0

1352.25
1.0
1.0

1378.5
1.0
1.0

1386.75
1.0
1.0

1404.0
1.0
1.0

1431.0
1.0
1.0

1441.5
1.0
1.0

1451.25
1.0
1.0

1469.25
1.0
1.0

1487.25
1.0
1.0

1503.0
1.0
1.0

1521.0
1.0
1.0

1532.25
1.0
1.0

1548.75
1.0
1.0

1584.75
1.0
1.0

1631.25
1.0
1.0

1667.25
1.0
1.0

1674.0
1.0
1.0

1684.5
1.0
1.0

1712.25
1.0
1.0

1720.5
1.0
1.0

1729.5
1.0
1.0

1766.25
1.0
1.0

1773.75
1.0
1.0

1809.75
1.0
1.0

1854.0
1.0
1.0

1865.25
1.0
1.0

1872.0
1.0
1.0

1891.5
1.0
1.0

1917.0
1.0
1.0

1927.5
1.0
1.0

1936.5
1.0
1.0

1944.0
1.0
1.0

1953.75
1.0
1.0

2018.25
1.0
1.0

2034.75
1.0
1.0

2045.25
1.0
1.0

2052.0
1.0
1.0

2117.25
1.0
1.0

2133.75
1.0
1.0

2142.0
1.0
1.0

2169.0
1.0
1.0

2179.5
1.0
1.0

2197.5
1.0
1.0

2242.5
1.0
1.0

2286.75
1.0
1.0

2295.75
1.0
1.0

2304.0
1.0
1.0

2324.25
1.0
1.0

2340.0
1.0
1.0

2358.75
1.0
1.0

2367.75
1.0
1.0

2376.75
1.0
1.0

2387.25
1.0
1.0

2404.5
1.0
1.0

2412.75
1.0
1.0

2432.25
1.0
1.0

2440.5
1.0
1.0

2448.75
1.0
1.0

2502.75
1.0
1.0

2511.75
1.0
1.0

