325.8
1.5
1.0

390.3
1.5
1.0

400.8
1.5
1.0

483.8
1.5
1.0

501.3
1.5
1.0

540.8
1.5
1.0

633.3
1.5
1.0

682.8
1.5
1.0

702.3
1.5
1.0

752.8
1.5
1.0

889.3
1.5
1.0

1007.3
1.5
1.0

1101.3
1.5
1.0

1136.3
1.5
1.0

1144.8
1.5
1.0

1181.3
1.5
1.0

2215.3
1.5
1.0

2231.3
1.5
1.0

2294.8
1.5
1.0

2389.8
1.5
1.0

2423.8
1.5
1.0

2469.8
1.5
1.0

2625.8
1.5
1.0

2642.8
1.5
1.0

2659.8
1.5
1.0

2722.8
1.5
1.0

2732.3
1.5
1.0

2769.3
1.5
1.0

2806.8
1.5
1.0

2842.8
1.5
1.0

2910.3
1.5
1.0

2963.3
1.5
1.0

