334.3
1.5
1.0

380.8
1.5
1.0

510.3
1.5
1.0

569.8
1.5
1.0

585.8
1.5
1.0

614.8
1.5
1.0

624.8
1.5
1.0

711.3
1.5
1.0

720.3
1.5
1.0

729.3
1.5
1.0

825.8
1.5
1.0

842.3
1.5
1.0

1016.3
1.5
1.0

1074.3
1.5
1.0

1189.3
1.5
1.0

1208.3
1.5
1.0

2258.3
1.5
1.0

2267.8
1.5
1.0

2314.8
1.5
1.0

2370.8
1.5
1.0

2397.3
1.5
1.0

2561.3
1.5
1.0

2580.3
1.5
1.0

2651.8
1.5
1.0

2685.8
1.5
1.0

2758.8
1.5
1.0

2870.3
1.5
1.0

2900.8
1.5
1.0

3058.3
1.5
1.0

3076.3
1.5
1.0

3124.8
1.5
1.0

3155.3
1.5
1.0

