375.8
1.5
1.0

427.8
1.5
1.0

588.3
1.5
1.0

616.8
1.5
1.0

625.8
1.5
1.0

672.3
1.5
1.0

720.3
1.5
1.0

778.3
1.5
1.0

884.8
1.5
1.0

903.8
1.5
1.0

938.8
1.5
1.0

1048.8
1.5
1.0

1087.3
1.5
1.0

1161.8
1.5
1.0

1234.8
1.5
1.0

1260.8
1.5
1.0

2411.3
1.5
1.0

2565.3
1.5
1.0

2574.8
1.5
1.0

2592.3
1.5
1.0

2628.8
1.5
1.0

2737.3
1.5
1.0

2746.8
1.5
1.0

2887.8
1.5
1.0

2904.3
1.5
1.0

2982.8
1.5
1.0

3000.8
1.5
1.0

3038.8
1.5
1.0

3048.3
1.5
1.0

3131.8
1.5
1.0

3183.3
1.5
1.0

3237.3
1.5
1.0

