411.3
1.5
1.0

483.8
1.5
1.0

562.8
1.5
1.0

680.8
1.5
1.0

701.3
1.5
1.0

836.3
1.5
1.0

865.8
1.5
1.0

911.8
1.5
1.0

985.3
1.5
1.0

993.8
1.5
1.0

1000.8
1.5
1.0

1068.8
1.5
1.0

1078.3
1.5
1.0

1096.3
1.5
1.0

1144.8
1.5
1.0

1245.3
1.5
1.0

2345.8
1.5
1.0

2364.8
1.5
1.0

2429.8
1.5
1.0

2455.8
1.5
1.0

2492.8
1.5
1.0

2522.8
1.5
1.0

2539.3
1.5
1.0

2547.3
1.5
1.0

2646.8
1.5
1.0

2767.8
1.5
1.0

2871.3
1.5
1.0

2955.8
1.5
1.0

3058.8
1.5
1.0

3103.8
1.5
1.0

3122.3
1.5
1.0

3175.8
1.5
1.0

