1227.8
1.5
1.0

1274.8
1.5
1.0

1300.8
1.5
1.0

1339.3
1.5
1.0

1347.8
1.5
1.0

1409.3
1.5
1.0

1427.8
1.5
1.0

1475.3
1.5
1.0

1491.8
1.5
1.0

1599.3
1.5
1.0

1616.3
1.5
1.0

1665.8
1.5
1.0

1712.8
1.5
1.0

1750.3
1.5
1.0

1760.3
1.5
1.0

1780.8
1.5
1.0

1875.3
1.5
1.0

1910.3
1.5
1.0

1957.3
1.5
1.0

1966.3
1.5
1.0

2045.8
1.5
1.0

2081.3
1.5
1.0

2128.3
1.5
1.0

2138.8
1.5
1.0

3181.8
1.5
1.0

3258.3
1.5
1.0

3306.3
1.5
1.0

3326.8
1.5
1.0

3414.3
1.5
1.0

3454.3
1.5
1.0

3501.3
1.5
1.0

3528.3
1.5
1.0

3586.3
1.5
1.0

3617.8
1.5
1.0

3665.3
1.5
1.0

3684.8
1.5
1.0

3704.8
1.5
1.0

3743.3
1.5
1.0

3750.8
1.5
1.0

3788.8
1.5
1.0

3807.3
1.5
1.0

3853.3
1.5
1.0

3861.3
1.5
1.0

3907.3
1.5
1.0

3946.8
1.5
1.0

4045.8
1.5
1.0

4062.3
1.5
1.0

4091.8
1.5
1.0

