1219.0
4.8
1.0

1266.5
4.8
1.0

1282.0
4.8
1.0

1309.5
4.8
1.0

1349.5
4.8
1.0

1358.0
4.8
1.0

1387.0
4.8
1.0

1396.0
4.8
1.0

1414.5
4.8
1.0

1425.5
4.8
1.0

1481.0
4.8
1.0

1491.5
4.8
1.0

1500.0
4.8
1.0

1517.5
4.8
1.0

1590.5
4.8
1.0

1639.5
4.8
1.0

1682.5
4.8
1.0

1792.5
4.8
1.0

1803.0
4.8
1.0

1813.5
4.8
1.0

1832.0
4.8
1.0

1860.0
4.8
1.0

1879.5
4.8
1.0

1916.5
4.8
1.0

2011.0
4.8
1.0

2021.5
4.8
1.0

2072.5
4.8
1.0

2083.5
4.8
1.0

2108.0
4.8
1.0

2127.5
4.8
1.0

2136.5
4.8
1.0

2156.0
4.8
1.0

