90.0
4.8
1.0

118.0
4.8
1.0

127.5
4.8
1.0

137.0
4.8
1.0

146.5
4.8
1.0

177.0
4.8
1.0

211.0
4.8
1.0

247.0
4.8
1.0

267.5
4.8
1.0

324.0
4.8
1.0

332.0
4.8
1.0

340.0
4.8
1.0

351.0
4.8
1.0

386.0
4.8
1.0

443.0
4.8
1.0

473.5
4.8
1.0

493.0
4.8
1.0

503.5
4.8
1.0

512.0
4.8
1.0

581.0
4.8
1.0

638.5
4.8
1.0

659.5
4.8
1.0

736.5
4.8
1.0

746.0
4.8
1.0

790.5
4.8
1.0

820.5
4.8
1.0

829.5
4.8
1.0

865.0
4.8
1.0

954.0
4.8
1.0

974.5
4.8
1.0

984.0
4.8
1.0

1009.0
4.8
1.0

1070.0
4.8
1.0

1106.0
4.8
1.0

1167.5
4.8
1.0

1211.5
4.8
1.0

1231.5
4.8
1.0

1285.5
4.8
1.0

1294.5
4.8
1.0

1303.0
4.8
1.0

1320.5
4.8
1.0

1382.5
4.8
1.0

1392.0
4.8
1.0

1400.0
4.8
1.0

1418.0
4.8
1.0

1436.5
4.8
1.0

1487.5
4.8
1.0

1554.0
4.8
1.0

1572.5
4.8
1.0

1609.5
4.8
1.0

1675.0
4.8
1.0

1685.0
4.8
1.0

1694.5
4.8
1.0

1703.0
4.8
1.0

1789.0
4.8
1.0

1799.5
4.8
1.0

1817.5
4.8
1.0

1834.0
4.8
1.0

1853.5
4.8
1.0

1905.0
4.8
1.0

1914.0
4.8
1.0

1922.0
4.8
1.0

1930.0
4.8
1.0

2001.5
4.8
1.0

