2021.0
4.8
1.0

2048.5
4.8
1.0

2056.0
4.8
1.0

2108.5
4.8
1.0

2118.0
4.8
1.0

2145.0
4.8
1.0

2175.0
4.8
1.0

2201.0
4.8
1.0

2220.5
4.8
1.0

2251.0
4.8
1.0

2281.0
4.8
1.0

2291.0
4.8
1.0

2300.0
4.8
1.0

2309.0
4.8
1.0

2329.0
4.8
1.0

2338.0
4.8
1.0

2347.0
4.8
1.0

2356.5
4.8
1.0

2400.5
4.8
1.0

2410.0
4.8
1.0

2437.0
4.8
1.0

2446.0
4.8
1.0

2462.0
4.8
1.0

2482.5
4.8
1.0

2501.5
4.8
1.0

2549.5
4.8
1.0

2558.0
4.8
1.0

2574.5
4.8
1.0

2592.0
4.8
1.0

2608.0
4.8
1.0

2617.5
4.8
1.0

2627.5
4.8
1.0

2668.5
4.8
1.0

2686.5
4.8
1.0

2695.0
4.8
1.0

2704.0
4.8
1.0

2753.5
4.8
1.0

2763.5
4.8
1.0

2816.5
4.8
1.0

2835.0
4.8
1.0

2862.5
4.8
1.0

2873.0
4.8
1.0

2882.5
4.8
1.0

2891.0
4.8
1.0

2911.5
4.8
1.0

2921.0
4.8
1.0

2938.5
4.8
1.0

2967.0
4.8
1.0

2984.0
4.8
1.0

2993.0
4.8
1.0

3003.5
4.8
1.0

3049.0
4.8
1.0

3058.0
4.8
1.0

3085.0
4.8
1.0

3094.0
4.8
1.0

3141.5
4.8
1.0

3188.5
4.8
1.0

3207.0
4.8
1.0

3233.0
4.8
1.0

3253.0
4.8
1.0

3260.5
4.8
1.0

3279.5
4.8
1.0

3332.0
4.8
1.0

3386.5
4.8
1.0

3394.5
4.8
1.0

3410.0
4.8
1.0

3418.0
4.8
1.0

3442.0
4.8
1.0

3467.5
4.8
1.0

3477.5
4.8
1.0

3486.5
4.8
1.0

3496.0
4.8
1.0

3514.0
4.8
1.0

3522.0
4.8
1.0

3533.0
4.8
1.0

3550.5
4.8
1.0

3569.5
4.8
1.0

3608.0
4.8
1.0

3617.0
4.8
1.0

3635.0
4.8
1.0

3653.0
4.8
1.0

3709.0
4.8
1.0

3719.5
4.8
1.0

3728.0
4.8
1.0

3736.0
4.8
1.0

3755.0
4.8
1.0

3798.0
4.8
1.0

3807.0
4.8
1.0

3824.0
4.8
1.0

3833.5
4.8
1.0

3852.0
4.8
1.0

3860.5
4.8
1.0

3886.0
4.8
1.0

3894.0
4.8
1.0

3902.5
4.8
1.0

3911.5
4.8
1.0

