2031.5
4.8
1.0

2040.0
4.8
1.0

2064.5
4.8
1.0

2072.0
4.8
1.0

2081.5
4.8
1.0

2098.5
4.8
1.0

2128.5
4.8
1.0

2136.5
4.8
1.0

2154.5
4.8
1.0

2165.5
4.8
1.0

2191.5
4.8
1.0

2211.5
4.8
1.0

2231.0
4.8
1.0

2240.5
4.8
1.0

2260.5
4.8
1.0

2271.0
4.8
1.0

2318.5
4.8
1.0

2372.5
4.8
1.0

2381.0
4.8
1.0

2391.0
4.8
1.0

2419.5
4.8
1.0

2428.5
4.8
1.0

2473.5
4.8
1.0

2491.5
4.8
1.0

2510.0
4.8
1.0

2519.0
4.8
1.0

2539.5
4.8
1.0

2566.0
4.8
1.0

2584.0
4.8
1.0

2636.5
4.8
1.0

2645.0
4.8
1.0

2653.0
4.8
1.0

2660.0
4.8
1.0

2714.5
4.8
1.0

2724.5
4.8
1.0

2734.0
4.8
1.0

2743.5
4.8
1.0

2780.0
4.8
1.0

2788.5
4.8
1.0

2797.0
4.8
1.0

2807.5
4.8
1.0

2826.5
4.8
1.0

2853.0
4.8
1.0

2900.0
4.8
1.0

2929.5
4.8
1.0

2946.5
4.8
1.0

2957.0
4.8
1.0

2975.5
4.8
1.0

3012.0
4.8
1.0

3020.0
4.8
1.0

3029.0
4.8
1.0

3038.5
4.8
1.0

3076.5
4.8
1.0

3103.5
4.8
1.0

3112.5
4.8
1.0

3120.5
4.8
1.0

3131.0
4.8
1.0

3160.5
4.8
1.0

3171.5
4.8
1.0

3180.0
4.8
1.0

3196.5
4.8
1.0

3216.0
4.8
1.0

3224.5
4.8
1.0

3270.5
4.8
1.0

3288.5
4.8
1.0

3297.0
4.8
1.0

3315.0
4.8
1.0

3322.5
4.8
1.0

3342.5
4.8
1.0

3351.0
4.8
1.0

3361.5
4.8
1.0

3378.5
4.8
1.0

3402.5
4.8
1.0

3426.0
4.8
1.0

3450.5
4.8
1.0

3458.0
4.8
1.0

3506.0
4.8
1.0

3540.0
4.8
1.0

3579.5
4.8
1.0

3589.5
4.8
1.0

3599.0
4.8
1.0

3627.0
4.8
1.0

3644.0
4.8
1.0

3663.5
4.8
1.0

3682.0
4.8
1.0

3691.0
4.8
1.0

3699.0
4.8
1.0

3744.0
4.8
1.0

3772.5
4.8
1.0

3780.0
4.8
1.0

3789.5
4.8
1.0

3816.0
4.8
1.0

3843.0
4.8
1.0

3869.0
4.8
1.0

3878.0
4.8
1.0

3920.5
4.8
1.0

