80.0
4.8
1.0

98.5
4.8
1.0

156.5
4.8
1.0

184.5
4.8
1.0

192.0
4.8
1.0

201.5
4.8
1.0

236.5
4.8
1.0

297.0
4.8
1.0

315.5
4.8
1.0

370.5
4.8
1.0

378.0
4.8
1.0

407.0
4.8
1.0

425.0
4.8
1.0

462.5
4.8
1.0

555.0
4.8
1.0

599.0
4.8
1.0

669.5
4.8
1.0

679.5
4.8
1.0

688.5
4.8
1.0

708.0
4.8
1.0

726.0
4.8
1.0

838.5
4.8
1.0

875.0
4.8
1.0

893.0
4.8
1.0

919.0
4.8
1.0

927.0
4.8
1.0

935.5
4.8
1.0

945.5
4.8
1.0

1018.5
4.8
1.0

1027.0
4.8
1.0

1036.0
4.8
1.0

1044.5
4.8
1.0

1062.0
4.8
1.0

1088.5
4.8
1.0

1116.5
4.8
1.0

1157.5
4.8
1.0

1176.0
4.8
1.0

1192.5
4.8
1.0

1201.0
4.8
1.0

1268.0
4.8
1.0

1277.0
4.8
1.0

1312.0
4.8
1.0

1346.5
4.8
1.0

1355.0
4.8
1.0

1497.0
4.8
1.0

1527.0
4.8
1.0

1547.0
4.8
1.0

1564.0
4.8
1.0

1618.0
4.8
1.0

1627.5
4.8
1.0

1637.0
4.8
1.0

1644.0
4.8
1.0

1723.0
4.8
1.0

1732.5
4.8
1.0

1752.0
4.8
1.0

1763.0
4.8
1.0

1781.0
4.8
1.0

1808.5
4.8
1.0

1843.0
4.8
1.0

1862.0
4.8
1.0

1946.5
4.8
1.0

1956.5
4.8
1.0

1992.5
4.8
1.0

2011.5
4.8
1.0

