2053.3
4.8
1.0

2061.8
4.8
1.0

2151.3
4.8
1.0

2207.3
4.8
1.0

2296.8
4.8
1.0

2314.8
4.8
1.0

2361.3
4.8
1.0

2406.3
4.8
1.0

2415.3
4.8
1.0

2442.8
4.8
1.0

2451.3
4.8
1.0

2468.3
4.8
1.0

2487.3
4.8
1.0

2597.3
4.8
1.0

2623.8
4.8
1.0

2633.3
4.8
1.0

2700.3
4.8
1.0

2758.3
4.8
1.0

2841.3
4.8
1.0

2868.3
4.8
1.0

2878.3
4.8
1.0

2916.8
4.8
1.0

2943.8
4.8
1.0

2971.8
4.8
1.0

3054.3
4.8
1.0

3090.8
4.8
1.0

3146.8
4.8
1.0

3193.3
4.8
1.0

3239.3
4.8
1.0

3257.8
4.8
1.0

3285.3
4.8
1.0

3399.3
4.8
1.0

3415.3
4.8
1.0

3483.3
4.8
1.0

3492.8
4.8
1.0

3502.3
4.8
1.0

3519.3
4.8
1.0

3528.3
4.8
1.0

3556.3
4.8
1.0

3613.8
4.8
1.0

3659.3
4.8
1.0

3724.8
4.8
1.0

3759.8
4.8
1.0

3802.8
4.8
1.0

3812.8
4.8
1.0

3838.3
4.8
1.0

3865.3
4.8
1.0

3891.3
4.8
1.0

