2027.3
4.8
1.0

2114.8
4.8
1.0

2124.3
4.8
1.0

2179.8
4.8
1.0

2226.3
4.8
1.0

2256.8
4.8
1.0

2287.3
4.8
1.0

2305.3
4.8
1.0

2334.8
4.8
1.0

2342.8
4.8
1.0

2352.3
4.8
1.0

2507.3
4.8
1.0

2554.3
4.8
1.0

2562.8
4.8
1.0

2580.8
4.8
1.0

2613.3
4.8
1.0

2674.3
4.8
1.0

2691.3
4.8
1.0

2710.3
4.8
1.0

2768.8
4.8
1.0

2822.8
4.8
1.0

2887.3
4.8
1.0

2897.3
4.8
1.0

2925.8
4.8
1.0

2989.8
4.8
1.0

2999.3
4.8
1.0

3009.3
4.8
1.0

3062.8
4.8
1.0

3098.8
4.8
1.0

3213.3
4.8
1.0

3266.8
4.8
1.0

3338.3
4.8
1.0

3391.8
4.8
1.0

3422.8
4.8
1.0

3447.3
4.8
1.0

3472.3
4.8
1.0

3537.8
4.8
1.0

3575.3
4.8
1.0

3622.8
4.8
1.0

3641.3
4.8
1.0

3714.3
4.8
1.0

3733.3
4.8
1.0

3741.8
4.8
1.0

3828.8
4.8
1.0

3856.8
4.8
1.0

3898.8
4.8
1.0

3907.3
4.8
1.0

3917.3
4.8
1.0

