81.0
4.8
1.0

127.5
4.8
1.0

164.5
4.8
1.0

218.5
4.8
1.0

292.0
4.8
1.0

302.5
4.8
1.0

330.5
4.8
1.0

341.0
4.8
1.0

351.5
4.8
1.0

391.5
4.8
1.0

408.0
4.8
1.0

426.0
4.8
1.0

447.5
4.8
1.0

520.0
4.8
1.0

528.5
4.8
1.0

537.5
4.8
1.0

547.0
4.8
1.0

616.5
4.8
1.0

672.5
4.8
1.0

700.0
4.8
1.0

738.5
4.8
1.0

764.0
4.8
1.0

774.5
4.8
1.0

811.5
4.8
1.0

857.0
4.8
1.0

930.0
4.8
1.0

948.0
4.8
1.0

974.5
4.8
1.0

1013.5
4.8
1.0

1023.0
4.8
1.0

1033.0
4.8
1.0

1043.0
4.8
1.0

3002.5
4.8
1.0

3021.5
4.8
1.0

3047.0
4.8
1.0

3074.0
4.8
1.0

3187.0
4.8
1.0

3196.0
4.8
1.0

3230.0
4.8
1.0

3239.5
4.8
1.0

3266.5
4.8
1.0

3286.5
4.8
1.0

3304.5
4.8
1.0

3331.5
4.8
1.0

3349.0
4.8
1.0

3358.0
4.8
1.0

3377.0
4.8
1.0

3386.0
4.8
1.0

3421.0
4.8
1.0

3431.0
4.8
1.0

3477.5
4.8
1.0

3487.0
4.8
1.0

3568.5
4.8
1.0

3617.5
4.8
1.0

3627.0
4.8
1.0

3637.5
4.8
1.0

3665.5
4.8
1.0

3694.5
4.8
1.0

3720.5
4.8
1.0

3756.0
4.8
1.0

3823.5
4.8
1.0

3851.0
4.8
1.0

3916.0
4.8
1.0

3927.5
4.8
1.0

