1136.8
4.8
1.0

1153.3
4.8
1.0

1190.8
4.8
1.0

1200.3
4.8
1.0

1279.8
4.8
1.0

1325.3
4.8
1.0

1352.3
4.8
1.0

1362.8
4.8
1.0

1408.3
4.8
1.0

1471.8
4.8
1.0

1508.3
4.8
1.0

1583.8
4.8
1.0

1601.3
4.8
1.0

1634.3
4.8
1.0

1662.8
4.8
1.0

1679.8
4.8
1.0

1687.8
4.8
1.0

1713.3
4.8
1.0

1757.8
4.8
1.0

1804.3
4.8
1.0

1880.8
4.8
1.0

1900.8
4.8
1.0

1947.3
4.8
1.0

2002.3
4.8
1.0

2081.3
4.8
1.0

2108.3
4.8
1.0

2129.3
4.8
1.0

2168.8
4.8
1.0

2188.8
4.8
1.0

2288.8
4.8
1.0

2309.3
4.8
1.0

2375.8
4.8
1.0

2419.8
4.8
1.0

2446.8
4.8
1.0

2493.8
4.8
1.0

2585.8
4.8
1.0

2602.8
4.8
1.0

2651.3
4.8
1.0

2660.8
4.8
1.0

2690.8
4.8
1.0

2699.8
4.8
1.0

2753.8
4.8
1.0

2845.3
4.8
1.0

2854.3
4.8
1.0

2911.8
4.8
1.0

2940.3
4.8
1.0

2951.3
4.8
1.0

2960.3
4.8
1.0

