1.5
1.0
1.0

10.5
1.0
1.0

63.75
1.0
1.0

72.0
1.0
1.0

109.5
1.0
1.0

127.5
1.0
1.0

135.0
1.0
1.0

144.75
1.0
1.0

163.5
1.0
1.0

171.0
1.0
1.0

181.5
1.0
1.0

218.25
1.0
1.0

226.5
1.0
1.0

234.0
1.0
1.0

279.75
1.0
1.0

288.75
1.0
1.0

342.0
1.0
1.0

352.5
1.0
1.0

388.5
1.0
1.0

396.75
1.0
1.0

407.25
1.0
1.0

414.75
1.0
1.0

451.5
1.0
1.0

488.25
1.0
1.0

504.75
1.0
1.0

513.75
1.0
1.0

540.0
1.0
1.0

550.5
1.0
1.0

560.25
1.0
1.0

569.25
1.0
1.0

596.25
1.0
1.0

621.75
1.0
1.0

630.75
1.0
1.0

641.25
1.0
1.0

650.25
1.0
1.0

693.75
1.0
1.0

