80.0
4.8
1.0

89.5
4.8
1.0

119.0
4.8
1.0

136.0
4.8
1.0

156.0
4.8
1.0

166.5
4.8
1.0

175.5
4.8
1.0

194.5
4.8
1.0

202.0
4.8
1.0

241.0
4.8
1.0

250.5
4.8
1.0

260.0
4.8
1.0

271.5
4.8
1.0

317.5
4.8
1.0

346.0
4.8
1.0

365.5
4.8
1.0

408.0
4.8
1.0

435.0
4.8
1.0

463.0
4.8
1.0

473.5
4.8
1.0

500.0
4.8
1.0

509.5
4.8
1.0

556.5
4.8
1.0

567.0
4.8
1.0

610.5
4.8
1.0

618.0
4.8
1.0

637.0
4.8
1.0

646.0
4.8
1.0

692.0
4.8
1.0

718.5
4.8
1.0

736.5
4.8
1.0

768.5
4.8
1.0

789.0
4.8
1.0

798.0
4.8
1.0

807.5
4.8
1.0

827.0
4.8
1.0

855.5
4.8
1.0

865.5
4.8
1.0

874.5
4.8
1.0

885.5
4.8
1.0

945.0
4.8
1.0

955.0
4.8
1.0

965.5
4.8
1.0

975.0
4.8
1.0

1001.5
4.8
1.0

1010.5
4.8
1.0

1027.0
4.8
1.0

1035.0
4.8
1.0

3013.5
4.8
1.0

3032.0
4.8
1.0

3062.0
4.8
1.0

3089.0
4.8
1.0

3098.0
4.8
1.0

3142.0
4.8
1.0

3151.5
4.8
1.0

3161.0
4.8
1.0

3188.0
4.8
1.0

3214.0
4.8
1.0

3222.5
4.8
1.0

3279.5
4.8
1.0

3289.0
4.8
1.0

3297.0
4.8
1.0

3344.5
4.8
1.0

3363.5
4.8
1.0

3372.0
4.8
1.0

3390.5
4.8
1.0

3408.5
4.8
1.0

3446.0
4.8
1.0

3454.5
4.8
1.0

3472.5
4.8
1.0

3491.5
4.8
1.0

3510.0
4.8
1.0

3539.5
4.8
1.0

3568.0
4.8
1.0

3625.5
4.8
1.0

3663.5
4.8
1.0

3673.5
4.8
1.0

3693.0
4.8
1.0

3703.0
4.8
1.0

3721.0
4.8
1.0

3737.5
4.8
1.0

3747.0
4.8
1.0

3764.0
4.8
1.0

3773.0
4.8
1.0

3819.5
4.8
1.0

3828.5
4.8
1.0

3839.0
4.8
1.0

3864.0
4.8
1.0

3873.0
4.8
1.0

3883.0
4.8
1.0

3892.5
4.8
1.0

3909.5
4.8
1.0

3947.0
4.8
1.0

3956.0
4.8
1.0

3966.5
4.8
1.0

3974.5
4.8
1.0

