1076.8
4.8
1.0

1142.3
4.8
1.0

1287.8
4.8
1.0

1314.3
4.8
1.0

1335.8
4.8
1.0

1421.8
4.8
1.0

1448.8
4.8
1.0

1469.8
4.8
1.0

1486.8
4.8
1.0

1636.8
4.8
1.0

1711.8
4.8
1.0

1739.3
4.8
1.0

1816.3
4.8
1.0

1914.3
4.8
1.0

1979.3
4.8
1.0

2008.8
4.8
1.0

2037.3
4.8
1.0

2125.3
4.8
1.0

2225.3
4.8
1.0

2232.8
4.8
1.0

2272.8
4.8
1.0

2302.3
4.8
1.0

2403.8
4.8
1.0

2472.3
4.8
1.0

2537.3
4.8
1.0

2679.3
4.8
1.0

2688.8
4.8
1.0

2738.3
4.8
1.0

2757.8
4.8
1.0

2784.3
4.8
1.0

2913.8
4.8
1.0

2950.3
4.8
1.0

