85.8
4.8
1.0

124.8
4.8
1.0

162.3
4.8
1.0

199.8
4.8
1.0

256.3
4.8
1.0

266.3
4.8
1.0

322.8
4.8
1.0

351.8
4.8
1.0

371.8
4.8
1.0

412.8
4.8
1.0

439.8
4.8
1.0

505.3
4.8
1.0

562.3
4.8
1.0

622.8
4.8
1.0

651.3
4.8
1.0

795.3
4.8
1.0

812.8
4.8
1.0

833.3
4.8
1.0

891.8
4.8
1.0

960.8
4.8
1.0

979.8
4.8
1.0

1007.8
4.8
1.0

1015.8
4.8
1.0

1031.8
4.8
1.0

3095.3
4.8
1.0

3102.8
4.8
1.0

3147.3
4.8
1.0

3156.3
4.8
1.0

3165.8
4.8
1.0

3193.8
4.8
1.0

3228.8
4.8
1.0

3293.8
4.8
1.0

3368.8
4.8
1.0

3451.3
4.8
1.0

3477.3
4.8
1.0

3572.8
4.8
1.0

3630.8
4.8
1.0

3669.3
4.8
1.0

3679.8
4.8
1.0

3707.8
4.8
1.0

3725.8
4.8
1.0

3824.8
4.8
1.0

3834.8
4.8
1.0

3844.8
4.8
1.0

3888.8
4.8
1.0

3915.8
4.8
1.0

3953.3
4.8
1.0

3971.3
4.8
1.0

