1177.8
4.8
1.0

1217.3
4.8
1.0

1304.3
4.8
1.0

1438.8
4.8
1.0

1459.3
4.8
1.0

1506.3
4.8
1.0

1559.8
4.8
1.0

1579.3
4.8
1.0

1654.8
4.8
1.0

1663.3
4.8
1.0

1703.3
4.8
1.0

1779.3
4.8
1.0

1894.3
4.8
1.0

1943.8
4.8
1.0

1971.3
4.8
1.0

1998.8
4.8
1.0

2056.3
4.8
1.0

2066.3
4.8
1.0

2208.3
4.8
1.0

2252.3
4.8
1.0

2282.8
4.8
1.0

2321.3
4.8
1.0

2376.3
4.8
1.0

2556.8
4.8
1.0

2613.8
4.8
1.0

2698.8
4.8
1.0

2804.3
4.8
1.0

2841.8
4.8
1.0

2857.3
4.8
1.0

2894.8
4.8
1.0

2980.3
4.8
1.0

3009.3
4.8
1.0

