1133.8
4.8
1.0

1233.3
4.8
1.0

1268.3
4.8
1.0

1278.8
4.8
1.0

1295.8
4.8
1.0

1405.8
4.8
1.0

1543.8
4.8
1.0

1550.8
4.8
1.0

1616.3
4.8
1.0

1626.3
4.8
1.0

1645.8
4.8
1.0

1758.3
4.8
1.0

1796.8
4.8
1.0

1923.8
4.8
1.0

1952.8
4.8
1.0

2019.3
4.8
1.0

2151.8
4.8
1.0

2217.8
4.8
1.0

2242.3
4.8
1.0

2312.3
4.8
1.0

2359.3
4.8
1.0

2386.3
4.8
1.0

2427.3
4.8
1.0

2482.8
4.8
1.0

2509.3
4.8
1.0

2518.8
4.8
1.0

2573.3
4.8
1.0

2592.3
4.8
1.0

2748.3
4.8
1.0

2867.8
4.8
1.0

2931.3
4.8
1.0

2941.8
4.8
1.0

