1058.8
4.8
1.0

1067.8
4.8
1.0

1151.8
4.8
1.0

1196.8
4.8
1.0

1371.3
4.8
1.0

1413.8
4.8
1.0

1476.8
4.8
1.0

1497.3
4.8
1.0

1568.3
4.8
1.0

1672.8
4.8
1.0

1768.3
4.8
1.0

1806.3
4.8
1.0

1827.3
4.8
1.0

1874.8
4.8
1.0

1905.3
4.8
1.0

1932.8
4.8
1.0

2046.8
4.8
1.0

2076.3
4.8
1.0

2115.8
4.8
1.0

2141.8
4.8
1.0

2188.3
4.8
1.0

2199.3
4.8
1.0

2292.3
4.8
1.0

2341.3
4.8
1.0

2491.8
4.8
1.0

2603.3
4.8
1.0

2622.8
4.8
1.0

2670.8
4.8
1.0

2765.8
4.8
1.0

2813.8
4.8
1.0

2874.8
4.8
1.0

2921.3
4.8
1.0

