338.5
4.8
1.0

349.0
4.8
1.0

377.5
4.8
1.0

410.0
4.8
1.0

437.0
4.8
1.0

447.5
4.8
1.0

522.0
4.8
1.0

533.5
4.8
1.0

591.0
4.8
1.0

621.0
4.8
1.0

649.5
4.8
1.0

676.5
4.8
1.0

720.5
4.8
1.0

739.0
4.8
1.0

767.5
4.8
1.0

785.5
4.8
1.0

848.0
4.8
1.0

856.5
4.8
1.0

877.5
4.8
1.0

897.0
4.8
1.0

904.5
4.8
1.0

921.0
4.8
1.0

975.5
4.8
1.0

1013.0
4.8
1.0

1032.5
4.8
1.0

1048.5
4.8
1.0

1078.0
4.8
1.0

1114.0
4.8
1.0

1153.5
4.8
1.0

1162.0
4.8
1.0

1173.0
4.8
1.0

1201.5
4.8
1.0

1220.0
4.8
1.0

1229.5
4.8
1.0

1238.5
4.8
1.0

1248.5
4.8
1.0

1256.0
4.8
1.0

1328.5
4.8
1.0

1412.5
4.8
1.0

1433.0
4.8
1.0

1452.0
4.8
1.0

1489.5
4.8
1.0

1517.5
4.8
1.0

1527.5
4.8
1.0

1536.5
4.8
1.0

1570.0
4.8
1.0

1608.0
4.8
1.0

1685.5
4.8
1.0

1705.5
4.8
1.0

1765.5
4.8
1.0

1774.0
4.8
1.0

1831.0
4.8
1.0

1840.0
4.8
1.0

1898.5
4.8
1.0

1922.0
4.8
1.0

1932.0
4.8
1.0

1948.5
4.8
1.0

1957.5
4.8
1.0

2005.5
4.8
1.0

2063.0
4.8
1.0

2082.5
4.8
1.0

2138.5
4.8
1.0

2174.5
4.8
1.0

2185.0
4.8
1.0

