1004.25
1.0
1.0

1013.25
1.0
1.0

1047.75
1.0
1.0

1067.25
1.0
1.0

1092.0
1.0
1.0

1111.5
1.0
1.0

1120.5
1.0
1.0

1139.25
1.0
1.0

1173.75
1.0
1.0

1183.5
1.0
1.0

1220.25
1.0
1.0

1229.25
1.0
1.0

1236.75
1.0
1.0

1254.0
1.0
1.0

1265.25
1.0
1.0

1290.0
1.0
1.0

1301.25
1.0
1.0

1308.0
1.0
1.0

1318.5
1.0
1.0

1363.5
1.0
1.0

1390.5
1.0
1.0

1398.0
1.0
1.0

1416.0
1.0
1.0

1434.75
1.0
1.0

1462.5
1.0
1.0

1471.5
1.0
1.0

1488.0
1.0
1.0

1499.25
1.0
1.0

1543.5
1.0
1.0

1552.5
1.0
1.0

1580.25
1.0
1.0

1605.0
1.0
1.0

1641.0
1.0
1.0

1668.75
1.0
1.0

1687.5
1.0
1.0

1697.25
1.0
1.0

1705.5
1.0
1.0

1731.0
1.0
1.0

1740.0
1.0
1.0

1759.5
1.0
1.0

1769.25
1.0
1.0

1785.75
1.0
1.0

2650.5
1.0
1.0

2660.25
1.0
1.0

2685.0
1.0
1.0

2694.0
1.0
1.0

2730.75
1.0
1.0

2758.5
1.0
1.0

2776.5
1.0
1.0

2784.75
1.0
1.0

2820.75
1.0
1.0

2848.5
1.0
1.0

2856.0
1.0
1.0

2892.0
1.0
1.0

2902.5
1.0
1.0

2912.25
1.0
1.0

2919.75
1.0
1.0

2946.75
1.0
1.0

2956.5
1.0
1.0

2974.5
1.0
1.0

2984.25
1.0
1.0

3000.0
1.0
1.0

3018.0
1.0
1.0

3038.25
1.0
1.0

3064.5
1.0
1.0

3099.75
1.0
1.0

3108.75
1.0
1.0

3136.5
1.0
1.0

3155.25
1.0
1.0

3163.5
1.0
1.0

3180.75
1.0
1.0

3226.5
1.0
1.0

3261.0
1.0
1.0

3270.0
1.0
1.0

3279.75
1.0
1.0

3297.75
1.0
1.0

3316.5
1.0
1.0

3335.25
1.0
1.0

3370.5
1.0
1.0

3405.0
1.0
1.0

3423.0
1.0
1.0

3434.25
1.0
1.0

3443.25
1.0
1.0

3450.75
1.0
1.0

