80.5
4.8
1.0

90.5
4.8
1.0

99.0
4.8
1.0

137.5
4.8
1.0

156.0
4.8
1.0

201.5
4.8
1.0

337.5
4.8
1.0

372.5
4.8
1.0

413.5
4.8
1.0

442.5
4.8
1.0

478.0
4.8
1.0

507.5
4.8
1.0

534.5
4.8
1.0

553.5
4.8
1.0

562.5
4.8
1.0

571.5
4.8
1.0

601.5
4.8
1.0

621.5
4.8
1.0

630.5
4.8
1.0

651.0
4.8
1.0

710.0
4.8
1.0

738.0
4.8
1.0

749.5
4.8
1.0

766.5
4.8
1.0

774.0
4.8
1.0

812.0
4.8
1.0

830.5
4.8
1.0

897.0
4.8
1.0

915.0
4.8
1.0

925.5
4.8
1.0

961.5
4.8
1.0

1039.5
4.8
1.0

1059.0
4.8
1.0

1127.0
4.8
1.0

1155.5
4.8
1.0

1172.0
4.8
1.0

1182.5
4.8
1.0

1210.5
4.8
1.0

1219.0
4.8
1.0

1291.5
4.8
1.0

1310.0
4.8
1.0

1372.0
4.8
1.0

1389.5
4.8
1.0

1428.0
4.8
1.0

1439.5
4.8
1.0

1467.0
4.8
1.0

1476.0
4.8
1.0

1484.0
4.8
1.0

1505.0
4.8
1.0

1576.0
4.8
1.0

1633.5
4.8
1.0

1650.0
4.8
1.0

1674.0
4.8
1.0

1683.0
4.8
1.0

1702.0
4.8
1.0

1720.5
4.8
1.0

1785.5
4.8
1.0

1825.5
4.8
1.0

1834.0
4.8
1.0

1873.5
4.8
1.0

1883.0
4.8
1.0

1952.5
4.8
1.0

1960.5
4.8
1.0

2014.5
4.8
1.0

