375.8
1.5
1.0

449.8
1.5
1.0

478.8
1.5
1.0

488.8
1.5
1.0

508.3
1.5
1.0

525.8
1.5
1.0

663.8
1.5
1.0

790.3
1.5
1.0

856.8
1.5
1.0

990.8
1.5
1.0

1021.8
1.5
1.0

1029.3
1.5
1.0

1037.3
1.5
1.0

1091.8
1.5
1.0

1172.3
1.5
1.0

1245.8
1.5
1.0

1349.3
1.5
1.0

1358.8
1.5
1.0

1368.3
1.5
1.0

1441.8
1.5
1.0

1574.3
1.5
1.0

1595.3
1.5
1.0

1687.3
1.5
1.0

1732.8
1.5
1.0

1743.3
1.5
1.0

1877.3
1.5
1.0

1895.8
1.5
1.0

2163.8
1.5
1.0

2181.8
1.5
1.0

2190.8
1.5
1.0

2210.3
1.5
1.0

2266.3
1.5
1.0

