2315.8
1.5
1.0

2323.8
1.5
1.0

2404.3
1.5
1.0

2413.3
1.5
1.0

2451.8
1.5
1.0

2459.8
1.5
1.0

2503.8
1.5
1.0

2539.3
1.5
1.0

2556.3
1.5
1.0

2609.3
1.5
1.0

2648.3
1.5
1.0

2677.8
1.5
1.0

2749.3
1.5
1.0

2852.3
1.5
1.0

2870.8
1.5
1.0

2914.3
1.5
1.0

2922.8
1.5
1.0

2932.3
1.5
1.0

2977.8
1.5
1.0

3017.3
1.5
1.0

3109.3
1.5
1.0

3137.8
1.5
1.0

3201.8
1.5
1.0

3209.8
1.5
1.0

3281.8
1.5
1.0

3297.3
1.5
1.0

3356.3
1.5
1.0

3376.8
1.5
1.0

3445.8
1.5
1.0

3454.8
1.5
1.0

3534.3
1.5
1.0

3544.8
1.5
1.0

3564.3
1.5
1.0

3611.3
1.5
1.0

3635.8
1.5
1.0

3682.8
1.5
1.0

3702.8
1.5
1.0

3807.3
1.5
1.0

3816.3
1.5
1.0

3866.3
1.5
1.0

3925.3
1.5
1.0

3963.8
1.5
1.0

4007.8
1.5
1.0

4016.8
1.5
1.0

4074.3
1.5
1.0

4094.3
1.5
1.0

4129.8
1.5
1.0

4220.3
1.5
1.0

