354.3
1.5
1.0

442.3
1.5
1.0

452.8
1.5
1.0

596.8
1.5
1.0

655.3
1.5
1.0

726.3
1.5
1.0

790.8
1.5
1.0

852.8
1.5
1.0

862.8
1.5
1.0

925.8
1.5
1.0

981.3
1.5
1.0

1037.3
1.5
1.0

1054.3
1.5
1.0

1082.8
1.5
1.0

1168.3
1.5
1.0

1177.8
1.5
1.0

1225.8
1.5
1.0

1235.3
1.5
1.0

1244.8
1.5
1.0

1260.8
1.5
1.0

1333.8
1.5
1.0

1418.8
1.5
1.0

1494.8
1.5
1.0

1532.8
1.5
1.0

1575.8
1.5
1.0

1691.3
1.5
1.0

1836.8
1.5
1.0

1953.8
1.5
1.0

1962.8
1.5
1.0

2010.8
1.5
1.0

2068.3
1.5
1.0

2143.8
1.5
1.0

