2028.8
1.5
1.0

2058.3
1.5
1.0

2106.3
1.5
1.0

2143.3
1.5
1.0

2162.3
1.5
1.0

2182.3
1.5
1.0

2220.3
1.5
1.0

2240.3
1.5
1.0

2251.8
1.5
1.0

2305.3
1.5
1.0

2377.8
1.5
1.0

2385.8
1.5
1.0

2421.8
1.5
1.0

2497.3
1.5
1.0

2535.3
1.5
1.0

2553.8
1.5
1.0

2602.8
1.5
1.0

2695.8
1.5
1.0

2738.3
1.5
1.0

2784.3
1.5
1.0

2833.3
1.5
1.0

2852.3
1.5
1.0

2923.3
1.5
1.0

2988.8
1.5
1.0

3006.3
1.5
1.0

3015.8
1.5
1.0

3100.3
1.5
1.0

3116.8
1.5
1.0

3144.8
1.5
1.0

3200.3
1.5
1.0

3240.8
1.5
1.0

3294.8
1.5
1.0

3321.3
1.5
1.0

3339.3
1.5
1.0

3349.3
1.5
1.0

3388.3
1.5
1.0

3427.3
1.5
1.0

3474.8
1.5
1.0

3550.3
1.5
1.0

3585.8
1.5
1.0

3671.8
1.5
1.0

3760.3
1.5
1.0

3803.3
1.5
1.0

3882.8
1.5
1.0

3911.3
1.5
1.0

3928.8
1.5
1.0

3938.3
1.5
1.0

3956.8
1.5
1.0

