2038.3
1.5
1.0

2230.3
1.5
1.0

2287.8
1.5
1.0

2314.3
1.5
1.0

2325.8
1.5
1.0

2413.3
1.5
1.0

2437.8
1.5
1.0

2453.8
1.5
1.0

2489.8
1.5
1.0

2506.8
1.5
1.0

2517.3
1.5
1.0

2544.3
1.5
1.0

2621.8
1.5
1.0

2640.8
1.5
1.0

2677.3
1.5
1.0

2774.3
1.5
1.0

2794.8
1.5
1.0

2814.8
1.5
1.0

2825.8
1.5
1.0

2888.8
1.5
1.0

2898.3
1.5
1.0

2907.8
1.5
1.0

2932.3
1.5
1.0

2941.8
1.5
1.0

2997.8
1.5
1.0

3071.3
1.5
1.0

3134.3
1.5
1.0

3163.8
1.5
1.0

3211.8
1.5
1.0

3286.8
1.5
1.0

3330.3
1.5
1.0

3418.3
1.5
1.0

3484.8
1.5
1.0

3512.3
1.5
1.0

3531.8
1.5
1.0

3604.3
1.5
1.0

3624.3
1.5
1.0

3697.3
1.5
1.0

3716.8
1.5
1.0

3733.8
1.5
1.0

3769.8
1.5
1.0

3777.8
1.5
1.0

3785.8
1.5
1.0

3857.3
1.5
1.0

3866.8
1.5
1.0

3875.3
1.5
1.0

3902.3
1.5
1.0

3948.3
1.5
1.0

