385.3
1.5
1.0

430.3
1.5
1.0

439.8
1.5
1.0

590.3
1.5
1.0

611.8
1.5
1.0

733.3
1.5
1.0

743.8
1.5
1.0

752.8
1.5
1.0

780.3
1.5
1.0

836.3
1.5
1.0

846.3
1.5
1.0

1046.3
1.5
1.0

1064.3
1.5
1.0

1109.8
1.5
1.0

1183.3
1.5
1.0

1237.3
1.5
1.0

1396.3
1.5
1.0

1468.3
1.5
1.0

1478.3
1.5
1.0

1536.8
1.5
1.0

1660.3
1.5
1.0

1697.8
1.5
1.0

1752.3
1.5
1.0

1778.3
1.5
1.0

1787.8
1.5
1.0

1831.8
1.5
1.0

1840.8
1.5
1.0

1850.3
1.5
1.0

1859.8
1.5
1.0

1980.8
1.5
1.0

1990.3
1.5
1.0

2134.8
1.5
1.0

