307.5
1.0
1.0

315.0
1.0
1.0

369.75
1.0
1.0

378.75
1.0
1.0

387.75
1.0
1.0

470.25
1.0
1.0

487.5
1.0
1.0

506.25
1.0
1.0

540.75
1.0
1.0

576.75
1.0
1.0

585.0
1.0
1.0

595.5
1.0
1.0

621.75
1.0
1.0

631.5
1.0
1.0

668.25
1.0
1.0

774.75
1.0
1.0

783.75
1.0
1.0

802.5
1.0
1.0

812.25
1.0
1.0

820.5
1.0
1.0

893.25
1.0
1.0

909.0
1.0
1.0

928.5
1.0
1.0

1018.5
1.0
1.0

1036.5
1.0
1.0

1055.25
1.0
1.0

1071.0
1.0
1.0

1080.0
1.0
1.0

1162.5
1.0
1.0

1188.75
1.0
1.0

1197.0
1.0
1.0

1206.75
1.0
1.0

1217.25
1.0
1.0

1271.25
1.0
1.0

1278.75
1.0
1.0

1314.0
1.0
1.0

1341.75
1.0
1.0

1360.5
1.0
1.0

1413.0
1.0
1.0

1449.0
1.0
1.0

1468.5
1.0
1.0

1513.5
1.0
1.0

1530.75
1.0
1.0

1541.25
1.0
1.0

1558.5
1.0
1.0

1639.5
1.0
1.0

1656.75
1.0
1.0

1683.0
1.0
1.0

1737.75
1.0
1.0

1757.25
1.0
1.0

1765.5
1.0
1.0

1793.25
1.0
1.0

1847.25
1.0
1.0

1892.25
1.0
1.0

1908.0
1.0
1.0

1926.75
1.0
1.0

