298.5
1.0
1.0

351.75
1.0
1.0

396.0
1.0
1.0

434.25
1.0
1.0

442.5
1.0
1.0

451.5
1.0
1.0

460.5
1.0
1.0

477.0
1.0
1.0

495.75
1.0
1.0

514.5
1.0
1.0

522.75
1.0
1.0

612.75
1.0
1.0

639.75
1.0
1.0

650.25
1.0
1.0

686.25
1.0
1.0

730.5
1.0
1.0

792.75
1.0
1.0

839.25
1.0
1.0

864.75
1.0
1.0

873.0
1.0
1.0

884.25
1.0
1.0

945.75
1.0
1.0

963.75
1.0
1.0

992.25
1.0
1.0

1027.5
1.0
1.0

1046.25
1.0
1.0

1064.25
1.0
1.0

1107.0
1.0
1.0

1143.0
1.0
1.0

1251.0
1.0
1.0

1288.5
1.0
1.0

1325.25
1.0
1.0

1379.25
1.0
1.0

1406.25
1.0
1.0

1431.75
1.0
1.0

1458.75
1.0
1.0

1505.25
1.0
1.0

1521.75
1.0
1.0

1549.5
1.0
1.0

1568.25
1.0
1.0

1586.25
1.0
1.0

1620.75
1.0
1.0

1647.75
1.0
1.0

1676.25
1.0
1.0

1692.0
1.0
1.0

1702.5
1.0
1.0

1712.25
1.0
1.0

1720.5
1.0
1.0

1747.5
1.0
1.0

1775.25
1.0
1.0

1819.5
1.0
1.0

1836.75
1.0
1.0

1855.5
1.0
1.0

1881.0
1.0
1.0

1901.25
1.0
1.0

1935.75
1.0
1.0

