315.75
1.0
1.0

387.0
1.0
1.0

432.75
1.0
1.0

513.75
1.0
1.0

542.25
1.0
1.0

551.25
1.0
1.0

605.25
1.0
1.0

612.75
1.0
1.0

622.5
1.0
1.0

640.5
1.0
1.0

668.25
1.0
1.0

676.5
1.0
1.0

694.5
1.0
1.0

702.0
1.0
1.0

756.75
1.0
1.0

765.75
1.0
1.0

785.25
1.0
1.0

792.75
1.0
1.0

819.75
1.0
1.0

829.5
1.0
1.0

848.25
1.0
1.0

909.75
1.0
1.0

927.75
1.0
1.0

938.25
1.0
1.0

1010.25
1.0
1.0

1027.5
1.0
1.0

1082.25
1.0
1.0

1099.5
1.0
1.0

1134.75
1.0
1.0

1143.0
1.0
1.0

1153.5
1.0
1.0

1197.75
1.0
1.0

1217.25
1.0
1.0

1224.0
1.0
1.0

1234.5
1.0
1.0

1244.25
1.0
1.0

1296.0
1.0
1.0

1323.0
1.0
1.0

1333.5
1.0
1.0

1342.5
1.0
1.0

1360.5
1.0
1.0

1386.75
1.0
1.0

1422.0
1.0
1.0

1495.5
1.0
1.0

1566.0
1.0
1.0

1575.75
1.0
1.0

1611.0
1.0
1.0

1638.75
1.0
1.0

1710.0
1.0
1.0

1729.5
1.0
1.0

1791.0
1.0
1.0

1800.75
1.0
1.0

1809.0
1.0
1.0

1827.0
1.0
1.0

1872.0
1.0
1.0

1926.75
1.0
1.0

