1991.0
1.5
1.0

2009.75
1.5
1.0

2076.5
1.5
1.0

2103.5
1.5
1.0

2137.25
1.5
1.0

2229.5
1.5
1.0

2265.5
1.5
1.0

2272.25
1.5
1.0

2316.5
1.5
1.0

2343.5
1.5
1.0

2380.25
1.5
1.0

2435.0
1.5
1.0

2442.5
1.5
1.0

2478.5
1.5
1.0

2534.0
1.5
1.0

2543.75
1.5
1.0

2594.0
1.5
1.0

2631.5
1.5
1.0

2678.0
1.5
1.0

2696.0
1.5
1.0

2732.0
1.5
1.0

2749.25
1.5
1.0

2795.0
1.5
1.0

2874.5
1.5
1.0

2903.75
1.5
1.0

2938.25
1.5
1.0

2972.75
1.5
1.0

2993.75
1.5
1.0

3039.5
1.5
1.0

3090.5
1.5
1.0

3109.25
1.5
1.0

3163.25
1.5
1.0

3243.5
1.5
1.0

3270.5
1.5
1.0

3290.0
1.5
1.0

3296.75
1.5
1.0

