1966.75
2.0
1.0

1973.5
2.0
1.0

2026.75
2.0
1.0

2037.25
2.0
1.0

2080.75
2.0
1.0

2091.25
2.0
1.0

2103.25
2.0
1.0

2146.0
2.0
1.0

2217.25
2.0
1.0

2297.5
2.0
1.0

2387.5
2.0
1.0

2406.25
2.0
1.0

2416.0
2.0
1.0

2503.75
2.0
1.0

2542.0
2.0
1.0

2559.25
2.0
1.0

2587.0
2.0
1.0

2615.5
2.0
1.0

2679.25
2.0
1.0

2685.25
2.0
1.0

2722.0
2.0
1.0

2785.0
2.0
1.0

2802.25
2.0
1.0

2866.75
2.0
1.0

2884.75
2.0
1.0

2890.75
2.0
1.0

2938.75
2.0
1.0

2948.5
2.0
1.0

2993.5
2.0
1.0

3038.5
2.0
1.0

3044.5
2.0
1.0

3100.0
2.0
1.0

3109.75
2.0
1.0

3127.75
2.0
1.0

3217.75
2.0
1.0

3235.0
2.0
1.0

