1076.5
4.8
1.0

1092.0
4.8
1.0

1184.5
4.8
1.0

1195.0
4.8
1.0

1210.0
4.8
1.0

1238.5
4.8
1.0

1249.5
4.8
1.0

1258.0
4.8
1.0

1267.5
4.8
1.0

1314.0
4.8
1.0

1332.0
4.8
1.0

1403.5
4.8
1.0

1413.5
4.8
1.0

1422.5
4.8
1.0

1430.5
4.8
1.0

1450.0
4.8
1.0

1564.5
4.8
1.0

1584.0
4.8
1.0

1667.0
4.8
1.0

1696.5
4.8
1.0

1782.0
4.8
1.0

1821.5
4.8
1.0

1831.5
4.8
1.0

1906.0
4.8
1.0

1924.5
4.8
1.0

1935.0
4.8
1.0

1953.0
4.8
1.0

1963.5
4.8
1.0

1991.5
4.8
1.0

2010.5
4.8
1.0

2019.0
4.8
1.0

2029.5
4.8
1.0

