80.0
4.8
1.0

90.5
4.8
1.0

99.5
4.8
1.0

118.0
4.8
1.0

127.0
4.8
1.0

172.0
4.8
1.0

180.0
4.8
1.0

190.5
4.8
1.0

206.0
4.8
1.0

224.5
4.8
1.0

262.5
4.8
1.0

283.5
4.8
1.0

293.0
4.8
1.0

302.0
4.8
1.0

332.5
4.8
1.0

370.0
4.8
1.0

391.5
4.8
1.0

400.0
4.8
1.0

408.0
4.8
1.0

418.5
4.8
1.0

444.5
4.8
1.0

463.0
4.8
1.0

473.0
4.8
1.0

506.0
4.8
1.0

515.5
4.8
1.0

524.5
4.8
1.0

542.5
4.8
1.0

553.0
4.8
1.0

562.5
4.8
1.0

592.0
4.8
1.0

622.5
4.8
1.0

638.5
4.8
1.0

683.5
4.8
1.0

692.5
4.8
1.0

711.5
4.8
1.0

731.0
4.8
1.0

738.5
4.8
1.0

765.0
4.8
1.0

823.5
4.8
1.0

841.5
4.8
1.0

850.5
4.8
1.0

870.0
4.8
1.0

891.0
4.8
1.0

910.0
4.8
1.0

919.5
4.8
1.0

969.0
4.8
1.0

988.0
4.8
1.0

1017.5
4.8
1.0

1062.0
4.8
1.0

1081.0
4.8
1.0

1101.5
4.8
1.0

1139.5
4.8
1.0

1149.5
4.8
1.0

1188.0
4.8
1.0

1209.5
4.8
1.0

1256.0
4.8
1.0

1282.0
4.8
1.0

1301.0
4.8
1.0

1310.5
4.8
1.0

1365.0
4.8
1.0

1372.5
4.8
1.0

1383.0
4.8
1.0

1393.5
4.8
1.0

1419.5
4.8
1.0

1439.5
4.8
1.0

1448.5
4.8
1.0

1468.5
4.8
1.0

1517.5
4.8
1.0

1526.0
4.8
1.0

1535.5
4.8
1.0

1554.0
4.8
1.0

1580.5
4.8
1.0

1589.0
4.8
1.0

1616.5
4.8
1.0

1646.5
4.8
1.0

1655.0
4.8
1.0

1664.5
4.8
1.0

1682.0
4.8
1.0

1717.5
4.8
1.0

1726.0
4.8
1.0

1744.5
4.8
1.0

1752.0
4.8
1.0

1760.5
4.8
1.0

1786.5
4.8
1.0

1795.5
4.8
1.0

1842.0
4.8
1.0

1878.0
4.8
1.0

1888.5
4.8
1.0

1896.5
4.8
1.0

1912.0
4.8
1.0

1930.0
4.8
1.0

1938.5
4.8
1.0

1947.5
4.8
1.0

1956.5
4.8
1.0

1975.5
4.8
1.0

2022.0
4.8
1.0

