2033.0
4.8
1.0

2040.0
4.8
1.0

2093.0
4.8
1.0

2123.5
4.8
1.0

2133.0
4.8
1.0

2151.5
4.8
1.0

2179.0
4.8
1.0

2189.0
4.8
1.0

2254.5
4.8
1.0

2272.5
4.8
1.0

2291.5
4.8
1.0

2308.0
4.8
1.0

2382.5
4.8
1.0

2418.5
4.8
1.0

2429.5
4.8
1.0

2439.0
4.8
1.0

2456.5
4.8
1.0

2474.5
4.8
1.0

2539.0
4.8
1.0

2558.5
4.8
1.0

2567.0
4.8
1.0

2574.5
4.8
1.0

2619.5
4.8
1.0

2638.5
4.8
1.0

2648.0
4.8
1.0

2672.0
4.8
1.0

2699.5
4.8
1.0

2708.5
4.8
1.0

2754.5
4.8
1.0

2842.5
4.8
1.0

2920.0
4.8
1.0

2982.5
4.8
1.0

3085.5
4.8
1.0

3095.0
4.8
1.0

3121.0
4.8
1.0

3149.0
4.8
1.0

3167.5
4.8
1.0

3197.0
4.8
1.0

3206.5
4.8
1.0

3215.0
4.8
1.0

3225.0
4.8
1.0

3272.0
4.8
1.0

3354.5
4.8
1.0

3451.5
4.8
1.0

3460.0
4.8
1.0

3469.5
4.8
1.0

3478.5
4.8
1.0

3557.5
4.8
1.0

3566.5
4.8
1.0

3630.0
4.8
1.0

3657.0
4.8
1.0

3666.0
4.8
1.0

3684.0
4.8
1.0

3719.5
4.8
1.0

3737.5
4.8
1.0

3755.0
4.8
1.0

3822.5
4.8
1.0

3842.0
4.8
1.0

3889.5
4.8
1.0

3898.5
4.8
1.0

3919.5
4.8
1.0

3928.0
4.8
1.0

3937.5
4.8
1.0

3946.5
4.8
1.0

