2103.5
4.8
1.0

2113.0
4.8
1.0

2142.5
4.8
1.0

2161.5
4.8
1.0

2215.5
4.8
1.0

2245.5
4.8
1.0

2264.0
4.8
1.0

2301.0
4.8
1.0

2327.0
4.8
1.0

2346.0
4.8
1.0

2357.0
4.8
1.0

2365.5
4.8
1.0

2392.5
4.8
1.0

2449.0
4.8
1.0

2519.5
4.8
1.0

2549.5
4.8
1.0

2583.0
4.8
1.0

2592.5
4.8
1.0

2629.0
4.8
1.0

2690.0
4.8
1.0

2746.0
4.8
1.0

2784.0
4.8
1.0

2794.5
4.8
1.0

2803.0
4.8
1.0

2822.0
4.8
1.0

2852.5
4.8
1.0

2872.5
4.8
1.0

2912.5
4.8
1.0

2928.0
4.8
1.0

2947.5
4.8
1.0

2974.0
4.8
1.0

2993.0
4.8
1.0

3012.5
4.8
1.0

3031.0
4.8
1.0

3102.5
4.8
1.0

3156.5
4.8
1.0

3187.5
4.8
1.0

3235.0
4.8
1.0

3255.0
4.8
1.0

3281.0
4.8
1.0

3300.5
4.8
1.0

3311.0
4.8
1.0

3329.0
4.8
1.0

3336.0
4.8
1.0

3345.0
4.8
1.0

3374.5
4.8
1.0

3394.0
4.8
1.0

3403.5
4.8
1.0

3413.0
4.8
1.0

3440.5
4.8
1.0

3515.0
4.8
1.0

3530.0
4.8
1.0

3538.5
4.8
1.0

3584.0
4.8
1.0

3602.0
4.8
1.0

3611.5
4.8
1.0

3621.5
4.8
1.0

3647.5
4.8
1.0

3692.0
4.8
1.0

3746.0
4.8
1.0

3803.5
4.8
1.0

3812.5
4.8
1.0

3852.0
4.8
1.0

3861.0
4.8
1.0

