2071.8
4.8
1.0

2203.8
4.8
1.0

2211.8
4.8
1.0

2287.3
4.8
1.0

2407.3
4.8
1.0

2497.8
4.8
1.0

2661.8
4.8
1.0

2668.8
4.8
1.0

2770.8
4.8
1.0

2780.3
4.8
1.0

2818.8
4.8
1.0

2869.3
4.8
1.0

2888.3
4.8
1.0

2908.3
4.8
1.0

2960.8
4.8
1.0

2970.3
4.8
1.0

3008.8
4.8
1.0

3027.3
4.8
1.0

3045.8
4.8
1.0

3070.8
4.8
1.0

3135.8
4.8
1.0

3144.3
4.8
1.0

3296.8
4.8
1.0

3324.3
4.8
1.0

3427.8
4.8
1.0

3527.3
4.8
1.0

3552.8
4.8
1.0

3643.8
4.8
1.0

3733.8
4.8
1.0

3788.8
4.8
1.0

3915.8
4.8
1.0

3961.3
4.8
1.0

