114.3
4.8
1.0

142.8
4.8
1.0

151.3
4.8
1.0

160.3
4.8
1.0

259.8
4.8
1.0

318.8
4.8
1.0

347.3
4.8
1.0

356.3
4.8
1.0

459.8
4.8
1.0

502.8
4.8
1.0

588.8
4.8
1.0

618.8
4.8
1.0

635.8
4.8
1.0

658.8
4.8
1.0

726.3
4.8
1.0

761.3
4.8
1.0

779.3
4.8
1.0

798.8
4.8
1.0

819.3
4.8
1.0

944.8
4.8
1.0

964.3
4.8
1.0

1002.8
4.8
1.0

1012.3
4.8
1.0

1041.8
4.8
1.0

1076.3
4.8
1.0

1096.8
4.8
1.0

1204.3
4.8
1.0

1234.3
4.8
1.0

1243.3
4.8
1.0

1278.3
4.8
1.0

1296.3
4.8
1.0

1334.8
4.8
1.0

1345.3
4.8
1.0

1406.8
4.8
1.0

1435.3
4.8
1.0

1550.3
4.8
1.0

1613.8
4.8
1.0

1633.3
4.8
1.0

1695.8
4.8
1.0

1740.8
4.8
1.0

1808.8
4.8
1.0

1818.8
4.8
1.0

1828.3
4.8
1.0

1875.3
4.8
1.0

1927.3
4.8
1.0

1991.3
4.8
1.0

2010.8
4.8
1.0

2019.8
4.8
1.0

