86.3
4.8
1.0

95.8
4.8
1.0

104.3
4.8
1.0

132.8
4.8
1.0

195.8
4.8
1.0

212.3
4.8
1.0

268.8
4.8
1.0

289.3
4.8
1.0

308.3
4.8
1.0

338.8
4.8
1.0

396.3
4.8
1.0

414.3
4.8
1.0

450.3
4.8
1.0

520.3
4.8
1.0

559.3
4.8
1.0

598.3
4.8
1.0

688.3
4.8
1.0

698.8
4.8
1.0

735.8
4.8
1.0

876.3
4.8
1.0

896.3
4.8
1.0

974.8
4.8
1.0

993.8
4.8
1.0

1023.3
4.8
1.0

1086.8
4.8
1.0

1107.8
4.8
1.0

1155.3
4.8
1.0

1286.8
4.8
1.0

1369.8
4.8
1.0

1389.3
4.8
1.0

1398.3
4.8
1.0

1424.3
4.8
1.0

1445.8
4.8
1.0

1454.8
4.8
1.0

1541.8
4.8
1.0

1560.3
4.8
1.0

1585.3
4.8
1.0

1669.3
4.8
1.0

1687.3
4.8
1.0

1722.8
4.8
1.0

1731.8
4.8
1.0

1791.8
4.8
1.0

1884.3
4.8
1.0

1901.8
4.8
1.0

1934.8
4.8
1.0

1953.8
4.8
1.0

1962.3
4.8
1.0

1980.8
4.8
1.0

