2037.8
4.8
1.0

2099.3
4.8
1.0

2128.3
4.8
1.0

2157.8
4.8
1.0

2184.8
4.8
1.0

2297.3
4.8
1.0

2424.8
4.8
1.0

2461.8
4.8
1.0

2479.8
4.8
1.0

2563.8
4.8
1.0

2571.8
4.8
1.0

2625.3
4.8
1.0

2644.3
4.8
1.0

2676.8
4.8
1.0

2704.3
4.8
1.0

2988.3
4.8
1.0

3091.8
4.8
1.0

3099.8
4.8
1.0

3153.8
4.8
1.0

3172.8
4.8
1.0

3202.8
4.8
1.0

3360.3
4.8
1.0

3457.8
4.8
1.0

3475.3
4.8
1.0

3483.3
4.8
1.0

3635.8
4.8
1.0

3663.3
4.8
1.0

3689.3
4.8
1.0

3724.3
4.8
1.0

3894.8
4.8
1.0

3924.8
4.8
1.0

3942.8
4.8
1.0

