2054.3
4.8
1.0

2063.8
4.8
1.0

2089.3
4.8
1.0

2230.3
4.8
1.0

2342.3
4.8
1.0

2378.8
4.8
1.0

2470.8
4.8
1.0

2488.3
4.8
1.0

2505.8
4.8
1.0

2515.3
4.8
1.0

2615.8
4.8
1.0

2686.3
4.8
1.0

2723.8
4.8
1.0

2732.8
4.8
1.0

2899.3
4.8
1.0

2942.8
4.8
1.0

3063.3
4.8
1.0

3080.8
4.8
1.0

3117.8
4.8
1.0

3250.8
4.8
1.0

3390.3
4.8
1.0

3490.8
4.8
1.0

3501.8
4.8
1.0

3581.3
4.8
1.0

3707.3
4.8
1.0

3715.8
4.8
1.0

3770.3
4.8
1.0

3779.8
4.8
1.0

3799.3
4.8
1.0

3875.8
4.8
1.0

3884.3
4.8
1.0

3971.3
4.8
1.0

