2045.3
4.8
1.0

2139.3
4.8
1.0

2194.3
4.8
1.0

2260.3
4.8
1.0

2277.8
4.8
1.0

2312.8
4.8
1.0

2388.8
4.8
1.0

2435.8
4.8
1.0

2444.8
4.8
1.0

2544.3
4.8
1.0

2579.8
4.8
1.0

2652.8
4.8
1.0

2713.3
4.8
1.0

2760.3
4.8
1.0

2848.3
4.8
1.0

2925.3
4.8
1.0

3127.3
4.8
1.0

3211.8
4.8
1.0

3220.8
4.8
1.0

3230.3
4.8
1.0

3277.8
4.8
1.0

3465.8
4.8
1.0

3563.3
4.8
1.0

3571.3
4.8
1.0

3670.8
4.8
1.0

3743.3
4.8
1.0

3760.3
4.8
1.0

3828.3
4.8
1.0

3848.3
4.8
1.0

3904.8
4.8
1.0

3933.8
4.8
1.0

3952.3
4.8
1.0

