2118.3
4.8
1.0

2147.8
4.8
1.0

2221.8
4.8
1.0

2250.8
4.8
1.0

2305.8
4.8
1.0

2332.8
4.8
1.0

2371.3
4.8
1.0

2589.3
4.8
1.0

2635.3
4.8
1.0

2694.8
4.8
1.0

2751.3
4.8
1.0

2799.8
4.8
1.0

2858.3
4.8
1.0

2878.3
4.8
1.0

2953.8
4.8
1.0

2979.8
4.8
1.0

3018.3
4.8
1.0

3037.3
4.8
1.0

3192.8
4.8
1.0

3261.3
4.8
1.0

3306.3
4.8
1.0

3315.8
4.8
1.0

3341.8
4.8
1.0

3351.3
4.8
1.0

3398.8
4.8
1.0

3418.3
4.8
1.0

3534.8
4.8
1.0

3607.8
4.8
1.0

3616.8
4.8
1.0

3652.8
4.8
1.0

3809.8
4.8
1.0

3857.8
4.8
1.0

