88.5
4.8
1.0

98.5
4.8
1.0

107.5
4.8
1.0

126.5
4.8
1.0

135.5
4.8
1.0

145.0
4.8
1.0

154.5
4.8
1.0

175.5
4.8
1.0

230.5
4.8
1.0

248.0
4.8
1.0

267.5
4.8
1.0

276.5
4.8
1.0

303.0
4.8
1.0

329.5
4.8
1.0

348.0
4.8
1.0

368.5
4.8
1.0

378.0
4.8
1.0

422.0
4.8
1.0

448.5
4.8
1.0

467.5
4.8
1.0

477.5
4.8
1.0

495.5
4.8
1.0

505.0
4.8
1.0

522.0
4.8
1.0

530.0
4.8
1.0

551.0
4.8
1.0

579.0
4.8
1.0

617.5
4.8
1.0

627.5
4.8
1.0

636.0
4.8
1.0

644.0
4.8
1.0

663.0
4.8
1.0

692.0
4.8
1.0

728.5
4.8
1.0

774.0
4.8
1.0

790.0
4.8
1.0

817.0
4.8
1.0

837.5
4.8
1.0

865.5
4.8
1.0

893.0
4.8
1.0

920.5
4.8
1.0

929.5
4.8
1.0

938.0
4.8
1.0

948.5
4.8
1.0

982.0
4.8
1.0

998.5
4.8
1.0

1008.0
4.8
1.0

1027.5
4.8
1.0

3004.5
4.8
1.0

3021.0
4.8
1.0

3041.0
4.8
1.0

3048.5
4.8
1.0

3057.5
4.8
1.0

3085.5
4.8
1.0

3094.5
4.8
1.0

3135.5
4.8
1.0

3145.0
4.8
1.0

3152.5
4.8
1.0

3162.5
4.8
1.0

3216.0
4.8
1.0

3224.5
4.8
1.0

3233.5
4.8
1.0

3260.0
4.8
1.0

3269.5
4.8
1.0

3286.0
4.8
1.0

3294.5
4.8
1.0

3323.5
4.8
1.0

3333.5
4.8
1.0

3368.0
4.8
1.0

3410.0
4.8
1.0

3457.5
4.8
1.0

3467.5
4.8
1.0

3486.0
4.8
1.0

3495.0
4.8
1.0

3503.0
4.8
1.0

3512.5
4.8
1.0

3551.0
4.8
1.0

3606.0
4.8
1.0

3615.5
4.8
1.0

3624.5
4.8
1.0

3643.0
4.8
1.0

3701.5
4.8
1.0

3711.0
4.8
1.0

3718.0
4.8
1.0

3735.5
4.8
1.0

3754.5
4.8
1.0

3762.0
4.8
1.0

3798.5
4.8
1.0

3817.0
4.8
1.0

3824.0
4.8
1.0

3832.5
4.8
1.0

3860.5
4.8
1.0

3871.0
4.8
1.0

3880.0
4.8
1.0

3917.5
4.8
1.0

3927.0
4.8
1.0

