80.0
4.8
1.0

116.5
4.8
1.0

165.5
4.8
1.0

184.0
4.8
1.0

193.5
4.8
1.0

202.0
4.8
1.0

221.5
4.8
1.0

239.0
4.8
1.0

257.0
4.8
1.0

284.5
4.8
1.0

295.0
4.8
1.0

320.0
4.8
1.0

338.5
4.8
1.0

359.5
4.8
1.0

394.0
4.8
1.0

403.5
4.8
1.0

412.5
4.8
1.0

430.0
4.8
1.0

439.5
4.8
1.0

486.5
4.8
1.0

514.5
4.8
1.0

561.0
4.8
1.0

569.5
4.8
1.0

588.5
4.8
1.0

596.5
4.8
1.0

653.5
4.8
1.0

672.0
4.8
1.0

683.0
4.8
1.0

701.0
4.8
1.0

711.5
4.8
1.0

737.5
4.8
1.0

747.0
4.8
1.0

756.0
4.8
1.0

766.0
4.8
1.0

782.0
4.8
1.0

798.0
4.8
1.0

807.5
4.8
1.0

847.0
4.8
1.0

857.0
4.8
1.0

874.0
4.8
1.0

883.0
4.8
1.0

902.0
4.8
1.0

956.0
4.8
1.0

965.0
4.8
1.0

974.5
4.8
1.0

990.5
4.8
1.0

1017.0
4.8
1.0

1037.0
4.8
1.0

2978.5
4.8
1.0

2987.0
4.8
1.0

2995.0
4.8
1.0

3031.0
4.8
1.0

3067.5
4.8
1.0

3076.5
4.8
1.0

3104.0
4.8
1.0

3114.5
4.8
1.0

3125.5
4.8
1.0

3172.5
4.8
1.0

3181.0
4.8
1.0

3190.5
4.8
1.0

3207.0
4.8
1.0

3243.0
4.8
1.0

3252.0
4.8
1.0

3303.0
4.8
1.0

3312.0
4.8
1.0

3343.0
4.8
1.0

3359.0
4.8
1.0

3376.0
4.8
1.0

3384.0
4.8
1.0

3392.5
4.8
1.0

3401.0
4.8
1.0

3419.0
4.8
1.0

3438.0
4.8
1.0

3448.0
4.8
1.0

3476.5
4.8
1.0

3532.0
4.8
1.0

3541.0
4.8
1.0

3561.5
4.8
1.0

3571.5
4.8
1.0

3580.0
4.8
1.0

3597.0
4.8
1.0

3634.5
4.8
1.0

3653.0
4.8
1.0

3663.5
4.8
1.0

3673.0
4.8
1.0

3682.5
4.8
1.0

3727.0
4.8
1.0

3744.5
4.8
1.0

3771.5
4.8
1.0

3780.5
4.8
1.0

3790.0
4.8
1.0

3841.0
4.8
1.0

3851.5
4.8
1.0

3889.0
4.8
1.0

3896.5
4.8
1.0

3907.5
4.8
1.0

