1045.0
4.8
1.0

1090.5
4.8
1.0

1137.5
4.8
1.0

1182.5
4.8
1.0

1208.5
4.8
1.0

1278.5
4.8
1.0

1389.5
4.8
1.0

1398.5
4.8
1.0

1414.0
4.8
1.0

1423.0
4.8
1.0

1442.0
4.8
1.0

1459.0
4.8
1.0

1466.5
4.8
1.0

1550.5
4.8
1.0

1570.5
4.8
1.0

1620.5
4.8
1.0

1628.0
4.8
1.0

1637.5
4.8
1.0

1647.5
4.8
1.0

1686.5
4.8
1.0

1721.5
4.8
1.0

1759.0
4.8
1.0

1769.0
4.8
1.0

1789.5
4.8
1.0

1809.5
4.8
1.0

1828.5
4.8
1.0

1856.0
4.8
1.0

1865.0
4.8
1.0

1885.0
4.8
1.0

1914.5
4.8
1.0

1932.5
4.8
1.0

2017.0
4.8
1.0

2035.0
4.8
1.0

2045.5
4.8
1.0

2118.5
4.8
1.0

2137.5
4.8
1.0

2146.5
4.8
1.0

2204.5
4.8
1.0

2215.0
4.8
1.0

2241.5
4.8
1.0

2261.0
4.8
1.0

2299.5
4.8
1.0

2328.5
4.8
1.0

2402.0
4.8
1.0

2411.0
4.8
1.0

2429.0
4.8
1.0

2447.5
4.8
1.0

2475.0
4.8
1.0

2485.0
4.8
1.0

2527.0
4.8
1.0

2536.5
4.8
1.0

2544.5
4.8
1.0

2598.5
4.8
1.0

2609.5
4.8
1.0

2694.5
4.8
1.0

2754.0
4.8
1.0

2772.0
4.8
1.0

2790.0
4.8
1.0

2809.5
4.8
1.0

2819.0
4.8
1.0

2836.5
4.8
1.0

2844.0
4.8
1.0

2879.0
4.8
1.0

2950.5
4.8
1.0

