1058.8
4.8
1.0

1069.3
4.8
1.0

1087.8
4.8
1.0

1161.8
4.8
1.0

1205.8
4.8
1.0

1264.3
4.8
1.0

1274.8
4.8
1.0

1328.3
4.8
1.0

1337.3
4.8
1.0

1411.3
4.8
1.0

1481.8
4.8
1.0

1488.8
4.8
1.0

1566.8
4.8
1.0

1606.8
4.8
1.0

1910.3
4.8
1.0

1956.8
4.8
1.0

2030.8
4.8
1.0

2060.8
4.8
1.0

2080.3
4.8
1.0

2114.8
4.8
1.0

2237.3
4.8
1.0

2256.8
4.8
1.0

2314.3
4.8
1.0

2557.8
4.8
1.0

2595.8
4.8
1.0

2641.8
4.8
1.0

2680.8
4.8
1.0

2804.8
4.8
1.0

2857.8
4.8
1.0

2902.8
4.8
1.0

2921.3
4.8
1.0

2929.8
4.8
1.0

