94.3
4.8
1.0

103.8
4.8
1.0

112.3
4.8
1.0

141.8
4.8
1.0

150.3
4.8
1.0

181.8
4.8
1.0

272.3
4.8
1.0

307.8
4.8
1.0

334.8
4.8
1.0

383.3
4.8
1.0

473.3
4.8
1.0

483.8
4.8
1.0

501.3
4.8
1.0

527.8
4.8
1.0

556.3
4.8
1.0

584.3
4.8
1.0

640.8
4.8
1.0

649.8
4.8
1.0

669.3
4.8
1.0

870.3
4.8
1.0

925.3
4.8
1.0

934.3
4.8
1.0

953.3
4.8
1.0

1013.8
4.8
1.0

3009.3
4.8
1.0

3027.3
4.8
1.0

3090.8
4.8
1.0

3100.8
4.8
1.0

3149.8
4.8
1.0

3158.8
4.8
1.0

3229.8
4.8
1.0

3239.3
4.8
1.0

3290.8
4.8
1.0

3299.8
4.8
1.0

3373.8
4.8
1.0

3415.8
4.8
1.0

3491.3
4.8
1.0

3499.8
4.8
1.0

3508.8
4.8
1.0

3611.8
4.8
1.0

3620.3
4.8
1.0

3630.8
4.8
1.0

3707.8
4.8
1.0

3740.3
4.8
1.0

3759.3
4.8
1.0

3767.3
4.8
1.0

3829.3
4.8
1.0

3866.3
4.8
1.0

