122.3
4.8
1.0

171.8
4.8
1.0

198.3
4.8
1.0

245.3
4.8
1.0

262.3
4.8
1.0

290.3
4.8
1.0

324.8
4.8
1.0

344.3
4.8
1.0

365.8
4.8
1.0

399.3
4.8
1.0

435.3
4.8
1.0

491.8
4.8
1.0

574.3
4.8
1.0

678.3
4.8
1.0

688.8
4.8
1.0

716.8
4.8
1.0

752.3
4.8
1.0

812.3
4.8
1.0

852.3
4.8
1.0

961.3
4.8
1.0

970.3
4.8
1.0

979.8
4.8
1.0

1022.8
4.8
1.0

1041.8
4.8
1.0

2983.8
4.8
1.0

3036.3
4.8
1.0

3110.3
4.8
1.0

3177.8
4.8
1.0

3186.8
4.8
1.0

3195.3
4.8
1.0

3248.8
4.8
1.0

3257.3
4.8
1.0

3347.8
4.8
1.0

3364.3
4.8
1.0

3389.8
4.8
1.0

3444.3
4.8
1.0

3452.8
4.8
1.0

3537.8
4.8
1.0

3576.8
4.8
1.0

3585.8
4.8
1.0

3603.3
4.8
1.0

3658.3
4.8
1.0

3668.3
4.8
1.0

3687.3
4.8
1.0

3731.8
4.8
1.0

3777.3
4.8
1.0

3786.8
4.8
1.0

3847.3
4.8
1.0

