1143.8
4.8
1.0

1187.3
4.8
1.0

1214.8
4.8
1.0

1283.3
4.8
1.0

1403.3
4.8
1.0

1463.8
4.8
1.0

1556.8
4.8
1.0

1633.3
4.8
1.0

1653.3
4.8
1.0

1691.3
4.8
1.0

1726.8
4.8
1.0

1774.3
4.8
1.0

1795.8
4.8
1.0

1890.8
4.8
1.0

1937.8
4.8
1.0

2021.8
4.8
1.0

2050.3
4.8
1.0

2123.8
4.8
1.0

2247.3
4.8
1.0

2267.3
4.8
1.0

2333.3
4.8
1.0

2407.8
4.8
1.0

2434.3
4.8
1.0

2452.8
4.8
1.0

2489.8
4.8
1.0

2549.8
4.8
1.0

2614.8
4.8
1.0

2777.8
4.8
1.0

2795.8
4.8
1.0

2823.8
4.8
1.0

2841.8
4.8
1.0

2884.8
4.8
1.0

