2.25
1.0
1.0

9.75
1.0
1.0

27.75
1.0
1.0

63.0
1.0
1.0

74.25
1.0
1.0

90.0
1.0
1.0

117.0
1.0
1.0

128.25
1.0
1.0

164.25
1.0
1.0

191.25
1.0
1.0

218.25
1.0
1.0

225.75
1.0
1.0

234.75
1.0
1.0

252.0
1.0
1.0

289.5
1.0
1.0

298.5
1.0
1.0

317.25
1.0
1.0

324.0
1.0
1.0

344.25
1.0
1.0

362.25
1.0
1.0

405.0
1.0
1.0

423.0
1.0
1.0

432.75
1.0
1.0

442.5
1.0
1.0

452.25
1.0
1.0

478.5
1.0
1.0

505.5
1.0
1.0

523.5
1.0
1.0

532.5
1.0
1.0

541.5
1.0
1.0

549.75
1.0
1.0

612.0
1.0
1.0

621.75
1.0
1.0

641.25
1.0
1.0

675.0
1.0
1.0

686.25
1.0
1.0

