11.25
1.0
1.0

18.0
1.0
1.0

29.25
1.0
1.0

36.0
1.0
1.0

65.25
1.0
1.0

81.0
1.0
1.0

126.75
1.0
1.0

144.75
1.0
1.0

182.25
1.0
1.0

198.75
1.0
1.0

207.75
1.0
1.0

216.75
1.0
1.0

252.75
1.0
1.0

272.25
1.0
1.0

279.0
1.0
1.0

308.25
1.0
1.0

316.5
1.0
1.0

369.0
1.0
1.0

405.0
1.0
1.0

414.0
1.0
1.0

423.0
1.0
1.0

432.0
1.0
1.0

459.0
1.0
1.0

497.25
1.0
1.0

504.75
1.0
1.0

513.0
1.0
1.0

532.5
1.0
1.0

541.5
1.0
1.0

549.75
1.0
1.0

594.75
1.0
1.0

614.25
1.0
1.0

623.25
1.0
1.0

631.5
1.0
1.0

668.25
1.0
1.0

675.0
1.0
1.0

685.5
1.0
1.0

