2034.0
4.8
1.0

2054.0
4.8
1.0

2070.0
4.8
1.0

2080.5
4.8
1.0

2109.0
4.8
1.0

2136.0
4.8
1.0

2152.0
4.8
1.0

2161.0
4.8
1.0

2170.0
4.8
1.0

2178.5
4.8
1.0

2198.5
4.8
1.0

2207.0
4.8
1.0

2245.0
4.8
1.0

2262.0
4.8
1.0

2271.5
4.8
1.0

2307.0
4.8
1.0

2325.5
4.8
1.0

2381.5
4.8
1.0

2400.0
4.8
1.0

2449.5
4.8
1.0

2495.0
4.8
1.0

2504.0
4.8
1.0

2512.0
4.8
1.0

2528.5
4.8
1.0

2547.5
4.8
1.0

2575.0
4.8
1.0

2594.0
4.8
1.0

2612.0
4.8
1.0

2638.5
4.8
1.0

2690.0
4.8
1.0

2698.5
4.8
1.0

2726.0
4.8
1.0

2735.5
4.8
1.0

2762.0
4.8
1.0

2771.5
4.8
1.0

2780.0
4.8
1.0

2798.0
4.8
1.0

2806.0
4.8
1.0

2825.5
4.8
1.0

2834.0
4.8
1.0

2850.0
4.8
1.0

2866.5
4.8
1.0

2875.5
4.8
1.0

2884.5
4.8
1.0

2894.5
4.8
1.0

2915.5
4.8
1.0

2925.5
4.8
1.0

2952.0
4.8
1.0

