2.25
1.0
1.0

11.25
1.0
1.0

18.0
1.0
1.0

28.5
1.0
1.0

37.5
1.0
1.0

54.0
1.0
1.0

73.5
1.0
1.0

90.0
1.0
1.0

128.25
1.0
1.0

144.0
1.0
1.0

155.25
1.0
1.0

162.0
1.0
1.0

191.25
1.0
1.0

198.0
1.0
1.0

261.0
1.0
1.0

279.0
1.0
1.0

334.5
1.0
1.0

342.75
1.0
1.0

352.5
1.0
1.0

361.5
1.0
1.0

370.5
1.0
1.0

396.75
1.0
1.0

461.25
1.0
1.0

486.0
1.0
1.0

504.75
1.0
1.0

541.5
1.0
1.0

558.75
1.0
1.0

576.0
1.0
1.0

585.75
1.0
1.0

604.5
1.0
1.0

612.75
1.0
1.0

639.0
1.0
1.0

657.0
1.0
1.0

666.75
1.0
1.0

675.0
1.0
1.0

684.75
1.0
1.0

