1097.0
4.8
1.0

1142.0
4.8
1.0

1207.0
4.8
1.0

1291.5
4.8
1.0

1318.5
4.8
1.0

1329.0
4.8
1.0

1336.5
4.8
1.0

1391.5
4.8
1.0

1438.0
4.8
1.0

1446.0
4.8
1.0

1492.0
4.8
1.0

1541.0
4.8
1.0

1548.0
4.8
1.0

1565.5
4.8
1.0

1590.0
4.8
1.0

1598.5
4.8
1.0

1649.0
4.8
1.0

1679.0
4.8
1.0

1708.0
4.8
1.0

1726.0
4.8
1.0

1734.0
4.8
1.0

1752.5
4.8
1.0

1763.0
4.8
1.0

1788.0
4.8
1.0

1815.0
4.8
1.0

1835.0
4.8
1.0

1880.0
4.8
1.0

1906.5
4.8
1.0

1940.0
4.8
1.0

1948.0
4.8
1.0

1965.5
4.8
1.0

1985.0
4.8
1.0

3003.0
4.8
1.0

3030.0
4.8
1.0

3062.0
4.8
1.0

3071.5
4.8
1.0

3080.5
4.8
1.0

3090.5
4.8
1.0

3118.5
4.8
1.0

3194.5
4.8
1.0

3257.5
4.8
1.0

3266.0
4.8
1.0

3284.5
4.8
1.0

3292.0
4.8
1.0

3309.5
4.8
1.0

3371.0
4.8
1.0

3379.5
4.8
1.0

3399.0
4.8
1.0

3428.0
4.8
1.0

3446.5
4.8
1.0

3493.5
4.8
1.0

3537.0
4.8
1.0

3546.0
4.8
1.0

3584.5
4.8
1.0

3603.0
4.8
1.0

3631.0
4.8
1.0

3640.5
4.8
1.0

3648.0
4.8
1.0

3677.0
4.8
1.0

3706.5
4.8
1.0

3727.5
4.8
1.0

3762.5
4.8
1.0

3882.5
4.8
1.0

3910.5
4.8
1.0

