1052.5
4.8
1.0

1106.5
4.8
1.0

1115.0
4.8
1.0

1135.0
4.8
1.0

1169.5
4.8
1.0

1179.0
4.8
1.0

1222.0
4.8
1.0

1232.0
4.8
1.0

1240.5
4.8
1.0

1248.5
4.8
1.0

1300.5
4.8
1.0

1310.5
4.8
1.0

1346.5
4.8
1.0

1364.0
4.8
1.0

1381.5
4.8
1.0

1472.0
4.8
1.0

1482.5
4.8
1.0

1557.0
4.8
1.0

1574.5
4.8
1.0

1619.0
4.8
1.0

1659.5
4.8
1.0

1669.5
4.8
1.0

1689.0
4.8
1.0

1698.0
4.8
1.0

1742.5
4.8
1.0

1771.5
4.8
1.0

1798.0
4.8
1.0

1806.0
4.8
1.0

1825.0
4.8
1.0

1917.0
4.8
1.0

1924.0
4.8
1.0

1975.0
4.8
1.0

2973.0
4.8
1.0

2982.5
4.8
1.0

2993.5
4.8
1.0

3039.0
4.8
1.0

3054.0
4.8
1.0

3109.5
4.8
1.0

3138.0
4.8
1.0

3203.0
4.8
1.0

3212.0
4.8
1.0

3238.5
4.8
1.0

3275.0
4.8
1.0

3318.0
4.8
1.0

3408.0
4.8
1.0

3437.0
4.8
1.0

3456.0
4.8
1.0

3464.5
4.8
1.0

3473.5
4.8
1.0

3502.0
4.8
1.0

3511.0
4.8
1.0

3520.0
4.8
1.0

3528.0
4.8
1.0

3611.5
4.8
1.0

3658.0
4.8
1.0

3667.0
4.8
1.0

3717.5
4.8
1.0

3752.0
4.8
1.0

3773.5
4.8
1.0

3799.0
4.8
1.0

3816.5
4.8
1.0

3853.0
4.8
1.0

3893.0
4.8
1.0

3928.5
4.8
1.0

