92.8
4.8
1.0

148.8
4.8
1.0

158.3
4.8
1.0

176.3
4.8
1.0

197.3
4.8
1.0

224.3
4.8
1.0

244.3
4.8
1.0

383.8
4.8
1.0

403.3
4.8
1.0

457.3
4.8
1.0

465.3
4.8
1.0

564.8
4.8
1.0

619.8
4.8
1.0

673.3
4.8
1.0

690.8
4.8
1.0

721.3
4.8
1.0

785.3
4.8
1.0

810.8
4.8
1.0

838.3
4.8
1.0

857.8
4.8
1.0

924.3
4.8
1.0

935.3
4.8
1.0

952.3
4.8
1.0

1011.8
4.8
1.0

2010.8
4.8
1.0

2133.8
4.8
1.0

2190.8
4.8
1.0

2253.3
4.8
1.0

2271.3
4.8
1.0

2324.3
4.8
1.0

2333.3
4.8
1.0

2350.8
4.8
1.0

2387.3
4.8
1.0

2443.3
4.8
1.0

2471.8
4.8
1.0

2496.8
4.8
1.0

2545.3
4.8
1.0

2630.3
4.8
1.0

2704.8
4.8
1.0

2757.8
4.8
1.0

2775.3
4.8
1.0

2802.8
4.8
1.0

2861.3
4.8
1.0

2888.8
4.8
1.0

2897.3
4.8
1.0

2912.8
4.8
1.0

2950.3
4.8
1.0

2968.8
4.8
1.0

