1111.3
4.8
1.0

1139.8
4.8
1.0

1174.8
4.8
1.0

1228.3
4.8
1.0

1253.3
4.8
1.0

1351.8
4.8
1.0

1488.8
4.8
1.0

1561.8
4.8
1.0

1579.3
4.8
1.0

1625.3
4.8
1.0

1664.3
4.8
1.0

1694.8
4.8
1.0

1704.3
4.8
1.0

1748.8
4.8
1.0

1776.8
4.8
1.0

1980.8
4.8
1.0

2988.3
4.8
1.0

3059.8
4.8
1.0

3115.8
4.8
1.0

3216.8
4.8
1.0

3243.3
4.8
1.0

3322.8
4.8
1.0

3442.8
4.8
1.0

3461.8
4.8
1.0

3517.3
4.8
1.0

3524.8
4.8
1.0

3663.8
4.8
1.0

3722.8
4.8
1.0

3778.8
4.8
1.0

3821.3
4.8
1.0

3858.8
4.8
1.0

3934.8
4.8
1.0

