1067.8
4.8
1.0

1093.8
4.8
1.0

1155.8
4.8
1.0

1165.3
4.8
1.0

1202.8
4.8
1.0

1219.8
4.8
1.0

1377.8
4.8
1.0

1426.8
4.8
1.0

1435.3
4.8
1.0

1459.8
4.8
1.0

1849.3
4.8
1.0

1858.3
4.8
1.0

1894.3
4.8
1.0

1903.3
4.8
1.0

1961.8
4.8
1.0

2000.8
4.8
1.0

3051.8
4.8
1.0

3134.8
4.8
1.0

3164.8
4.8
1.0

3173.3
4.8
1.0

3340.3
4.8
1.0

3350.8
4.8
1.0

3359.3
4.8
1.0

3394.3
4.8
1.0

3580.3
4.8
1.0

3626.3
4.8
1.0

3702.8
4.8
1.0

3794.8
4.8
1.0

3830.8
4.8
1.0

3841.3
4.8
1.0

3878.3
4.8
1.0

3925.3
4.8
1.0

