3138.5
4.8
1.0

3156.0
4.8
1.0

3201.5
4.8
1.0

3230.0
4.8
1.0

3269.5
4.8
1.0

3278.0
4.8
1.0

3294.0
4.8
1.0

3321.0
4.8
1.0

3330.0
4.8
1.0

3338.0
4.8
1.0

3412.5
4.8
1.0

3472.5
4.8
1.0

3501.0
4.8
1.0

3559.0
4.8
1.0

3603.0
4.8
1.0

3640.0
4.8
1.0

3657.5
4.8
1.0

3695.5
4.8
1.0

3704.0
4.8
1.0

3731.5
4.8
1.0

3834.5
4.8
1.0

3852.5
4.8
1.0

3879.0
4.8
1.0

3937.0
4.8
1.0

3946.5
4.8
1.0

3955.5
4.8
1.0

3964.5
4.8
1.0

3983.0
4.8
1.0

3990.0
4.8
1.0

3999.0
4.8
1.0

4063.5
4.8
1.0

4093.0
4.8
1.0

