19.5
4.8
1.0

28.5
4.8
1.0

48.5
4.8
1.0

58.0
4.8
1.0

99.0
4.8
1.0

108.5
4.8
1.0

116.0
4.8
1.0

126.5
4.8
1.0

152.0
4.8
1.0

170.5
4.8
1.0

198.5
4.8
1.0

207.5
4.8
1.0

216.0
4.8
1.0

224.5
4.8
1.0

263.5
4.8
1.0

282.0
4.8
1.0

291.0
4.8
1.0

300.5
4.8
1.0

310.5
4.8
1.0

364.5
4.8
1.0

403.0
4.8
1.0

410.0
4.8
1.0

428.0
4.8
1.0

438.5
4.8
1.0

455.0
4.8
1.0

481.5
4.8
1.0

511.5
4.8
1.0

538.5
4.8
1.0

546.5
4.8
1.0

585.0
4.8
1.0

593.0
4.8
1.0

613.5
4.8
1.0

659.5
4.8
1.0

689.0
4.8
1.0

716.5
4.8
1.0

737.0
4.8
1.0

747.0
4.8
1.0

756.5
4.8
1.0

797.5
4.8
1.0

842.0
4.8
1.0

851.5
4.8
1.0

861.5
4.8
1.0

881.5
4.8
1.0

891.5
4.8
1.0

901.5
4.8
1.0

911.5
4.8
1.0

938.5
4.8
1.0

948.5
4.8
1.0

