247.5
4.8
1.0

294.5
4.8
1.0

313.0
4.8
1.0

358.0
4.8
1.0

374.0
4.8
1.0

383.0
4.8
1.0

403.0
4.8
1.0

421.0
4.8
1.0

431.5
4.8
1.0

440.5
4.8
1.0

469.5
4.8
1.0

506.0
4.8
1.0

525.0
4.8
1.0

534.0
4.8
1.0

553.5
4.8
1.0

572.0
4.8
1.0

612.0
4.8
1.0

666.0
4.8
1.0

674.5
4.8
1.0

685.5
4.8
1.0

695.5
4.8
1.0

715.5
4.8
1.0

725.5
4.8
1.0

734.5
4.8
1.0

745.5
4.8
1.0

762.0
4.8
1.0

780.5
4.8
1.0

798.5
4.8
1.0

830.5
4.8
1.0

848.0
4.8
1.0

857.5
4.8
1.0

866.0
4.8
1.0

905.5
4.8
1.0

914.0
4.8
1.0

960.5
4.8
1.0

1019.5
4.8
1.0

1048.0
4.8
1.0

1057.5
4.8
1.0

1076.0
4.8
1.0

1084.5
4.8
1.0

1093.5
4.8
1.0

1131.0
4.8
1.0

1141.0
4.8
1.0

1150.5
4.8
1.0

1169.0
4.8
1.0

1178.0
4.8
1.0

1187.5
4.8
1.0

1196.5
4.8
1.0

