80.5
4.8
1.0

91.0
4.8
1.0

98.5
4.8
1.0

106.5
4.8
1.0

134.0
4.8
1.0

161.5
4.8
1.0

197.5
4.8
1.0

224.0
4.8
1.0

270.0
4.8
1.0

281.0
4.8
1.0

298.0
4.8
1.0

325.5
4.8
1.0

344.5
4.8
1.0

355.5
4.8
1.0

402.5
4.8
1.0

411.5
4.8
1.0

429.0
4.8
1.0

438.0
4.8
1.0

455.0
4.8
1.0

505.0
4.8
1.0

514.5
4.8
1.0

523.5
4.8
1.0

532.0
4.8
1.0

581.0
4.8
1.0

589.5
4.8
1.0

599.5
4.8
1.0

608.5
4.8
1.0

646.0
4.8
1.0

664.0
4.8
1.0

691.0
4.8
1.0

709.5
4.8
1.0

718.5
4.8
1.0

746.5
4.8
1.0

764.5
4.8
1.0

774.0
4.8
1.0

818.5
4.8
1.0

835.5
4.8
1.0

852.0
4.8
1.0

887.0
4.8
1.0

897.0
4.8
1.0

916.0
4.8
1.0

925.0
4.8
1.0

943.5
4.8
1.0

968.0
4.8
1.0

976.5
4.8
1.0

995.5
4.8
1.0

1015.0
4.8
1.0

1025.0
4.8
1.0

2980.5
4.8
1.0

3006.0
4.8
1.0

3025.5
4.8
1.0

3035.0
4.8
1.0

3075.0
4.8
1.0

3105.5
4.8
1.0

3125.5
4.8
1.0

3134.5
4.8
1.0

3153.5
4.8
1.0

3163.5
4.8
1.0

3180.5
4.8
1.0

3199.5
4.8
1.0

3209.5
4.8
1.0

3219.5
4.8
1.0

3247.0
4.8
1.0

3291.0
4.8
1.0

3300.5
4.8
1.0

3311.5
4.8
1.0

3340.5
4.8
1.0

3381.5
4.8
1.0

3401.5
4.8
1.0

3410.5
4.8
1.0

3418.0
4.8
1.0

3449.5
4.8
1.0

3467.5
4.8
1.0

3476.0
4.8
1.0

3504.0
4.8
1.0

3512.5
4.8
1.0

3549.5
4.8
1.0

3568.5
4.8
1.0

3585.0
4.8
1.0

3594.0
4.8
1.0

3618.0
4.8
1.0

3626.5
4.8
1.0

3667.0
4.8
1.0

3695.0
4.8
1.0

3713.5
4.8
1.0

3733.0
4.8
1.0

3769.0
4.8
1.0

3798.0
4.8
1.0

3814.0
4.8
1.0

3822.5
4.8
1.0

3841.0
4.8
1.0

3861.0
4.8
1.0

3868.5
4.8
1.0

3888.0
4.8
1.0

3932.0
4.8
1.0

3940.5
4.8
1.0

