1053.0
4.8
1.0

1063.0
4.8
1.0

1092.0
4.8
1.0

1113.0
4.8
1.0

1122.0
4.8
1.0

1151.0
4.8
1.0

1161.0
4.8
1.0

1185.0
4.8
1.0

1223.0
4.8
1.0

1258.0
4.8
1.0

1305.5
4.8
1.0

1333.5
4.8
1.0

1386.5
4.8
1.0

1447.0
4.8
1.0

1457.0
4.8
1.0

1530.5
4.8
1.0

1557.5
4.8
1.0

1585.5
4.8
1.0

1644.5
4.8
1.0

1652.5
4.8
1.0

1671.5
4.8
1.0

1752.5
4.8
1.0

1773.0
4.8
1.0

1793.0
4.8
1.0

1839.5
4.8
1.0

1848.0
4.8
1.0

1856.5
4.8
1.0

1893.5
4.8
1.0

1913.5
4.8
1.0

1930.0
4.8
1.0

2003.0
4.8
1.0

2012.0
4.8
1.0

2040.5
4.8
1.0

2067.5
4.8
1.0

2077.5
4.8
1.0

2112.5
4.8
1.0

2159.0
4.8
1.0

2185.5
4.8
1.0

2205.0
4.8
1.0

2245.0
4.8
1.0

2254.5
4.8
1.0

2263.0
4.8
1.0

2272.5
4.8
1.0

2347.5
4.8
1.0

2356.0
4.8
1.0

2401.0
4.8
1.0

2418.0
4.8
1.0

2436.5
4.8
1.0

2444.0
4.8
1.0

2478.5
4.8
1.0

2489.0
4.8
1.0

2504.0
4.8
1.0

2512.0
4.8
1.0

2555.5
4.8
1.0

2583.5
4.8
1.0

2592.5
4.8
1.0

2620.0
4.8
1.0

2726.0
4.8
1.0

2790.0
4.8
1.0

2798.5
4.8
1.0

2815.5
4.8
1.0

2844.0
4.8
1.0

2917.5
4.8
1.0

2962.5
4.8
1.0

