115.0
4.8
1.0

142.0
4.8
1.0

152.0
4.8
1.0

170.5
4.8
1.0

179.0
4.8
1.0

189.0
4.8
1.0

207.5
4.8
1.0

216.0
4.8
1.0

233.0
4.8
1.0

252.0
4.8
1.0

260.5
4.8
1.0

289.0
4.8
1.0

306.5
4.8
1.0

314.5
4.8
1.0

335.5
4.8
1.0

365.5
4.8
1.0

374.5
4.8
1.0

383.0
4.8
1.0

392.5
4.8
1.0

446.0
4.8
1.0

465.5
4.8
1.0

475.5
4.8
1.0

495.0
4.8
1.0

542.0
4.8
1.0

553.0
4.8
1.0

571.5
4.8
1.0

619.5
4.8
1.0

628.0
4.8
1.0

654.5
4.8
1.0

673.0
4.8
1.0

682.5
4.8
1.0

700.5
4.8
1.0

737.5
4.8
1.0

756.5
4.8
1.0

782.0
4.8
1.0

800.5
4.8
1.0

810.5
4.8
1.0

826.0
4.8
1.0

844.5
4.8
1.0

868.5
4.8
1.0

877.0
4.8
1.0

907.5
4.8
1.0

935.0
4.8
1.0

952.0
4.8
1.0

960.5
4.8
1.0

986.5
4.8
1.0

1005.5
4.8
1.0

1034.5
4.8
1.0

2989.5
4.8
1.0

2998.0
4.8
1.0

3045.5
4.8
1.0

3055.0
4.8
1.0

3065.0
4.8
1.0

3095.0
4.8
1.0

3115.5
4.8
1.0

3143.5
4.8
1.0

3189.5
4.8
1.0

3229.0
4.8
1.0

3237.0
4.8
1.0

3254.5
4.8
1.0

3270.0
4.8
1.0

3281.5
4.8
1.0

3320.5
4.8
1.0

3331.0
4.8
1.0

3351.5
4.8
1.0

3370.5
4.8
1.0

3391.0
4.8
1.0

3429.5
4.8
1.0

3458.0
4.8
1.0

3485.5
4.8
1.0

3495.5
4.8
1.0

3531.5
4.8
1.0

3540.0
4.8
1.0

3559.5
4.8
1.0

3576.0
4.8
1.0

3602.0
4.8
1.0

3610.5
4.8
1.0

3647.0
4.8
1.0

3657.0
4.8
1.0

3677.5
4.8
1.0

3686.5
4.8
1.0

3704.0
4.8
1.0

3723.0
4.8
1.0

3750.0
4.8
1.0

3759.5
4.8
1.0

3779.0
4.8
1.0

3789.5
4.8
1.0

3806.0
4.8
1.0

3832.0
4.8
1.0

3851.0
4.8
1.0

3879.0
4.8
1.0

3896.5
4.8
1.0

3904.0
4.8
1.0

3913.5
4.8
1.0

3923.5
4.8
1.0

3950.5
4.8
1.0

