1078.3
4.8
1.0

1109.8
4.8
1.0

1181.8
4.8
1.0

1236.8
4.8
1.0

1246.8
4.8
1.0

1300.8
4.8
1.0

1329.8
4.8
1.0

1348.3
4.8
1.0

1374.8
4.8
1.0

1480.8
4.8
1.0

1600.8
4.8
1.0

1715.3
4.8
1.0

1741.3
4.8
1.0

1768.8
4.8
1.0

1879.8
4.8
1.0

1927.3
4.8
1.0

2036.8
4.8
1.0

2054.8
4.8
1.0

2109.8
4.8
1.0

2144.8
4.8
1.0

2181.8
4.8
1.0

2231.8
4.8
1.0

2294.8
4.8
1.0

2324.8
4.8
1.0

2333.3
4.8
1.0

2378.8
4.8
1.0

2501.3
4.8
1.0

2551.8
4.8
1.0

2607.8
4.8
1.0

2653.8
4.8
1.0

2810.8
4.8
1.0

2887.3
4.8
1.0

