95.8
4.8
1.0

103.8
4.8
1.0

229.8
4.8
1.0

350.3
4.8
1.0

417.3
4.8
1.0

434.8
4.8
1.0

442.8
4.8
1.0

461.3
4.8
1.0

519.8
4.8
1.0

528.3
4.8
1.0

595.8
4.8
1.0

614.3
4.8
1.0

651.3
4.8
1.0

668.8
4.8
1.0

696.3
4.8
1.0

714.8
4.8
1.0

752.8
4.8
1.0

823.8
4.8
1.0

857.8
4.8
1.0

903.3
4.8
1.0

930.8
4.8
1.0

982.3
4.8
1.0

1020.8
4.8
1.0

1030.8
4.8
1.0

3010.8
4.8
1.0

3030.8
4.8
1.0

3110.8
4.8
1.0

3131.8
4.8
1.0

3139.3
4.8
1.0

3168.3
4.8
1.0

3185.3
4.8
1.0

3204.8
4.8
1.0

3224.3
4.8
1.0

3296.8
4.8
1.0

3306.8
4.8
1.0

3407.8
4.8
1.0

3415.3
4.8
1.0

3424.3
4.8
1.0

3509.8
4.8
1.0

3573.3
4.8
1.0

3590.8
4.8
1.0

3623.8
4.8
1.0

3672.3
4.8
1.0

3719.3
4.8
1.0

3737.8
4.8
1.0

3828.8
4.8
1.0

3865.8
4.8
1.0

3946.8
4.8
1.0

