175.3
4.8
1.0

193.8
4.8
1.0

212.8
4.8
1.0

221.8
4.8
1.0

266.3
4.8
1.0

311.3
4.8
1.0

320.3
4.8
1.0

370.3
4.8
1.0

379.8
4.8
1.0

398.8
4.8
1.0

451.8
4.8
1.0

577.8
4.8
1.0

660.3
4.8
1.0

679.3
4.8
1.0

687.8
4.8
1.0

742.3
4.8
1.0

787.8
4.8
1.0

815.8
4.8
1.0

849.3
4.8
1.0

873.3
4.8
1.0

912.3
4.8
1.0

965.3
4.8
1.0

991.8
4.8
1.0

1011.8
4.8
1.0

2994.8
4.8
1.0

3003.8
4.8
1.0

3100.3
4.8
1.0

3148.8
4.8
1.0

3242.3
4.8
1.0

3276.3
4.8
1.0

3326.8
4.8
1.0

3336.8
4.8
1.0

3396.3
4.8
1.0

3545.8
4.8
1.0

3565.3
4.8
1.0

3580.8
4.8
1.0

3606.8
4.8
1.0

3615.8
4.8
1.0

3653.3
4.8
1.0

3662.8
4.8
1.0

3729.3
4.8
1.0

3784.3
4.8
1.0

3811.8
4.8
1.0

3837.8
4.8
1.0

3856.3
4.8
1.0

3901.8
4.8
1.0

3918.8
4.8
1.0

3955.3
4.8
1.0

