120.8
4.8
1.0

148.3
4.8
1.0

157.8
4.8
1.0

184.3
4.8
1.0

238.8
4.8
1.0

257.3
4.8
1.0

295.3
4.8
1.0

341.3
4.8
1.0

389.3
4.8
1.0

470.3
4.8
1.0

481.3
4.8
1.0

500.3
4.8
1.0

548.3
4.8
1.0

559.3
4.8
1.0

625.3
4.8
1.0

632.8
4.8
1.0

705.3
4.8
1.0

761.3
4.8
1.0

806.8
4.8
1.0

830.8
4.8
1.0

882.8
4.8
1.0

939.8
4.8
1.0

956.8
4.8
1.0

1040.8
4.8
1.0

3050.8
4.8
1.0

3060.8
4.8
1.0

3071.3
4.8
1.0

3121.8
4.8
1.0

3194.3
4.8
1.0

3233.8
4.8
1.0

3259.8
4.8
1.0

3287.8
4.8
1.0

3356.8
4.8
1.0

3376.8
4.8
1.0

3434.8
4.8
1.0

3463.3
4.8
1.0

3490.8
4.8
1.0

3501.3
4.8
1.0

3537.3
4.8
1.0

3683.3
4.8
1.0

3691.8
4.8
1.0

3708.8
4.8
1.0

3755.3
4.8
1.0

3764.3
4.8
1.0

3795.3
4.8
1.0

3884.8
4.8
1.0

3909.3
4.8
1.0

3929.3
4.8
1.0

