19.5
1.0
1.0

27.75
1.0
1.0

38.25
1.0
1.0

55.5
1.0
1.0

91.5
1.0
1.0

99.75
1.0
1.0

126.0
1.0
1.0

144.75
1.0
1.0

154.5
1.0
1.0

200.25
1.0
1.0

252.0
1.0
1.0

261.75
1.0
1.0

270.75
1.0
1.0

279.0
1.0
1.0

307.5
1.0
1.0

317.25
1.0
1.0

324.75
1.0
1.0

343.5
1.0
1.0

379.5
1.0
1.0

397.5
1.0
1.0

407.25
1.0
1.0

443.25
1.0
1.0

450.0
1.0
1.0

469.5
1.0
1.0

487.5
1.0
1.0

504.75
1.0
1.0

513.75
1.0
1.0

531.75
1.0
1.0

559.5
1.0
1.0

576.0
1.0
1.0

585.75
1.0
1.0

594.75
1.0
1.0

639.0
1.0
1.0

667.5
1.0
1.0

675.0
1.0
1.0

684.75
1.0
1.0

