80.5
4.8
1.0

89.0
4.8
1.0

99.5
4.8
1.0

129.0
4.8
1.0

138.5
4.8
1.0

159.0
4.8
1.0

186.5
4.8
1.0

196.0
4.8
1.0

205.0
4.8
1.0

222.5
4.8
1.0

239.0
4.8
1.0

246.0
4.8
1.0

274.0
4.8
1.0

283.5
4.8
1.0

310.5
4.8
1.0

318.5
4.8
1.0

365.5
4.8
1.0

375.5
4.8
1.0

384.0
4.8
1.0

392.0
4.8
1.0

444.5
4.8
1.0

452.5
4.8
1.0

471.5
4.8
1.0

488.0
4.8
1.0

517.0
4.8
1.0

536.5
4.8
1.0

544.0
4.8
1.0

586.5
4.8
1.0

596.5
4.8
1.0

625.5
4.8
1.0

634.5
4.8
1.0

691.0
4.8
1.0

710.0
4.8
1.0

718.0
4.8
1.0

726.0
4.8
1.0

752.0
4.8
1.0

762.5
4.8
1.0

781.0
4.8
1.0

829.0
4.8
1.0

857.0
4.8
1.0

864.0
4.8
1.0

883.5
4.8
1.0

893.5
4.8
1.0

940.5
4.8
1.0

951.0
4.8
1.0

960.0
4.8
1.0

968.5
4.8
1.0

1008.0
4.8
1.0

1055.0
4.8
1.0

1080.5
4.8
1.0

1118.5
4.8
1.0

1175.0
4.8
1.0

1195.5
4.8
1.0

1215.0
4.8
1.0

1225.0
4.8
1.0

1232.0
4.8
1.0

1240.0
4.8
1.0

1267.0
4.8
1.0

1304.0
4.8
1.0

1313.0
4.8
1.0

1352.5
4.8
1.0

1362.5
4.8
1.0

1372.5
4.8
1.0

1408.0
4.8
1.0

1438.5
4.8
1.0

1456.0
4.8
1.0

1513.5
4.8
1.0

1522.5
4.8
1.0

1531.5
4.8
1.0

1567.5
4.8
1.0

1587.0
4.8
1.0

1597.0
4.8
1.0

1605.0
4.8
1.0

1615.5
4.8
1.0

1634.0
4.8
1.0

1677.0
4.8
1.0

1687.5
4.8
1.0

1696.5
4.8
1.0

1727.0
4.8
1.0

1736.0
4.8
1.0

1757.5
4.8
1.0

1767.0
4.8
1.0

1777.0
4.8
1.0

1784.5
4.8
1.0

1801.5
4.8
1.0

1810.5
4.8
1.0

1821.5
4.8
1.0

1868.5
4.8
1.0

1876.5
4.8
1.0

1920.0
4.8
1.0

1928.0
4.8
1.0

1937.0
4.8
1.0

1964.5
4.8
1.0

1973.5
4.8
1.0

1993.5
4.8
1.0

2002.0
4.8
1.0

