2091.3
4.8
1.0

2135.8
4.8
1.0

2155.8
4.8
1.0

2184.8
4.8
1.0

2287.8
4.8
1.0

2353.3
4.8
1.0

2440.3
4.8
1.0

2468.3
4.8
1.0

2496.3
4.8
1.0

2590.3
4.8
1.0

2710.3
4.8
1.0

2831.8
4.8
1.0

2894.8
4.8
1.0

2931.8
4.8
1.0

2940.8
4.8
1.0

2996.3
4.8
1.0

3065.3
4.8
1.0

3101.3
4.8
1.0

3249.8
4.8
1.0

3334.8
4.8
1.0

3343.8
4.8
1.0

3371.8
4.8
1.0

3381.3
4.8
1.0

3485.3
4.8
1.0

3514.8
4.8
1.0

3524.3
4.8
1.0

3600.3
4.8
1.0

3719.3
4.8
1.0

3848.8
4.8
1.0

3886.3
4.8
1.0

3895.8
4.8
1.0

3904.8
4.8
1.0

