2037.3
4.8
1.0

2165.8
4.8
1.0

2174.3
4.8
1.0

2203.3
4.8
1.0

2212.3
4.8
1.0

2249.8
4.8
1.0

2306.8
4.8
1.0

2334.3
4.8
1.0

2362.3
4.8
1.0

2458.3
4.8
1.0

2627.3
4.8
1.0

2661.3
4.8
1.0

2866.3
4.8
1.0

2876.3
4.8
1.0

2912.8
4.8
1.0

2922.3
4.8
1.0

3015.8
4.8
1.0

3054.8
4.8
1.0

3082.3
4.8
1.0

3176.8
4.8
1.0

3222.3
4.8
1.0

3231.8
4.8
1.0

3438.3
4.8
1.0

3495.3
4.8
1.0

3554.3
4.8
1.0

3738.8
4.8
1.0

3778.3
4.8
1.0

3798.3
4.8
1.0

3839.3
4.8
1.0

3866.8
4.8
1.0

3972.8
4.8
1.0

3990.8
4.8
1.0

