124.3
4.8
1.0

154.3
4.8
1.0

183.3
4.8
1.0

219.8
4.8
1.0

299.8
4.8
1.0

307.8
4.8
1.0

333.8
4.8
1.0

406.3
4.8
1.0

432.3
4.8
1.0

441.3
4.8
1.0

512.3
4.8
1.0

532.8
4.8
1.0

582.8
4.8
1.0

610.8
4.8
1.0

621.3
4.8
1.0

651.8
4.8
1.0

706.3
4.8
1.0

797.8
4.8
1.0

805.3
4.8
1.0

853.8
4.8
1.0

926.3
4.8
1.0

994.3
4.8
1.0

1023.8
4.8
1.0

1042.3
4.8
1.0

1069.8
4.8
1.0

1095.3
4.8
1.0

1133.3
4.8
1.0

1191.3
4.8
1.0

1210.3
4.8
1.0

1301.3
4.8
1.0

1348.8
4.8
1.0

1405.3
4.8
1.0

1434.8
4.8
1.0

1471.8
4.8
1.0

1480.3
4.8
1.0

1489.3
4.8
1.0

1545.8
4.8
1.0

1563.3
4.8
1.0

1582.3
4.8
1.0

1657.3
4.8
1.0

1753.8
4.8
1.0

1797.3
4.8
1.0

1855.8
4.8
1.0

1864.8
4.8
1.0

1907.8
4.8
1.0

1916.8
4.8
1.0

1951.8
4.8
1.0

1961.3
4.8
1.0

