85.3
4.8
1.0

95.3
4.8
1.0

105.8
4.8
1.0

134.3
4.8
1.0

144.8
4.8
1.0

201.3
4.8
1.0

243.8
4.8
1.0

279.8
4.8
1.0

288.8
4.8
1.0

324.8
4.8
1.0

371.8
4.8
1.0

523.3
4.8
1.0

541.3
4.8
1.0

592.8
4.8
1.0

640.8
4.8
1.0

696.3
4.8
1.0

722.8
4.8
1.0

730.8
4.8
1.0

767.3
4.8
1.0

869.8
4.8
1.0

899.8
4.8
1.0

964.8
4.8
1.0

974.3
4.8
1.0

1013.8
4.8
1.0

1200.8
4.8
1.0

1221.3
4.8
1.0

1308.8
4.8
1.0

1318.3
4.8
1.0

1358.8
4.8
1.0

1368.3
4.8
1.0

1518.3
4.8
1.0

1527.3
4.8
1.0

1536.3
4.8
1.0

1573.8
4.8
1.0

1601.8
4.8
1.0

1620.3
4.8
1.0

1692.3
4.8
1.0

1732.3
4.8
1.0

1742.3
4.8
1.0

1781.8
4.8
1.0

1789.8
4.8
1.0

1806.8
4.8
1.0

1826.3
4.8
1.0

1881.8
4.8
1.0

1933.8
4.8
1.0

1942.8
4.8
1.0

1998.3
4.8
1.0

2008.3
4.8
1.0

