2044.8
4.8
1.0

2053.8
4.8
1.0

2119.8
4.8
1.0

2325.8
4.8
1.0

2393.3
4.8
1.0

2610.3
4.8
1.0

2635.8
4.8
1.0

2680.8
4.8
1.0

2700.3
4.8
1.0

2748.8
4.8
1.0

2787.8
4.8
1.0

2794.8
4.8
1.0

2804.3
4.8
1.0

2822.8
4.8
1.0

2847.8
4.8
1.0

2967.8
4.8
1.0

3007.3
4.8
1.0

3157.3
4.8
1.0

3186.3
4.8
1.0

3317.3
4.8
1.0

3362.3
4.8
1.0

3409.3
4.8
1.0

3467.8
4.8
1.0

3564.8
4.8
1.0

3573.8
4.8
1.0

3617.8
4.8
1.0

3645.8
4.8
1.0

3699.8
4.8
1.0

3708.3
4.8
1.0

3808.8
4.8
1.0

3952.8
4.8
1.0

3981.3
4.8
1.0

