2197.5
4.8
1.0

2235.5
4.8
1.0

2263.0
4.8
1.0

2282.0
4.8
1.0

2413.0
4.8
1.0

2449.0
4.8
1.0

2467.0
4.8
1.0

2475.0
4.8
1.0

2493.5
4.8
1.0

2502.5
4.8
1.0

2521.0
4.8
1.0

2539.5
4.8
1.0

2569.0
4.8
1.0

2587.5
4.8
1.0

2607.0
4.8
1.0

2632.0
4.8
1.0

2667.0
4.8
1.0

2732.0
4.8
1.0

2753.5
4.8
1.0

2803.0
4.8
1.0

2838.0
4.8
1.0

2878.5
4.8
1.0

2905.5
4.8
1.0

2951.0
4.8
1.0

2978.5
4.8
1.0

3042.5
4.8
1.0

3068.5
4.8
1.0

3076.0
4.8
1.0

3087.5
4.8
1.0

3112.5
4.8
1.0

3122.5
4.8
1.0

3139.0
4.8
1.0

