2217.0
4.8
1.0

2253.0
4.8
1.0

2311.0
4.8
1.0

2331.0
4.8
1.0

2349.5
4.8
1.0

2368.0
4.8
1.0

2402.0
4.8
1.0

2422.0
4.8
1.0

2431.0
4.8
1.0

2439.5
4.8
1.0

2513.0
4.8
1.0

2596.5
4.8
1.0

2650.0
4.8
1.0

2677.0
4.8
1.0

2742.0
4.8
1.0

2793.0
4.8
1.0

2820.5
4.8
1.0

2828.0
4.8
1.0

2849.5
4.8
1.0

2895.0
4.8
1.0

2932.0
4.8
1.0

2968.5
4.8
1.0

2996.5
4.8
1.0

3016.5
4.8
1.0

3032.0
4.8
1.0

3050.0
4.8
1.0

3058.5
4.8
1.0

3096.0
4.8
1.0

3104.0
4.8
1.0

3130.0
4.8
1.0

3148.0
4.8
1.0

3156.0
4.8
1.0

