2037.5
4.8
1.0

2081.0
4.8
1.0

2091.0
4.8
1.0

2101.5
4.8
1.0

2128.0
4.8
1.0

2166.5
4.8
1.0

2204.5
4.8
1.0

2212.5
4.8
1.0

2232.5
4.8
1.0

2240.5
4.8
1.0

2292.0
4.8
1.0

2330.0
4.8
1.0

2339.0
4.8
1.0

2367.0
4.8
1.0

2376.5
4.8
1.0

2402.0
4.8
1.0

2412.0
4.8
1.0

2430.5
4.8
1.0

2438.5
4.8
1.0

2448.5
4.8
1.0

2533.0
4.8
1.0

2542.0
4.8
1.0

2639.0
4.8
1.0

2657.0
4.8
1.0

2739.0
4.8
1.0

2775.0
4.8
1.0

2803.0
4.8
1.0

2829.0
4.8
1.0

2854.5
4.8
1.0

2899.0
4.8
1.0

2957.0
4.8
1.0

2967.0
4.8
1.0

