1073.5
4.8
1.0

1128.5
4.8
1.0

1138.0
4.8
1.0

1147.5
4.8
1.0

1167.5
4.8
1.0

1176.5
4.8
1.0

1204.5
4.8
1.0

1263.5
4.8
1.0

1292.0
4.8
1.0

1300.0
4.8
1.0

1317.5
4.8
1.0

1392.5
4.8
1.0

1421.5
4.8
1.0

1431.5
4.8
1.0

1441.0
4.8
1.0

1450.0
4.8
1.0

1486.5
4.8
1.0

1495.5
4.8
1.0

1505.0
4.8
1.0

1535.5
4.8
1.0

1544.0
4.8
1.0

1653.5
4.8
1.0

1683.5
4.8
1.0

1693.5
4.8
1.0

1711.0
4.8
1.0

1788.5
4.8
1.0

1807.5
4.8
1.0

1827.5
4.8
1.0

1865.5
4.8
1.0

1884.5
4.8
1.0

1893.5
4.8
1.0

1931.0
4.8
1.0

3009.5
4.8
1.0

3036.5
4.8
1.0

3053.5
4.8
1.0

3127.0
4.8
1.0

3171.0
4.8
1.0

3214.0
4.8
1.0

3247.0
4.8
1.0

3290.0
4.8
1.0

3316.0
4.8
1.0

3325.0
4.8
1.0

3360.5
4.8
1.0

3381.5
4.8
1.0

3391.5
4.8
1.0

3428.0
4.8
1.0

3471.0
4.8
1.0

3507.5
4.8
1.0

3544.5
4.8
1.0

3555.0
4.8
1.0

3564.0
4.8
1.0

3573.0
4.8
1.0

3588.0
4.8
1.0

3617.0
4.8
1.0

3666.0
4.8
1.0

3708.5
4.8
1.0

3725.0
4.8
1.0

3751.5
4.8
1.0

3788.5
4.8
1.0

3799.0
4.8
1.0

3843.0
4.8
1.0

3899.0
4.8
1.0

3909.0
4.8
1.0

3927.5
4.8
1.0

