1052.5
4.8
1.0

1157.5
4.8
1.0

1195.5
4.8
1.0

1243.5
4.8
1.0

1252.5
4.8
1.0

1272.0
4.8
1.0

1308.0
4.8
1.0

1326.5
4.8
1.0

1335.0
4.8
1.0

1345.0
4.8
1.0

1355.5
4.8
1.0

1383.0
4.8
1.0

1525.5
4.8
1.0

1563.0
4.8
1.0

1573.0
4.8
1.0

1592.0
4.8
1.0

1610.5
4.8
1.0

1634.0
4.8
1.0

1663.0
4.8
1.0

1673.5
4.8
1.0

1702.0
4.8
1.0

1721.5
4.8
1.0

1731.0
4.8
1.0

1761.5
4.8
1.0

1798.0
4.8
1.0

1854.5
4.8
1.0

1951.0
4.8
1.0

1960.5
4.8
1.0

1968.5
4.8
1.0

1976.0
4.8
1.0

2014.0
4.8
1.0

2022.0
4.8
1.0

3063.0
4.8
1.0

3091.0
4.8
1.0

3146.5
4.8
1.0

3205.5
4.8
1.0

3223.0
4.8
1.0

3273.5
4.8
1.0

3299.5
4.8
1.0

3309.0
4.8
1.0

3334.5
4.8
1.0

3352.5
4.8
1.0

3400.0
4.8
1.0

3437.5
4.8
1.0

3463.0
4.8
1.0

3480.5
4.8
1.0

3488.0
4.8
1.0

3496.0
4.8
1.0

3516.0
4.8
1.0

3535.0
4.8
1.0

3580.5
4.8
1.0

3642.5
4.8
1.0

3650.0
4.8
1.0

3674.5
4.8
1.0

3700.5
4.8
1.0

3741.0
4.8
1.0

3770.5
4.8
1.0

3814.5
4.8
1.0

3824.0
4.8
1.0

3833.5
4.8
1.0

3880.0
4.8
1.0

3889.0
4.8
1.0

3916.0
4.8
1.0

3937.0
4.8
1.0

