116.8
4.8
1.0

167.3
4.8
1.0

191.8
4.8
1.0

234.8
4.8
1.0

263.8
4.8
1.0

287.8
4.8
1.0

324.8
4.8
1.0

353.3
4.8
1.0

485.3
4.8
1.0

523.8
4.8
1.0

541.8
4.8
1.0

598.3
4.8
1.0

634.8
4.8
1.0

653.8
4.8
1.0

672.3
4.8
1.0

708.3
4.8
1.0

725.3
4.8
1.0

743.3
4.8
1.0

790.8
4.8
1.0

833.8
4.8
1.0

883.8
4.8
1.0

892.3
4.8
1.0

958.3
4.8
1.0

977.8
4.8
1.0

2072.3
4.8
1.0

2090.3
4.8
1.0

2129.8
4.8
1.0

2147.8
4.8
1.0

2156.3
4.8
1.0

2186.8
4.8
1.0

2237.3
4.8
1.0

2246.8
4.8
1.0

2432.3
4.8
1.0

2443.3
4.8
1.0

2548.8
4.8
1.0

2576.3
4.8
1.0

2675.3
4.8
1.0

2730.8
4.8
1.0

2820.8
4.8
1.0

2838.8
4.8
1.0

2846.8
4.8
1.0

2891.8
4.8
1.0

2900.8
4.8
1.0

2910.3
4.8
1.0

2965.3
4.8
1.0

2974.8
4.8
1.0

2984.3
4.8
1.0

3005.3
4.8
1.0

