1069.8
4.8
1.0

1089.3
4.8
1.0

1108.3
4.8
1.0

1117.3
4.8
1.0

1238.3
4.8
1.0

1288.3
4.8
1.0

1416.8
4.8
1.0

1463.8
4.8
1.0

1482.8
4.8
1.0

1607.8
4.8
1.0

1631.3
4.8
1.0

1747.3
4.8
1.0

1775.3
4.8
1.0

1822.8
4.8
1.0

1927.3
4.8
1.0

2010.3
4.8
1.0

3024.3
4.8
1.0

3078.3
4.8
1.0

3086.8
4.8
1.0

3112.3
4.8
1.0

3159.3
4.8
1.0

3167.8
4.8
1.0

3201.3
4.8
1.0

3243.8
4.8
1.0

3287.8
4.8
1.0

3414.8
4.8
1.0

3450.8
4.8
1.0

3639.3
4.8
1.0

3689.8
4.8
1.0

3696.8
4.8
1.0

3811.8
4.8
1.0

3867.3
4.8
1.0

