1162.3
4.8
1.0

1258.3
4.8
1.0

1312.8
4.8
1.0

1340.8
4.8
1.0

1531.3
4.8
1.0

1568.3
4.8
1.0

1578.8
4.8
1.0

1639.8
4.8
1.0

1669.3
4.8
1.0

1678.8
4.8
1.0

1736.8
4.8
1.0

1767.3
4.8
1.0

1803.3
4.8
1.0

1860.3
4.8
1.0

1965.8
4.8
1.0

2026.8
4.8
1.0

3068.3
4.8
1.0

3227.8
4.8
1.0

3305.3
4.8
1.0

3357.3
4.8
1.0

3405.3
4.8
1.0

3442.8
4.8
1.0

3502.3
4.8
1.0

3647.8
4.8
1.0

3654.8
4.8
1.0

3680.8
4.8
1.0

3705.8
4.8
1.0

3820.8
4.8
1.0

3829.3
4.8
1.0

3885.3
4.8
1.0

3895.3
4.8
1.0

3943.3
4.8
1.0

