86.3
4.8
1.0

126.8
4.8
1.0

183.3
4.8
1.0

199.8
4.8
1.0

244.8
4.8
1.0

279.8
4.8
1.0

307.3
4.8
1.0

343.8
4.8
1.0

360.8
4.8
1.0

380.8
4.8
1.0

408.8
4.8
1.0

418.3
4.8
1.0

465.3
4.8
1.0

494.3
4.8
1.0

505.3
4.8
1.0

560.8
4.8
1.0

625.8
4.8
1.0

691.3
4.8
1.0

699.8
4.8
1.0

752.3
4.8
1.0

762.3
4.8
1.0

824.3
4.8
1.0

949.8
4.8
1.0

1019.3
4.8
1.0

2138.3
4.8
1.0

2176.3
4.8
1.0

2196.8
4.8
1.0

2216.3
4.8
1.0

2293.8
4.8
1.0

2328.3
4.8
1.0

2338.3
4.8
1.0

2366.3
4.8
1.0

2384.3
4.8
1.0

2392.8
4.8
1.0

2475.3
4.8
1.0

2495.8
4.8
1.0

2539.3
4.8
1.0

2603.8
4.8
1.0

2649.3
4.8
1.0

2656.8
4.8
1.0

2703.3
4.8
1.0

2722.3
4.8
1.0

2738.8
4.8
1.0

2756.8
4.8
1.0

2777.3
4.8
1.0

2811.8
4.8
1.0

2855.8
4.8
1.0

2919.3
4.8
1.0

