1730.25
1.0
1.0

1738.5
1.0
1.0

1784.25
1.0
1.0

1800.75
1.0
1.0

1809.0
1.0
1.0

1818.75
1.0
1.0

1910.25
1.0
1.0

1946.25
1.0
1.0

1954.5
1.0
1.0

1999.5
1.0
1.0

2034.75
1.0
1.0

2088.0
1.0
1.0

2099.25
1.0
1.0

2126.25
1.0
1.0

2133.75
1.0
1.0

2151.75
1.0
1.0

2196.0
1.0
1.0

2205.0
1.0
1.0

2214.75
1.0
1.0

2341.5
1.0
1.0

2367.0
1.0
1.0

2422.5
1.0
1.0

2459.25
1.0
1.0

2466.0
1.0
1.0

2493.0
1.0
1.0

2504.25
1.0
1.0

2511.75
1.0
1.0

2520.75
1.0
1.0

2592.0
1.0
1.0

2637.75
1.0
1.0

2709.75
1.0
1.0

2720.25
1.0
1.0

2728.5
1.0
1.0

2745.0
1.0
1.0

2790.0
1.0
1.0

2835.0
1.0
1.0

2844.75
1.0
1.0

2862.75
1.0
1.0

2882.25
1.0
1.0

2916.75
1.0
1.0

2944.5
1.0
1.0

2980.5
1.0
1.0

2989.5
1.0
1.0

3015.0
1.0
1.0

3025.5
1.0
1.0

3033.75
1.0
1.0

3070.5
1.0
1.0

3098.25
1.0
1.0

3177.75
1.0
1.0

3213.75
1.0
1.0

3231.0
1.0
1.0

3258.75
1.0
1.0

3268.5
1.0
1.0

3330.0
1.0
1.0

3340.5
1.0
1.0

3358.5
1.0
1.0

