1728.75
1.0
1.0

1737.0
1.0
1.0

1783.5
1.0
1.0

1793.25
1.0
1.0

1801.5
1.0
1.0

1819.5
1.0
1.0

1836.75
1.0
1.0

1854.0
1.0
1.0

1865.25
1.0
1.0

1918.5
1.0
1.0

1937.25
1.0
1.0

1989.75
1.0
1.0

2007.0
1.0
1.0

2034.75
1.0
1.0

2070.0
1.0
1.0

2099.25
1.0
1.0

2133.0
1.0
1.0

2162.25
1.0
1.0

2261.25
1.0
1.0

2269.5
1.0
1.0

2278.5
1.0
1.0

2332.5
1.0
1.0

2342.25
1.0
1.0

2394.0
1.0
1.0

2403.75
1.0
1.0

2430.0
1.0
1.0

2449.5
1.0
1.0

2484.75
1.0
1.0

2538.0
1.0
1.0

2592.0
1.0
1.0

2601.0
1.0
1.0

2610.0
1.0
1.0

2637.75
1.0
1.0

2646.75
1.0
1.0

2664.75
1.0
1.0

2692.5
1.0
1.0

2710.5
1.0
1.0

2728.5
1.0
1.0

2772.75
1.0
1.0

2826.75
1.0
1.0

2853.75
1.0
1.0

2907.0
1.0
1.0

2926.5
1.0
1.0

2943.0
1.0
1.0

2971.5
1.0
1.0

3006.0
1.0
1.0

3025.5
1.0
1.0

3069.75
1.0
1.0

3141.0
1.0
1.0

3160.5
1.0
1.0

3206.25
1.0
1.0

3294.0
1.0
1.0

3304.5
1.0
1.0

3313.5
1.0
1.0

3340.5
1.0
1.0

3348.75
1.0
1.0

