291.25
2.0
1.0

326.5
2.0
1.0

391.75
2.0
1.0

426.25
2.0
1.0

455.5
2.0
1.0

472.0
2.0
1.0

516.25
2.0
1.0

533.5
2.0
1.0

560.5
2.0
1.0

607.75
2.0
1.0

643.75
2.0
1.0

699.25
2.0
1.0

707.5
2.0
1.0

778.75
2.0
1.0

805.0
2.0
1.0

883.75
2.0
1.0

939.25
2.0
1.0

976.0
2.0
1.0

1010.5
2.0
1.0

1073.5
2.0
1.0

1111.0
2.0
1.0

1167.25
2.0
1.0

1176.25
2.0
1.0

1202.5
2.0
1.0

1227.25
2.0
1.0

1282.0
2.0
1.0

1372.75
2.0
1.0

1489.0
2.0
1.0

1516.75
2.0
1.0

1526.5
2.0
1.0

1536.25
2.0
1.0

1581.25
2.0
1.0

1633.75
2.0
1.0

1657.75
2.0
1.0

1670.5
2.0
1.0

1676.5
2.0
1.0

