18.75
1.0
1.0

29.25
1.0
1.0

36.75
1.0
1.0

73.5
1.0
1.0

81.75
1.0
1.0

99.75
1.0
1.0

108.0
1.0
1.0

119.25
1.0
1.0

126.0
1.0
1.0

153.0
1.0
1.0

162.0
1.0
1.0

191.25
1.0
1.0

226.5
1.0
1.0

234.0
1.0
1.0

243.75
1.0
1.0

272.25
1.0
1.0

279.75
1.0
1.0

298.5
1.0
1.0

307.5
1.0
1.0

315.0
1.0
1.0

360.75
1.0
1.0

416.25
1.0
1.0

424.5
1.0
1.0

452.25
1.0
1.0

460.5
1.0
1.0

469.5
1.0
1.0

477.0
1.0
1.0

495.0
1.0
1.0

504.0
1.0
1.0

550.5
1.0
1.0

559.5
1.0
1.0

603.75
1.0
1.0

639.75
1.0
1.0

659.25
1.0
1.0

675.0
1.0
1.0

702.0
1.0
1.0

720.75
1.0
1.0

738.0
1.0
1.0

774.0
1.0
1.0

783.0
1.0
1.0

793.5
1.0
1.0

801.75
1.0
1.0

