0.0
1.0
1.0

9.0
1.0
1.0

20.25
1.0
1.0

29.25
1.0
1.0

45.0
1.0
1.0

63.0
1.0
1.0

72.75
1.0
1.0

81.75
1.0
1.0

99.75
1.0
1.0

137.25
1.0
1.0

144.0
1.0
1.0

164.25
1.0
1.0

171.0
1.0
1.0

209.25
1.0
1.0

234.75
1.0
1.0

279.0
1.0
1.0

290.25
1.0
1.0

299.25
1.0
1.0

333.75
1.0
1.0

360.0
1.0
1.0

380.25
1.0
1.0

398.25
1.0
1.0

407.25
1.0
1.0

461.25
1.0
1.0

468.75
1.0
1.0

487.5
1.0
1.0

505.5
1.0
1.0

514.5
1.0
1.0

523.5
1.0
1.0

576.75
1.0
1.0

586.5
1.0
1.0

612.0
1.0
1.0

623.25
1.0
1.0

641.25
1.0
1.0

648.75
1.0
1.0

677.25
1.0
1.0

