2.25
1.0
1.0

20.25
1.0
1.0

27.0
1.0
1.0

73.5
1.0
1.0

81.0
1.0
1.0

100.5
1.0
1.0

110.25
1.0
1.0

126.0
1.0
1.0

153.0
1.0
1.0

164.25
1.0
1.0

181.5
1.0
1.0

189.0
1.0
1.0

199.5
1.0
1.0

216.0
1.0
1.0

243.75
1.0
1.0

252.75
1.0
1.0

261.75
1.0
1.0

270.0
1.0
1.0

325.5
1.0
1.0

361.5
1.0
1.0

397.5
1.0
1.0

406.5
1.0
1.0

414.75
1.0
1.0

441.75
1.0
1.0

450.0
1.0
1.0

469.5
1.0
1.0

479.25
1.0
1.0

496.5
1.0
1.0

514.5
1.0
1.0

522.0
1.0
1.0

559.5
1.0
1.0

578.25
1.0
1.0

594.0
1.0
1.0

622.5
1.0
1.0

666.75
1.0
1.0

684.0
1.0
1.0

