3034.5
4.8
1.0

3083.0
4.8
1.0

3118.0
4.8
1.0

3177.5
4.8
1.0

3217.0
4.8
1.0

3237.0
4.8
1.0

3244.5
4.8
1.0

3291.5
4.8
1.0

3300.5
4.8
1.0

3309.5
4.8
1.0

3357.0
4.8
1.0

3366.0
4.8
1.0

3434.0
4.8
1.0

3443.0
4.8
1.0

3452.5
4.8
1.0

3470.0
4.8
1.0

3507.5
4.8
1.0

3534.5
4.8
1.0

3570.5
4.8
1.0

3608.5
4.8
1.0

3617.5
4.8
1.0

3690.0
4.8
1.0

3776.5
4.8
1.0

3786.5
4.8
1.0

3797.0
4.8
1.0

3845.5
4.8
1.0

3903.0
4.8
1.0

3910.0
4.8
1.0

3928.5
4.8
1.0

3947.0
4.8
1.0

3956.0
4.8
1.0

3967.0
4.8
1.0

