3213.0
4.8
1.0

3223.0
4.8
1.0

3250.5
4.8
1.0

3305.0
4.8
1.0

3313.0
4.8
1.0

3359.0
4.8
1.0

3369.0
4.8
1.0

3378.0
4.8
1.0

3387.5
4.8
1.0

3415.0
4.8
1.0

3442.5
4.8
1.0

3540.5
4.8
1.0

3561.0
4.8
1.0

3644.0
4.8
1.0

3652.5
4.8
1.0

3662.0
4.8
1.0

3670.0
4.8
1.0

3734.5
4.8
1.0

3742.0
4.8
1.0

3781.0
4.8
1.0

3809.0
4.8
1.0

3819.0
4.8
1.0

3920.5
4.8
1.0

3930.0
4.8
1.0

3938.0
4.8
1.0

3964.0
4.8
1.0

3972.0
4.8
1.0

4001.5
4.8
1.0

4067.0
4.8
1.0

4077.5
4.8
1.0

4087.5
4.8
1.0

4097.0
4.8
1.0

