2175.5
4.8
1.0

2194.0
4.8
1.0

2271.0
4.8
1.0

2306.5
4.8
1.0

2323.5
4.8
1.0

2333.5
4.8
1.0

2370.0
4.8
1.0

2389.0
4.8
1.0

2516.5
4.8
1.0

2555.0
4.8
1.0

2565.0
4.8
1.0

2575.5
4.8
1.0

2584.5
4.8
1.0

2600.0
4.8
1.0

2608.0
4.8
1.0

2653.0
4.8
1.0

2702.5
4.8
1.0

2720.0
4.8
1.0

2782.0
4.8
1.0

2859.5
4.8
1.0

2889.5
4.8
1.0

2926.5
4.8
1.0

2946.5
4.8
1.0

2980.0
4.8
1.0

2989.5
4.8
1.0

2999.0
4.8
1.0

3007.0
4.8
1.0

3025.0
4.8
1.0

3099.5
4.8
1.0

3109.0
4.8
1.0

3119.0
4.8
1.0

3137.0
4.8
1.0

