2212.5
4.8
1.0

2232.5
4.8
1.0

2261.5
4.8
1.0

2280.0
4.8
1.0

2314.5
4.8
1.0

2343.0
4.8
1.0

2352.5
4.8
1.0

2433.0
4.8
1.0

2442.0
4.8
1.0

2450.0
4.8
1.0

2479.5
4.8
1.0

2524.5
4.8
1.0

2592.0
4.8
1.0

2619.5
4.8
1.0

2644.0
4.8
1.0

2663.0
4.8
1.0

2682.0
4.8
1.0

2746.5
4.8
1.0

2793.5
4.8
1.0

2803.5
4.8
1.0

2813.0
4.8
1.0

2869.5
4.8
1.0

2916.5
4.8
1.0

2936.0
4.8
1.0

2957.0
4.8
1.0

3016.0
4.8
1.0

3035.0
4.8
1.0

3053.5
4.8
1.0

3062.0
4.8
1.0

3080.0
4.8
1.0

3090.5
4.8
1.0

3127.5
4.8
1.0

