2041.0
4.8
1.0

2079.5
4.8
1.0

2088.5
4.8
1.0

2107.0
4.8
1.0

2135.0
4.8
1.0

2144.0
4.8
1.0

2208.5
4.8
1.0

2226.0
4.8
1.0

2243.0
4.8
1.0

2260.0
4.8
1.0

2270.0
4.8
1.0

2304.5
4.8
1.0

2341.5
4.8
1.0

2396.0
4.8
1.0

2412.5
4.8
1.0

2479.0
4.8
1.0

2487.5
4.8
1.0

2515.5
4.8
1.0

2525.5
4.8
1.0

2534.0
4.8
1.0

2611.5
4.8
1.0

2658.5
4.8
1.0

2668.0
4.8
1.0

2677.0
4.8
1.0

2713.0
4.8
1.0

2816.5
4.8
1.0

2826.0
4.8
1.0

2845.5
4.8
1.0

2880.0
4.8
1.0

2889.5
4.8
1.0

2898.0
4.8
1.0

2979.0
4.8
1.0

