2032.5
4.8
1.0

2050.5
4.8
1.0

2059.5
4.8
1.0

2068.5
4.8
1.0

2126.0
4.8
1.0

2180.0
4.8
1.0

2190.0
4.8
1.0

2234.0
4.8
1.0

2252.5
4.8
1.0

2281.0
4.8
1.0

2296.0
4.8
1.0

2323.0
4.8
1.0

2332.5
4.8
1.0

2351.0
4.8
1.0

2449.5
4.8
1.0

2469.5
4.8
1.0

2561.5
4.8
1.0

2571.5
4.8
1.0

2590.5
4.8
1.0

2601.5
4.8
1.0

2621.5
4.8
1.0

2630.5
4.8
1.0

2639.0
4.8
1.0

2649.5
4.8
1.0

2722.5
4.8
1.0

2780.5
4.8
1.0

2808.5
4.8
1.0

2871.5
4.8
1.0

2918.5
4.8
1.0

2926.0
4.8
1.0

2942.0
4.8
1.0

2952.0
4.8
1.0

