0.75
1.0
1.0

28.5
1.0
1.0

36.0
1.0
1.0

47.25
1.0
1.0

55.5
1.0
1.0

81.75
1.0
1.0

117.0
1.0
1.0

135.0
1.0
1.0

144.0
1.0
1.0

171.75
1.0
1.0

191.25
1.0
1.0

199.5
1.0
1.0

207.0
1.0
1.0

225.0
1.0
1.0

235.5
1.0
1.0

252.0
1.0
1.0

270.0
1.0
1.0

299.25
1.0
1.0

306.75
1.0
1.0

352.5
1.0
1.0

369.75
1.0
1.0

378.75
1.0
1.0

434.25
1.0
1.0

441.75
1.0
1.0

450.0
1.0
1.0

460.5
1.0
1.0

479.25
1.0
1.0

505.5
1.0
1.0

531.0
1.0
1.0

542.25
1.0
1.0

568.5
1.0
1.0

603.0
1.0
1.0

612.75
1.0
1.0

622.5
1.0
1.0

639.75
1.0
1.0

684.75
1.0
1.0

