2.25
1.0
1.0

9.0
1.0
1.0

36.75
1.0
1.0

81.0
1.0
1.0

90.75
1.0
1.0

100.5
1.0
1.0

110.25
1.0
1.0

144.75
1.0
1.0

154.5
1.0
1.0

189.75
1.0
1.0

216.0
1.0
1.0

226.5
1.0
1.0

243.75
1.0
1.0

252.0
1.0
1.0

270.0
1.0
1.0

279.0
1.0
1.0

290.25
1.0
1.0

298.5
1.0
1.0

351.75
1.0
1.0

369.75
1.0
1.0

378.0
1.0
1.0

396.0
1.0
1.0

405.75
1.0
1.0

423.75
1.0
1.0

468.75
1.0
1.0

477.75
1.0
1.0

523.5
1.0
1.0

532.5
1.0
1.0

585.0
1.0
1.0

594.0
1.0
1.0

612.75
1.0
1.0

622.5
1.0
1.0

641.25
1.0
1.0

648.0
1.0
1.0

658.5
1.0
1.0

676.5
1.0
1.0

