8.0
4.8
1.0

17.0
4.8
1.0

27.5
4.8
1.0

47.5
4.8
1.0

64.5
4.8
1.0

119.5
4.8
1.0

129.0
4.8
1.0

147.5
4.8
1.0

184.0
4.8
1.0

192.5
4.8
1.0

222.0
4.8
1.0

230.5
4.8
1.0

251.0
4.8
1.0

269.0
4.8
1.0

296.5
4.8
1.0

316.5
4.8
1.0

332.5
4.8
1.0

361.0
4.8
1.0

378.5
4.8
1.0

388.5
4.8
1.0

397.0
4.8
1.0

407.5
4.8
1.0

454.0
4.8
1.0

500.5
4.8
1.0

510.5
4.8
1.0

547.5
4.8
1.0

556.5
4.8
1.0

567.5
4.8
1.0

584.5
4.8
1.0

613.0
4.8
1.0

620.5
4.8
1.0

648.0
4.8
1.0

659.5
4.8
1.0

696.5
4.8
1.0

705.0
4.8
1.0

714.0
4.8
1.0

732.0
4.8
1.0

750.5
4.8
1.0

758.5
4.8
1.0

766.0
4.8
1.0

782.0
4.8
1.0

824.0
4.8
1.0

852.5
4.8
1.0

862.0
4.8
1.0

870.0
4.8
1.0

889.5
4.8
1.0

916.0
4.8
1.0

945.5
4.8
1.0

