10.5
1.0
1.0

47.25
1.0
1.0

55.5
1.0
1.0

91.5
1.0
1.0

146.25
1.0
1.0

163.5
1.0
1.0

173.25
1.0
1.0

207.75
1.0
1.0

236.25
1.0
1.0

253.5
1.0
1.0

270.75
1.0
1.0

281.25
1.0
1.0

307.5
1.0
1.0

317.25
1.0
1.0

333.0
1.0
1.0

351.75
1.0
1.0

360.0
1.0
1.0

378.75
1.0
1.0

405.0
1.0
1.0

425.25
1.0
1.0

434.25
1.0
1.0

443.25
1.0
1.0

452.25
1.0
1.0

495.75
1.0
1.0

505.5
1.0
1.0

514.5
1.0
1.0

523.5
1.0
1.0

540.0
1.0
1.0

550.5
1.0
1.0

558.0
1.0
1.0

567.75
1.0
1.0

621.0
1.0
1.0

639.75
1.0
1.0

648.75
1.0
1.0

657.0
1.0
1.0

666.0
1.0
1.0

