10.5
1.0
1.0

19.5
1.0
1.0

46.5
1.0
1.0

54.0
1.0
1.0

90.75
1.0
1.0

99.75
1.0
1.0

117.0
1.0
1.0

128.25
1.0
1.0

137.25
1.0
1.0

146.25
1.0
1.0

171.0
1.0
1.0

180.75
1.0
1.0

226.5
1.0
1.0

243.75
1.0
1.0

252.0
1.0
1.0

270.75
1.0
1.0

281.25
1.0
1.0

297.0
1.0
1.0

342.75
1.0
1.0

361.5
1.0
1.0

407.25
1.0
1.0

414.0
1.0
1.0

434.25
1.0
1.0

443.25
1.0
1.0

477.0
1.0
1.0

486.75
1.0
1.0

513.75
1.0
1.0

522.75
1.0
1.0

549.0
1.0
1.0

558.75
1.0
1.0

569.25
1.0
1.0

578.25
1.0
1.0

596.25
1.0
1.0

614.25
1.0
1.0

639.0
1.0
1.0

650.25
1.0
1.0

659.25
1.0
1.0

711.0
1.0
1.0

721.5
1.0
1.0

729.0
1.0
1.0

756.75
1.0
1.0

783.75
1.0
1.0

