290.25
1.0
1.0

306.0
1.0
1.0

316.5
1.0
1.0

361.5
1.0
1.0

380.25
1.0
1.0

397.5
1.0
1.0

406.5
1.0
1.0

416.25
1.0
1.0

459.75
1.0
1.0

487.5
1.0
1.0

514.5
1.0
1.0

531.75
1.0
1.0

542.25
1.0
1.0

551.25
1.0
1.0

569.25
1.0
1.0

576.75
1.0
1.0

595.5
1.0
1.0

623.25
1.0
1.0

632.25
1.0
1.0

640.5
1.0
1.0

666.0
1.0
1.0

676.5
1.0
1.0

703.5
1.0
1.0

738.0
1.0
1.0

747.0
1.0
1.0

802.5
1.0
1.0

846.75
1.0
1.0

857.25
1.0
1.0

883.5
1.0
1.0

900.0
1.0
1.0

910.5
1.0
1.0

918.75
1.0
1.0

928.5
1.0
1.0

955.5
1.0
1.0

983.25
1.0
1.0

990.0
1.0
1.0

1829.25
1.0
1.0

1845.0
1.0
1.0

1854.0
1.0
1.0

1863.75
1.0
1.0

1874.25
1.0
1.0

1899.0
1.0
1.0

1908.0
1.0
1.0

1928.25
1.0
1.0

1962.0
1.0
1.0

1989.0
1.0
1.0

1998.75
1.0
1.0

2008.5
1.0
1.0

2016.75
1.0
1.0

2072.25
1.0
1.0

2098.5
1.0
1.0

2151.0
1.0
1.0

2160.75
1.0
1.0

2171.25
1.0
1.0

2197.5
1.0
1.0

2205.0
1.0
1.0

2223.75
1.0
1.0

2233.5
1.0
1.0

2241.75
1.0
1.0

2261.25
1.0
1.0

2279.25
1.0
1.0

2288.25
1.0
1.0

2296.5
1.0
1.0

2342.25
1.0
1.0

2385.0
1.0
1.0

2412.0
1.0
1.0

2441.25
1.0
1.0

2448.75
1.0
1.0

2457.75
1.0
1.0

2475.75
1.0
1.0

2484.75
1.0
1.0

2520.75
1.0
1.0

