299.25
1.0
1.0

325.5
1.0
1.0

333.75
1.0
1.0

352.5
1.0
1.0

371.25
1.0
1.0

389.25
1.0
1.0

423.0
1.0
1.0

441.0
1.0
1.0

452.25
1.0
1.0

469.5
1.0
1.0

479.25
1.0
1.0

495.75
1.0
1.0

504.75
1.0
1.0

560.25
1.0
1.0

603.0
1.0
1.0

614.25
1.0
1.0

649.5
1.0
1.0

657.0
1.0
1.0

686.25
1.0
1.0

695.25
1.0
1.0

712.5
1.0
1.0

729.75
1.0
1.0

756.75
1.0
1.0

767.25
1.0
1.0

774.75
1.0
1.0

793.5
1.0
1.0

812.25
1.0
1.0

819.0
1.0
1.0

828.0
1.0
1.0

838.5
1.0
1.0

875.25
1.0
1.0

891.0
1.0
1.0

937.5
1.0
1.0

945.0
1.0
1.0

963.0
1.0
1.0

972.0
1.0
1.0

1836.0
1.0
1.0

1891.5
1.0
1.0

1919.25
1.0
1.0

1937.25
1.0
1.0

1944.0
1.0
1.0

1953.75
1.0
1.0

1973.25
1.0
1.0

1982.25
1.0
1.0

2025.75
1.0
1.0

2034.75
1.0
1.0

2043.0
1.0
1.0

2061.75
1.0
1.0

2079.0
1.0
1.0

2089.5
1.0
1.0

2106.75
1.0
1.0

2124.0
1.0
1.0

2135.25
1.0
1.0

2142.0
1.0
1.0

2189.25
1.0
1.0

2215.5
1.0
1.0

2269.5
1.0
1.0

2304.75
1.0
1.0

2323.5
1.0
1.0

2331.0
1.0
1.0

2350.5
1.0
1.0

2358.0
1.0
1.0

2368.5
1.0
1.0

2376.75
1.0
1.0

2394.75
1.0
1.0

2423.25
1.0
1.0

2432.25
1.0
1.0

2468.25
1.0
1.0

2494.5
1.0
1.0

2504.25
1.0
1.0

2511.0
1.0
1.0

2531.25
1.0
1.0

