301.0
2.0
1.0

311.5
2.0
1.0

318.25
2.0
1.0

327.25
2.0
1.0

373.75
2.0
1.0

463.75
2.0
1.0

535.75
2.0
1.0

554.5
2.0
1.0

625.75
2.0
1.0

649.75
2.0
1.0

670.75
2.0
1.0

679.0
2.0
1.0

751.0
2.0
1.0

787.0
2.0
1.0

842.5
2.0
1.0

849.25
2.0
1.0

913.75
2.0
1.0

956.5
2.0
1.0

1866.25
2.0
1.0

1875.25
2.0
1.0

1912.75
2.0
1.0

1930.75
2.0
1.0

1965.25
2.0
1.0

2100.25
2.0
1.0

2129.5
2.0
1.0

2152.75
2.0
1.0

2173.0
2.0
1.0

2209.0
2.0
1.0

2254.75
2.0
1.0

2270.5
2.0
1.0

2298.25
2.0
1.0

2308.0
2.0
1.0

2344.0
2.0
1.0

2408.5
2.0
1.0

2443.0
2.0
1.0

2472.25
2.0
1.0

