1228.5
4.8
1.0

1254.5
4.8
1.0

1273.5
4.8
1.0

1283.5
4.8
1.0

1313.5
4.8
1.0

1322.0
4.8
1.0

1331.5
4.8
1.0

1348.5
4.8
1.0

1376.5
4.8
1.0

1431.5
4.8
1.0

1449.0
4.8
1.0

1467.0
4.8
1.0

1521.5
4.8
1.0

1530.0
4.8
1.0

1566.5
4.8
1.0

1574.0
4.8
1.0

1637.0
4.8
1.0

1739.5
4.8
1.0

1767.5
4.8
1.0

1825.5
4.8
1.0

1834.5
4.8
1.0

1845.5
4.8
1.0

1883.0
4.8
1.0

1893.0
4.8
1.0

1954.0
4.8
1.0

1963.5
4.8
1.0

2000.0
4.8
1.0

2035.0
4.8
1.0

2118.5
4.8
1.0

2129.0
4.8
1.0

2162.0
4.8
1.0

2173.5
4.8
1.0

2296.5
4.8
1.0

2306.5
4.8
1.0

2384.5
4.8
1.0

2394.0
4.8
1.0

2403.5
4.8
1.0

2413.0
4.8
1.0

2456.0
4.8
1.0

2512.5
4.8
1.0

2625.0
4.8
1.0

2653.5
4.8
1.0

2663.5
4.8
1.0

2683.0
4.8
1.0

2690.5
4.8
1.0

2715.5
4.8
1.0

2741.0
4.8
1.0

2760.0
4.8
1.0

2769.5
4.8
1.0

2779.5
4.8
1.0

2788.5
4.8
1.0

2817.0
4.8
1.0

2825.0
4.8
1.0

2891.5
4.8
1.0

2901.5
4.8
1.0

2910.0
4.8
1.0

2969.5
4.8
1.0

3009.5
4.8
1.0

3039.0
4.8
1.0

3084.5
4.8
1.0

3103.5
4.8
1.0

3129.0
4.8
1.0

3136.0
4.8
1.0

3145.5
4.8
1.0

