1044.75
1.0
1.0

1053.75
1.0
1.0

1063.5
1.0
1.0

1117.5
1.0
1.0

1135.5
1.0
1.0

1162.5
1.0
1.0

1179.0
1.0
1.0

1216.5
1.0
1.0

1225.5
1.0
1.0

1235.25
1.0
1.0

1253.25
1.0
1.0

1296.0
1.0
1.0

1323.75
1.0
1.0

1342.5
1.0
1.0

1397.25
1.0
1.0

1467.75
1.0
1.0

1523.25
1.0
1.0

1541.25
1.0
1.0

1584.0
1.0
1.0

1593.75
1.0
1.0

1602.0
1.0
1.0

1630.5
1.0
1.0

1647.0
1.0
1.0

1683.75
1.0
1.0

1719.0
1.0
1.0

1748.25
1.0
1.0

1782.75
1.0
1.0

1818.0
1.0
1.0

2548.5
1.0
1.0

2601.0
1.0
1.0

2612.25
1.0
1.0

2664.0
1.0
1.0

2709.75
1.0
1.0

2783.25
1.0
1.0

2826.0
1.0
1.0

2872.5
1.0
1.0

2880.0
1.0
1.0

2889.0
1.0
1.0

2909.25
1.0
1.0

2954.25
1.0
1.0

2961.0
1.0
1.0

2972.25
1.0
1.0

2990.25
1.0
1.0

3016.5
1.0
1.0

3105.0
1.0
1.0

3115.5
1.0
1.0

3134.25
1.0
1.0

3150.0
1.0
1.0

3195.75
1.0
1.0

3213.75
1.0
1.0

3258.0
1.0
1.0

3269.25
1.0
1.0

3276.75
1.0
1.0

3312.0
1.0
1.0

3323.25
1.0
1.0

3357.0
1.0
1.0

