249.0
4.8
1.0

259.0
4.8
1.0

277.0
4.8
1.0

286.0
4.8
1.0

312.5
4.8
1.0

320.0
4.8
1.0

328.0
4.8
1.0

337.5
4.8
1.0

356.0
4.8
1.0

367.0
4.8
1.0

384.5
4.8
1.0

392.5
4.8
1.0

422.5
4.8
1.0

432.5
4.8
1.0

441.5
4.8
1.0

450.5
4.8
1.0

469.0
4.8
1.0

515.0
4.8
1.0

535.5
4.8
1.0

553.0
4.8
1.0

599.5
4.8
1.0

609.5
4.8
1.0

657.5
4.8
1.0

666.5
4.8
1.0

674.0
4.8
1.0

685.0
4.8
1.0

713.0
4.8
1.0

738.0
4.8
1.0

747.5
4.8
1.0

757.0
4.8
1.0

776.0
4.8
1.0

813.0
4.8
1.0

820.5
4.8
1.0

869.0
4.8
1.0

895.5
4.8
1.0

925.0
4.8
1.0

934.5
4.8
1.0

943.0
4.8
1.0

962.5
4.8
1.0

989.5
4.8
1.0

1046.5
4.8
1.0

1075.0
4.8
1.0

1119.0
4.8
1.0

1127.5
4.8
1.0

1147.0
4.8
1.0

1156.0
4.8
1.0

1182.0
4.8
1.0

1191.0
4.8
1.0

3163.0
4.8
1.0

3190.0
4.8
1.0

3201.5
4.8
1.0

3211.0
4.8
1.0

3247.0
4.8
1.0

3266.0
4.8
1.0

3275.5
4.8
1.0

3292.5
4.8
1.0

3313.5
4.8
1.0

3333.5
4.8
1.0

3352.0
4.8
1.0

3361.5
4.8
1.0

3370.0
4.8
1.0

3416.0
4.8
1.0

3470.0
4.8
1.0

3488.0
4.8
1.0

3496.5
4.8
1.0

3505.5
4.8
1.0

3524.0
4.8
1.0

3533.5
4.8
1.0

3543.0
4.8
1.0

3562.5
4.8
1.0

3591.0
4.8
1.0

3627.0
4.8
1.0

3636.5
4.8
1.0

3646.0
4.8
1.0

3654.0
4.8
1.0

3713.5
4.8
1.0

3761.5
4.8
1.0

3771.5
4.8
1.0

3799.0
4.8
1.0

3808.5
4.8
1.0

3817.0
4.8
1.0

3847.0
4.8
1.0

3866.0
4.8
1.0

3916.5
4.8
1.0

3925.5
4.8
1.0

3971.5
4.8
1.0

3980.0
4.8
1.0

3991.0
4.8
1.0

4000.0
4.8
1.0

4028.5
4.8
1.0

4068.5
4.8
1.0

4077.0
4.8
1.0

4116.5
4.8
1.0

4125.0
4.8
1.0

4135.5
4.8
1.0

4145.0
4.8
1.0

