1000.5
1.0
1.0

1009.5
1.0
1.0

1099.5
1.0
1.0

1145.25
1.0
1.0

1199.25
1.0
1.0

1242.75
1.0
1.0

1260.0
1.0
1.0

1270.5
1.0
1.0

1369.5
1.0
1.0

1388.25
1.0
1.0

1406.25
1.0
1.0

1424.25
1.0
1.0

1431.0
1.0
1.0

1440.75
1.0
1.0

1458.75
1.0
1.0

1503.0
1.0
1.0

1512.75
1.0
1.0

1532.25
1.0
1.0

1548.75
1.0
1.0

1613.25
1.0
1.0

1622.25
1.0
1.0

1674.0
1.0
1.0

1694.25
1.0
1.0

1701.75
1.0
1.0

1711.5
1.0
1.0

1755.0
1.0
1.0

1765.5
1.0
1.0

1809.75
1.0
1.0

2556.0
1.0
1.0

2583.75
1.0
1.0

2592.0
1.0
1.0

2619.75
1.0
1.0

2656.5
1.0
1.0

2682.75
1.0
1.0

2691.75
1.0
1.0

2718.0
1.0
1.0

2736.0
1.0
1.0

2772.0
1.0
1.0

2817.75
1.0
1.0

2845.5
1.0
1.0

2853.75
1.0
1.0

2898.75
1.0
1.0

2997.0
1.0
1.0

3033.0
1.0
1.0

3060.75
1.0
1.0

3079.5
1.0
1.0

3123.0
1.0
1.0

3143.25
1.0
1.0

3159.75
1.0
1.0

3205.5
1.0
1.0

3251.25
1.0
1.0

3295.5
1.0
1.0

3304.5
1.0
1.0

3331.5
1.0
1.0

3339.75
1.0
1.0

3348.75
1.0
1.0

