1375.3
1.5
1.0

1393.8
1.5
1.0

1539.8
1.5
1.0

1795.3
1.5
1.0

1823.8
1.5
1.0

1871.3
1.5
1.0

1939.3
1.5
1.0

1967.3
1.5
1.0

1995.8
1.5
1.0

2043.8
1.5
1.0

2051.8
1.5
1.0

2079.3
1.5
1.0

2158.8
1.5
1.0

2248.3
1.5
1.0

2296.8
1.5
1.0

2313.8
1.5
1.0

2321.3
1.5
1.0

2329.8
1.5
1.0

2357.3
1.5
1.0

2413.3
1.5
1.0

2421.8
1.5
1.0

2485.8
1.5
1.0

2501.3
1.5
1.0

2518.3
1.5
1.0

2574.8
1.5
1.0

2611.3
1.5
1.0

2768.3
1.5
1.0

2940.8
1.5
1.0

3172.8
1.5
1.0

3181.8
1.5
1.0

3189.3
1.5
1.0

3263.8
1.5
1.0

