1475.8
1.5
1.0

1593.3
1.5
1.0

1628.8
1.5
1.0

1664.8
1.5
1.0

1692.3
1.5
1.0

1700.8
1.5
1.0

1767.3
1.5
1.0

1785.3
1.5
1.0

1946.8
1.5
1.0

2097.3
1.5
1.0

2132.3
1.5
1.0

2141.8
1.5
1.0

2150.3
1.5
1.0

2175.8
1.5
1.0

2266.3
1.5
1.0

2276.3
1.5
1.0

2375.8
1.5
1.0

2492.8
1.5
1.0

2549.3
1.5
1.0

2582.8
1.5
1.0

2619.8
1.5
1.0

2636.3
1.5
1.0

2690.8
1.5
1.0

2839.8
1.5
1.0

2901.3
1.5
1.0

2930.3
1.5
1.0

2986.3
1.5
1.0

3014.8
1.5
1.0

3082.3
1.5
1.0

3153.3
1.5
1.0

3162.8
1.5
1.0

3244.8
1.5
1.0

