1483.3
1.5
1.0

1492.3
1.5
1.0

1600.8
1.5
1.0

1655.3
1.5
1.0

1720.3
1.5
1.0

1730.3
1.5
1.0

1775.8
1.5
1.0

1805.3
1.5
1.0

1889.8
1.5
1.0

2004.3
1.5
1.0

2014.8
1.5
1.0

2033.8
1.5
1.0

2209.3
1.5
1.0

2218.8
1.5
1.0

2238.8
1.5
1.0

2305.8
1.5
1.0

2338.8
1.5
1.0

2446.3
1.5
1.0

2653.8
1.5
1.0

2670.8
1.5
1.0

2739.8
1.5
1.0

2749.8
1.5
1.0

2813.3
1.5
1.0

2831.8
1.5
1.0

2848.8
1.5
1.0

2857.8
1.5
1.0

2884.3
1.5
1.0

2951.3
1.5
1.0

2996.3
1.5
1.0

3024.3
1.5
1.0

3073.3
1.5
1.0

3208.3
1.5
1.0

