85.8
1.5
1.0

104.8
1.5
1.0

114.3
1.5
1.0

132.8
1.5
1.0

141.8
1.5
1.0

156.8
1.5
1.0

182.3
1.5
1.0

193.8
1.5
1.0

249.3
1.5
1.0

267.8
1.5
1.0

352.3
1.5
1.0

513.3
1.5
1.0

530.3
1.5
1.0

559.8
1.5
1.0

586.3
1.5
1.0

596.8
1.5
1.0

613.8
1.5
1.0

642.3
1.5
1.0

747.8
1.5
1.0

856.8
1.5
1.0

865.3
1.5
1.0

915.3
1.5
1.0

1029.8
1.5
1.0

1038.3
1.5
1.0

3040.8
1.5
1.0

3057.8
1.5
1.0

3077.3
1.5
1.0

3114.8
1.5
1.0

3133.8
1.5
1.0

3163.8
1.5
1.0

3226.8
1.5
1.0

3271.3
1.5
1.0

3315.3
1.5
1.0

3379.3
1.5
1.0

3476.8
1.5
1.0

3523.8
1.5
1.0

3550.8
1.5
1.0

3578.3
1.5
1.0

3587.8
1.5
1.0

3658.8
1.5
1.0

3666.8
1.5
1.0

3694.8
1.5
1.0

3750.8
1.5
1.0

3787.8
1.5
1.0

3797.3
1.5
1.0

3917.8
1.5
1.0

3926.3
1.5
1.0

3936.3
1.5
1.0

