1117.3
1.5
1.0

1134.8
1.5
1.0

1236.3
1.5
1.0

1293.8
1.5
1.0

1350.8
1.5
1.0

1368.3
1.5
1.0

1412.8
1.5
1.0

1442.3
1.5
1.0

1528.8
1.5
1.0

1572.3
1.5
1.0

1651.3
1.5
1.0

1754.8
1.5
1.0

1841.3
1.5
1.0

1851.3
1.5
1.0

1952.3
1.5
1.0

2001.8
1.5
1.0

2058.3
1.5
1.0

2104.3
1.5
1.0

2124.3
1.5
1.0

2160.8
1.5
1.0

2211.3
1.5
1.0

2329.8
1.5
1.0

2550.8
1.5
1.0

2692.3
1.5
1.0

2728.8
1.5
1.0

2748.3
1.5
1.0

2784.3
1.5
1.0

2820.8
1.5
1.0

2888.3
1.5
1.0

2908.8
1.5
1.0

2954.3
1.5
1.0

2964.8
1.5
1.0

