9.0
1.0
1.0

20.25
1.0
1.0

29.25
1.0
1.0

45.75
1.0
1.0

63.0
1.0
1.0

72.75
1.0
1.0

127.5
1.0
1.0

137.25
1.0
1.0

162.0
1.0
1.0

171.75
1.0
1.0

182.25
1.0
1.0

209.25
1.0
1.0

235.5
1.0
1.0

243.75
1.0
1.0

253.5
1.0
1.0

272.25
1.0
1.0

307.5
1.0
1.0

325.5
1.0
1.0

342.75
1.0
1.0

387.0
1.0
1.0

405.75
1.0
1.0

416.25
1.0
1.0

423.75
1.0
1.0

452.25
1.0
1.0

479.25
1.0
1.0

487.5
1.0
1.0

523.5
1.0
1.0

567.0
1.0
1.0

603.75
1.0
1.0

612.0
1.0
1.0

622.5
1.0
1.0

650.25
1.0
1.0

668.25
1.0
1.0

676.5
1.0
1.0

684.75
1.0
1.0

702.0
1.0
1.0

