289.5
1.0
1.0

360.75
1.0
1.0

432.75
1.0
1.0

470.25
1.0
1.0

495.75
1.0
1.0

504.75
1.0
1.0

531.0
1.0
1.0

587.25
1.0
1.0

639.0
1.0
1.0

657.75
1.0
1.0

666.75
1.0
1.0

675.75
1.0
1.0

702.75
1.0
1.0

749.25
1.0
1.0

792.0
1.0
1.0

828.0
1.0
1.0

847.5
1.0
1.0

866.25
1.0
1.0

882.0
1.0
1.0

909.75
1.0
1.0

945.75
1.0
1.0

1001.25
1.0
1.0

1017.75
1.0
1.0

1028.25
1.0
1.0

1045.5
1.0
1.0

1053.0
1.0
1.0

1082.25
1.0
1.0

1098.75
1.0
1.0

2539.5
1.0
1.0

2665.5
1.0
1.0

2682.0
1.0
1.0

2745.75
1.0
1.0

2799.0
1.0
1.0

2809.5
1.0
1.0

2826.75
1.0
1.0

2836.5
1.0
1.0

2844.0
1.0
1.0

2898.0
1.0
1.0

2907.0
1.0
1.0

2936.25
1.0
1.0

3033.75
1.0
1.0

3052.5
1.0
1.0

3079.5
1.0
1.0

3106.5
1.0
1.0

3115.5
1.0
1.0

3143.25
1.0
1.0

3159.75
1.0
1.0

3223.5
1.0
1.0

3232.5
1.0
1.0

3260.25
1.0
1.0

3295.5
1.0
1.0

3303.75
1.0
1.0

3312.0
1.0
1.0

3330.75
1.0
1.0

3348.75
1.0
1.0

3357.75
1.0
1.0

