297.75
1.0
1.0

324.0
1.0
1.0

361.5
1.0
1.0

369.0
1.0
1.0

396.0
1.0
1.0

407.25
1.0
1.0

416.25
1.0
1.0

432.0
1.0
1.0

468.0
1.0
1.0

479.25
1.0
1.0

558.75
1.0
1.0

569.25
1.0
1.0

576.0
1.0
1.0

586.5
1.0
1.0

702.0
1.0
1.0

720.75
1.0
1.0

738.75
1.0
1.0

765.75
1.0
1.0

775.5
1.0
1.0

792.75
1.0
1.0

855.0
1.0
1.0

864.0
1.0
1.0

954.75
1.0
1.0

972.0
1.0
1.0

1009.5
1.0
1.0

1019.25
1.0
1.0

1053.75
1.0
1.0

1072.5
1.0
1.0

2548.5
1.0
1.0

2566.5
1.0
1.0

2593.5
1.0
1.0

2621.25
1.0
1.0

2648.25
1.0
1.0

2657.25
1.0
1.0

2747.25
1.0
1.0

2754.0
1.0
1.0

2763.75
1.0
1.0

2828.25
1.0
1.0

2836.5
1.0
1.0

2855.25
1.0
1.0

2882.25
1.0
1.0

2916.75
1.0
1.0

2935.5
1.0
1.0

2981.25
1.0
1.0

3008.25
1.0
1.0

3015.75
1.0
1.0

3069.0
1.0
1.0

3087.0
1.0
1.0

3123.0
1.0
1.0

3141.0
1.0
1.0

3168.75
1.0
1.0

3177.75
1.0
1.0

3195.0
1.0
1.0

3204.0
1.0
1.0

3231.75
1.0
1.0

3321.0
1.0
1.0

