1255.25
1.5
1.0

1282.25
1.5
1.0

1301.75
1.5
1.0

1308.5
1.5
1.0

1326.5
1.5
1.0

1334.0
1.5
1.0

1353.5
1.5
1.0

1398.5
1.5
1.0

1454.0
1.5
1.0

1472.0
1.5
1.0

1561.25
1.5
1.0

1615.25
1.5
1.0

1660.25
1.5
1.0

1670.0
1.5
1.0

1714.25
1.5
1.0

1778.75
1.5
1.0

1786.25
1.5
1.0

1793.75
1.5
1.0

1840.25
1.5
1.0

1921.25
1.5
1.0

1958.0
1.5
1.0

2018.0
1.5
1.0

2027.75
1.5
1.0

2126.0
1.5
1.0

2164.25
1.5
1.0

2208.5
1.5
1.0

2235.5
1.5
1.0

2254.25
1.5
1.0

2300.0
1.5
1.0

2308.25
1.5
1.0

2362.25
1.5
1.0

2387.0
1.5
1.0

2441.75
1.5
1.0

2486.0
1.5
1.0

2497.25
1.5
1.0

2505.5
1.5
1.0

