80.0
4.8
1.0

144.5
4.8
1.0

221.0
4.8
1.0

240.0
4.8
1.0

249.5
4.8
1.0

296.0
4.8
1.0

304.5
4.8
1.0

394.5
4.8
1.0

410.0
4.8
1.0

418.0
4.8
1.0

454.5
4.8
1.0

500.0
4.8
1.0

516.5
4.8
1.0

527.0
4.8
1.0

547.5
4.8
1.0

557.5
4.8
1.0

587.5
4.8
1.0

636.5
4.8
1.0

657.0
4.8
1.0

666.0
4.8
1.0

674.0
4.8
1.0

702.0
4.8
1.0

741.5
4.8
1.0

771.0
4.8
1.0

825.5
4.8
1.0

875.0
4.8
1.0

910.0
4.8
1.0

920.5
4.8
1.0

964.5
4.8
1.0

1012.0
4.8
1.0

1021.0
4.8
1.0

1030.5
4.8
1.0

1068.5
4.8
1.0

1087.0
4.8
1.0

1106.5
4.8
1.0

1142.0
4.8
1.0

1152.0
4.8
1.0

1187.5
4.8
1.0

1227.0
4.8
1.0

1267.0
4.8
1.0

1276.0
4.8
1.0

1321.0
4.8
1.0

1364.5
4.8
1.0

1390.0
4.8
1.0

1424.5
4.8
1.0

1440.5
4.8
1.0

1495.0
4.8
1.0

1504.0
4.8
1.0

1543.5
4.8
1.0

1572.0
4.8
1.0

1609.5
4.8
1.0

1628.0
4.8
1.0

1647.0
4.8
1.0

1665.0
4.8
1.0

1683.0
4.8
1.0

1692.0
4.8
1.0

1748.0
4.8
1.0

1850.0
4.8
1.0

1896.0
4.8
1.0

1904.5
4.8
1.0

1930.5
4.8
1.0

1974.5
4.8
1.0

1993.5
4.8
1.0

2003.0
4.8
1.0

