2025.8
4.8
1.0

2033.8
4.8
1.0

2050.8
4.8
1.0

2119.8
4.8
1.0

2175.8
4.8
1.0

2234.8
4.8
1.0

2289.3
4.8
1.0

2318.3
4.8
1.0

2349.3
4.8
1.0

2359.3
4.8
1.0

2396.3
4.8
1.0

2405.8
4.8
1.0

2461.8
4.8
1.0

2495.3
4.8
1.0

2523.8
4.8
1.0

2548.3
4.8
1.0

2573.8
4.8
1.0

2581.8
4.8
1.0

2600.3
4.8
1.0

2620.3
4.8
1.0

2704.3
4.8
1.0

2829.8
4.8
1.0

2848.3
4.8
1.0

2886.8
4.8
1.0

3005.3
4.8
1.0

3094.8
4.8
1.0

3208.8
4.8
1.0

3235.3
4.8
1.0

3252.8
4.8
1.0

3319.8
4.8
1.0

3335.8
4.8
1.0

3405.8
4.8
1.0

3421.3
4.8
1.0

3482.8
4.8
1.0

3491.3
4.8
1.0

3501.8
4.8
1.0

3516.8
4.8
1.0

3662.3
4.8
1.0

3673.8
4.8
1.0

3728.8
4.8
1.0

3738.3
4.8
1.0

3758.8
4.8
1.0

3826.8
4.8
1.0

3845.3
4.8
1.0

3864.8
4.8
1.0

3891.3
4.8
1.0

3941.3
4.8
1.0

3950.3
4.8
1.0

