2060.3
4.8
1.0

2089.3
4.8
1.0

2156.8
4.8
1.0

2195.3
4.8
1.0

2205.8
4.8
1.0

2261.8
4.8
1.0

2369.8
4.8
1.0

2387.8
4.8
1.0

2424.3
4.8
1.0

2487.8
4.8
1.0

2531.8
4.8
1.0

2610.3
4.8
1.0

2667.3
4.8
1.0

2685.3
4.8
1.0

2714.3
4.8
1.0

2738.8
4.8
1.0

2748.8
4.8
1.0

2767.3
4.8
1.0

2792.8
4.8
1.0

2838.3
4.8
1.0

2858.3
4.8
1.0

2876.3
4.8
1.0

2934.8
4.8
1.0

2951.3
4.8
1.0

3013.3
4.8
1.0

3021.8
4.8
1.0

3030.8
4.8
1.0

3067.3
4.8
1.0

3149.8
4.8
1.0

3159.3
4.8
1.0

3270.8
4.8
1.0

3327.3
4.8
1.0

3343.3
4.8
1.0

3388.3
4.8
1.0

3456.3
4.8
1.0

3573.3
4.8
1.0

3582.8
4.8
1.0

3591.3
4.8
1.0

3607.3
4.8
1.0

3624.3
4.8
1.0

3633.8
4.8
1.0

3652.3
4.8
1.0

3702.3
4.8
1.0

3719.8
4.8
1.0

3768.8
4.8
1.0

3854.8
4.8
1.0

3881.8
4.8
1.0

3920.3
4.8
1.0

