0.75
1.0
1.0

9.0
1.0
1.0

18.75
1.0
1.0

36.75
1.0
1.0

54.75
1.0
1.0

117.75
1.0
1.0

146.25
1.0
1.0

153.75
1.0
1.0

163.5
1.0
1.0

208.5
1.0
1.0

218.25
1.0
1.0

244.5
1.0
1.0

252.75
1.0
1.0

280.5
1.0
1.0

298.5
1.0
1.0

324.75
1.0
1.0

343.5
1.0
1.0

351.75
1.0
1.0

407.25
1.0
1.0

415.5
1.0
1.0

423.75
1.0
1.0

469.5
1.0
1.0

477.0
1.0
1.0

488.25
1.0
1.0

505.5
1.0
1.0

522.0
1.0
1.0

533.25
1.0
1.0

541.5
1.0
1.0

568.5
1.0
1.0

576.0
1.0
1.0

587.25
1.0
1.0

603.0
1.0
1.0

612.75
1.0
1.0

657.0
1.0
1.0

695.25
1.0
1.0

702.75
1.0
1.0

