2107.5
4.8
1.0

2117.0
4.8
1.0

2163.5
4.8
1.0

2191.5
4.8
1.0

2200.0
4.8
1.0

2234.0
4.8
1.0

2261.5
4.8
1.0

2299.5
4.8
1.0

2308.0
4.8
1.0

2445.0
4.8
1.0

2480.5
4.8
1.0

2505.0
4.8
1.0

2513.5
4.8
1.0

2522.0
4.8
1.0

2530.0
4.8
1.0

2558.0
4.8
1.0

2577.5
4.8
1.0

2587.0
4.8
1.0

2667.0
4.8
1.0

2676.5
4.8
1.0

2697.5
4.8
1.0

2715.5
4.8
1.0

2763.0
4.8
1.0

2782.5
4.8
1.0

2790.5
4.8
1.0

2824.0
4.8
1.0

2841.5
4.8
1.0

2851.0
4.8
1.0

2859.0
4.8
1.0

2917.0
4.8
1.0

2942.0
4.8
1.0

2987.0
4.8
1.0

