20.25
1.0
1.0

27.75
1.0
1.0

45.75
1.0
1.0

63.0
1.0
1.0

109.5
1.0
1.0

119.25
1.0
1.0

136.5
1.0
1.0

172.5
1.0
1.0

190.5
1.0
1.0

198.0
1.0
1.0

207.75
1.0
1.0

236.25
1.0
1.0

245.25
1.0
1.0

254.25
1.0
1.0

261.0
1.0
1.0

271.5
1.0
1.0

298.5
1.0
1.0

306.0
1.0
1.0

317.25
1.0
1.0

335.25
1.0
1.0

351.75
1.0
1.0

389.25
1.0
1.0

407.25
1.0
1.0

423.75
1.0
1.0

470.25
1.0
1.0

478.5
1.0
1.0

506.25
1.0
1.0

522.75
1.0
1.0

531.75
1.0
1.0

540.75
1.0
1.0

551.25
1.0
1.0

594.0
1.0
1.0

640.5
1.0
1.0

648.0
1.0
1.0

685.5
1.0
1.0

703.5
1.0
1.0

