1045.0
4.8
1.0

1055.0
4.8
1.0

1080.5
4.8
1.0

1106.5
4.8
1.0

1114.0
4.8
1.0

1141.5
4.8
1.0

1242.5
4.8
1.0

1286.5
4.8
1.0

1325.5
4.8
1.0

1335.5
4.8
1.0

1345.0
4.8
1.0

1364.5
4.8
1.0

1373.5
4.8
1.0

1428.5
4.8
1.0

1438.0
4.8
1.0

1510.5
4.8
1.0

1528.5
4.8
1.0

1539.0
4.8
1.0

1557.0
4.8
1.0

1566.5
4.8
1.0

1616.5
4.8
1.0

1680.0
4.8
1.0

1698.0
4.8
1.0

1745.5
4.8
1.0

1762.5
4.8
1.0

1781.5
4.8
1.0

1853.5
4.8
1.0

1862.5
4.8
1.0

1871.5
4.8
1.0

1933.5
4.8
1.0

1986.0
4.8
1.0

1996.0
4.8
1.0

