1071.0
4.8
1.0

1097.0
4.8
1.0

1132.0
4.8
1.0

1151.5
4.8
1.0

1180.5
4.8
1.0

1190.5
4.8
1.0

1216.5
4.8
1.0

1226.0
4.8
1.0

1261.0
4.8
1.0

1268.0
4.8
1.0

1296.0
4.8
1.0

1315.5
4.8
1.0

1354.5
4.8
1.0

1383.5
4.8
1.0

1403.0
4.8
1.0

1477.0
4.8
1.0

1485.5
4.8
1.0

1586.5
4.8
1.0

1652.0
4.8
1.0

1662.0
4.8
1.0

1670.5
4.8
1.0

1716.5
4.8
1.0

1754.5
4.8
1.0

1790.0
4.8
1.0

1799.5
4.8
1.0

1809.0
4.8
1.0

1843.5
4.8
1.0

1880.5
4.8
1.0

1896.0
4.8
1.0

1915.5
4.8
1.0

1924.0
4.8
1.0

1943.0
4.8
1.0

