9.75
1.0
1.0

19.5
1.0
1.0

28.5
1.0
1.0

46.5
1.0
1.0

54.0
1.0
1.0

63.75
1.0
1.0

108.75
1.0
1.0

119.25
1.0
1.0

162.0
1.0
1.0

171.0
1.0
1.0

225.0
1.0
1.0

244.5
1.0
1.0

270.75
1.0
1.0

279.0
1.0
1.0

306.0
1.0
1.0

324.75
1.0
1.0

333.75
1.0
1.0

353.25
1.0
1.0

369.0
1.0
1.0

379.5
1.0
1.0

387.0
1.0
1.0

432.75
1.0
1.0

441.0
1.0
1.0

450.0
1.0
1.0

459.0
1.0
1.0

497.25
1.0
1.0

506.25
1.0
1.0

513.75
1.0
1.0

522.75
1.0
1.0

550.5
1.0
1.0

559.5
1.0
1.0

613.5
1.0
1.0

623.25
1.0
1.0

631.5
1.0
1.0

659.25
1.0
1.0

666.0
1.0
1.0

675.0
1.0
1.0

694.5
1.0
1.0

738.0
1.0
1.0

765.0
1.0
1.0

792.0
1.0
1.0

802.5
1.0
1.0

