290.25
1.0
1.0

297.0
1.0
1.0

306.75
1.0
1.0

324.75
1.0
1.0

342.75
1.0
1.0

361.5
1.0
1.0

369.75
1.0
1.0

387.75
1.0
1.0

416.25
1.0
1.0

432.75
1.0
1.0

470.25
1.0
1.0

479.25
1.0
1.0

488.25
1.0
1.0

541.5
1.0
1.0

567.75
1.0
1.0

585.0
1.0
1.0

604.5
1.0
1.0

612.75
1.0
1.0

621.0
1.0
1.0

650.25
1.0
1.0

658.5
1.0
1.0

676.5
1.0
1.0

684.0
1.0
1.0

693.75
1.0
1.0

729.0
1.0
1.0

758.25
1.0
1.0

810.75
1.0
1.0

839.25
1.0
1.0

846.0
1.0
1.0

855.0
1.0
1.0

882.0
1.0
1.0

900.0
1.0
1.0

910.5
1.0
1.0

929.25
1.0
1.0

947.25
1.0
1.0

955.5
1.0
1.0

1827.0
1.0
1.0

1845.75
1.0
1.0

1864.5
1.0
1.0

1881.75
1.0
1.0

1890.75
1.0
1.0

1919.25
1.0
1.0

1954.5
1.0
1.0

1972.5
1.0
1.0

2016.0
1.0
1.0

2025.75
1.0
1.0

2043.0
1.0
1.0

2052.75
1.0
1.0

2098.5
1.0
1.0

2106.75
1.0
1.0

2115.75
1.0
1.0

2125.5
1.0
1.0

2133.75
1.0
1.0

2169.75
1.0
1.0

2196.0
1.0
1.0

2216.25
1.0
1.0

2223.0
1.0
1.0

2286.75
1.0
1.0

2314.5
1.0
1.0

2333.25
1.0
1.0

2360.25
1.0
1.0

2376.0
1.0
1.0

2395.5
1.0
1.0

2405.25
1.0
1.0

2413.5
1.0
1.0

2441.25
1.0
1.0

2449.5
1.0
1.0

2484.0
1.0
1.0

2494.5
1.0
1.0

2513.25
1.0
1.0

2520.75
1.0
1.0

2530.5
1.0
1.0

