346.75
2.0
1.0

364.0
2.0
1.0

391.75
2.0
1.0

418.75
2.0
1.0

435.25
2.0
1.0

482.5
2.0
1.0

616.0
2.0
1.0

661.0
2.0
1.0

680.5
2.0
1.0

687.25
2.0
1.0

696.25
2.0
1.0

731.5
2.0
1.0

841.75
2.0
1.0

850.0
2.0
1.0

904.0
2.0
1.0

933.25
2.0
1.0

951.25
2.0
1.0

958.0
2.0
1.0

1829.5
2.0
1.0

1847.5
2.0
1.0

1867.75
2.0
1.0

1893.25
2.0
1.0

1923.25
2.0
1.0

1956.25
2.0
1.0

2020.0
2.0
1.0

2047.0
2.0
1.0

2108.5
2.0
1.0

2119.75
2.0
1.0

2127.25
2.0
1.0

2197.75
2.0
1.0

2316.25
2.0
1.0

2379.25
2.0
1.0

2399.5
2.0
1.0

2485.75
2.0
1.0

2496.25
2.0
1.0

2515.0
2.0
1.0

