36.0
1.0
1.0

72.0
1.0
1.0

82.5
1.0
1.0

92.25
1.0
1.0

100.5
1.0
1.0

154.5
1.0
1.0

163.5
1.0
1.0

173.25
1.0
1.0

180.0
1.0
1.0

208.5
1.0
1.0

218.25
1.0
1.0

225.75
1.0
1.0

236.25
1.0
1.0

252.75
1.0
1.0

261.0
1.0
1.0

272.25
1.0
1.0

297.0
1.0
1.0

315.75
1.0
1.0

333.0
1.0
1.0

342.75
1.0
1.0

360.0
1.0
1.0

405.75
1.0
1.0

414.75
1.0
1.0

423.75
1.0
1.0

469.5
1.0
1.0

487.5
1.0
1.0

531.75
1.0
1.0

551.25
1.0
1.0

587.25
1.0
1.0

595.5
1.0
1.0

603.0
1.0
1.0

612.0
1.0
1.0

630.75
1.0
1.0

639.75
1.0
1.0

657.0
1.0
1.0

675.75
1.0
1.0

