1135.5
1.0
1.0

1145.25
1.0
1.0

1154.25
1.0
1.0

1179.75
1.0
1.0

1190.25
1.0
1.0

1199.25
1.0
1.0

1206.75
1.0
1.0

1233.75
1.0
1.0

1262.25
1.0
1.0

1270.5
1.0
1.0

1279.5
1.0
1.0

1287.75
1.0
1.0

1305.0
1.0
1.0

1332.0
1.0
1.0

1359.75
1.0
1.0

1370.25
1.0
1.0

1413.75
1.0
1.0

1460.25
1.0
1.0

1476.0
1.0
1.0

1503.0
1.0
1.0

1512.75
1.0
1.0

1531.5
1.0
1.0

1540.5
1.0
1.0

1577.25
1.0
1.0

1584.75
1.0
1.0

1593.75
1.0
1.0

1604.25
1.0
1.0

1638.0
1.0
1.0

1648.5
1.0
1.0

1674.0
1.0
1.0

1701.75
1.0
1.0

1711.5
1.0
1.0

1721.25
1.0
1.0

1746.0
1.0
1.0

1774.5
1.0
1.0

1792.5
1.0
1.0

2656.5
1.0
1.0

2664.0
1.0
1.0

2673.0
1.0
1.0

2692.5
1.0
1.0

2702.25
1.0
1.0

2738.25
1.0
1.0

2781.75
1.0
1.0

2799.0
1.0
1.0

2835.75
1.0
1.0

2845.5
1.0
1.0

2854.5
1.0
1.0

2889.0
1.0
1.0

2898.75
1.0
1.0

2945.25
1.0
1.0

2952.0
1.0
1.0

2979.0
1.0
1.0

3006.75
1.0
1.0

3016.5
1.0
1.0

3035.25
1.0
1.0

3060.0
1.0
1.0

3069.0
1.0
1.0

3096.0
1.0
1.0

3107.25
1.0
1.0

3141.0
1.0
1.0

3170.25
1.0
1.0

3195.0
1.0
1.0

3233.25
1.0
1.0

3240.0
1.0
1.0

3258.0
1.0
1.0

3269.25
1.0
1.0

3286.5
1.0
1.0

3305.25
1.0
1.0

3313.5
1.0
1.0

3321.75
1.0
1.0

3331.5
1.0
1.0

3357.0
1.0
1.0

