288.0
1.0
1.0

307.5
1.0
1.0

397.5
1.0
1.0

414.0
1.0
1.0

424.5
1.0
1.0

434.25
1.0
1.0

477.0
1.0
1.0

523.5
1.0
1.0

550.5
1.0
1.0

567.75
1.0
1.0

603.75
1.0
1.0

621.0
1.0
1.0

657.75
1.0
1.0

801.75
1.0
1.0

830.25
1.0
1.0

837.0
1.0
1.0

857.25
1.0
1.0

864.75
1.0
1.0

882.0
1.0
1.0

902.25
1.0
1.0

928.5
1.0
1.0

964.5
1.0
1.0

999.0
1.0
1.0

1053.75
1.0
1.0

1062.75
1.0
1.0

1071.0
1.0
1.0

1080.0
1.0
1.0

1098.75
1.0
1.0

1890.75
1.0
1.0

1919.25
1.0
1.0

1926.0
1.0
1.0

1946.25
1.0
1.0

1973.25
1.0
1.0

2088.75
1.0
1.0

2097.0
1.0
1.0

2151.0
1.0
1.0

2178.0
1.0
1.0

2216.25
1.0
1.0

2232.0
1.0
1.0

2243.25
1.0
1.0

2259.0
1.0
1.0

2286.0
1.0
1.0

2295.0
1.0
1.0

2341.5
1.0
1.0

2385.0
1.0
1.0

2412.0
1.0
1.0

2450.25
1.0
1.0

2457.75
1.0
1.0

2486.25
1.0
1.0

2493.0
1.0
1.0

2539.5
1.0
1.0

2566.5
1.0
1.0

2574.75
1.0
1.0

2583.75
1.0
1.0

2592.75
1.0
1.0

2639.25
1.0
1.0

