1154.75
1.5
1.0

1182.5
1.5
1.0

1238.0
1.5
1.0

1264.25
1.5
1.0

1273.25
1.5
1.0

1337.75
1.5
1.0

1343.0
1.5
1.0

1363.25
1.5
1.0

1399.25
1.5
1.0

1407.5
1.5
1.0

1436.75
1.5
1.0

1472.0
1.5
1.0

1616.0
1.5
1.0

1634.0
1.5
1.0

1686.5
1.5
1.0

1740.5
1.5
1.0

1766.75
1.5
1.0

1815.5
1.5
1.0

2677.25
1.5
1.0

2714.0
1.5
1.0

2729.0
1.5
1.0

2759.0
1.5
1.0

2804.75
1.5
1.0

2885.75
1.5
1.0

2972.75
1.5
1.0

2982.5
1.5
1.0

3074.0
1.5
1.0

3109.25
1.5
1.0

3119.75
1.5
1.0

3127.25
1.5
1.0

3206.0
1.5
1.0

3263.75
1.5
1.0

3269.75
1.5
1.0

3282.5
1.5
1.0

3305.0
1.5
1.0

3353.0
1.5
1.0

