123.5
4.8
1.0

143.0
4.8
1.0

178.5
4.8
1.0

198.0
4.8
1.0

344.0
4.8
1.0

353.0
4.8
1.0

393.5
4.8
1.0

451.5
4.8
1.0

469.0
4.8
1.0

485.5
4.8
1.0

495.0
4.8
1.0

534.5
4.8
1.0

554.0
4.8
1.0

571.0
4.8
1.0

625.0
4.8
1.0

633.0
4.8
1.0

668.0
4.8
1.0

677.5
4.8
1.0

686.5
4.8
1.0

773.5
4.8
1.0

792.0
4.8
1.0

808.0
4.8
1.0

817.5
4.8
1.0

854.5
4.8
1.0

874.5
4.8
1.0

895.0
4.8
1.0

920.5
4.8
1.0

931.0
4.8
1.0

939.0
4.8
1.0

996.5
4.8
1.0

1006.5
4.8
1.0

1037.5
4.8
1.0

1057.5
4.8
1.0

1133.5
4.8
1.0

1142.5
4.8
1.0

1161.5
4.8
1.0

1222.0
4.8
1.0

1230.0
4.8
1.0

1348.5
4.8
1.0

1389.0
4.8
1.0

1397.5
4.8
1.0

1426.0
4.8
1.0

1434.0
4.8
1.0

1453.5
4.8
1.0

1505.0
4.8
1.0

1512.0
4.8
1.0

1543.5
4.8
1.0

1562.5
4.8
1.0

1589.5
4.8
1.0

1598.0
4.8
1.0

1607.0
4.8
1.0

1624.5
4.8
1.0

1671.5
4.8
1.0

1764.5
4.8
1.0

1790.0
4.8
1.0

1801.0
4.8
1.0

1830.0
4.8
1.0

1839.5
4.8
1.0

1856.5
4.8
1.0

1867.0
4.8
1.0

1894.0
4.8
1.0

1921.0
4.8
1.0

1970.0
4.8
1.0

1999.0
4.8
1.0

