80.5
4.8
1.0

89.0
4.8
1.0

107.0
4.8
1.0

132.5
4.8
1.0

170.0
4.8
1.0

229.0
4.8
1.0

265.0
4.8
1.0

290.0
4.8
1.0

298.0
4.8
1.0

307.5
4.8
1.0

337.0
4.8
1.0

363.5
4.8
1.0

383.0
4.8
1.0

402.0
4.8
1.0

411.5
4.8
1.0

431.5
4.8
1.0

476.5
4.8
1.0

514.0
4.8
1.0

545.5
4.8
1.0

580.0
4.8
1.0

605.0
4.8
1.0

642.0
4.8
1.0

745.5
4.8
1.0

755.5
4.8
1.0

783.5
4.8
1.0

801.0
4.8
1.0

844.5
4.8
1.0

949.5
4.8
1.0

966.5
4.8
1.0

977.0
4.8
1.0

1017.0
4.8
1.0

1027.5
4.8
1.0

1076.0
4.8
1.0

1085.5
4.8
1.0

1105.0
4.8
1.0

1171.5
4.8
1.0

1188.0
4.8
1.0

1215.0
4.8
1.0

1238.5
4.8
1.0

1248.5
4.8
1.0

1268.0
4.8
1.0

1305.0
4.8
1.0

1330.5
4.8
1.0

1339.5
4.8
1.0

1359.0
4.8
1.0

1378.5
4.8
1.0

1407.5
4.8
1.0

1417.5
4.8
1.0

1523.0
4.8
1.0

1533.5
4.8
1.0

1580.5
4.8
1.0

1615.5
4.8
1.0

1652.0
4.8
1.0

1660.5
4.8
1.0

1681.0
4.8
1.0

1691.5
4.8
1.0

1709.5
4.8
1.0

1745.5
4.8
1.0

1754.5
4.8
1.0

1904.5
4.8
1.0

1931.5
4.8
1.0

1951.0
4.8
1.0

1979.0
4.8
1.0

1989.5
4.8
1.0

