2029.0
4.8
1.0

2049.5
4.8
1.0

2068.5
4.8
1.0

2079.0
4.8
1.0

2097.5
4.8
1.0

2117.0
4.8
1.0

2126.0
4.8
1.0

2135.5
4.8
1.0

2165.0
4.8
1.0

2182.5
4.8
1.0

2192.5
4.8
1.0

2232.0
4.8
1.0

2241.5
4.8
1.0

2250.0
4.8
1.0

2269.0
4.8
1.0

2289.0
4.8
1.0

2299.5
4.8
1.0

2334.0
4.8
1.0

2371.5
4.8
1.0

2381.0
4.8
1.0

2391.0
4.8
1.0

2410.0
4.8
1.0

2427.5
4.8
1.0

2446.5
4.8
1.0

2455.5
4.8
1.0

2475.0
4.8
1.0

2492.5
4.8
1.0

2502.0
4.8
1.0

2510.5
4.8
1.0

2527.5
4.8
1.0

2546.0
4.8
1.0

2562.5
4.8
1.0

2580.5
4.8
1.0

2600.0
4.8
1.0

2654.5
4.8
1.0

2681.5
4.8
1.0

2709.0
4.8
1.0

2765.5
4.8
1.0

2774.0
4.8
1.0

2790.5
4.8
1.0

2800.0
4.8
1.0

2836.5
4.8
1.0

2847.0
4.8
1.0

2854.0
4.8
1.0

2881.5
4.8
1.0

2920.0
4.8
1.0

2948.5
4.8
1.0

2990.5
4.8
1.0

2998.5
4.8
1.0

3009.0
4.8
1.0

3019.0
4.8
1.0

3036.0
4.8
1.0

3052.0
4.8
1.0

3060.0
4.8
1.0

3079.0
4.8
1.0

3096.0
4.8
1.0

3130.0
4.8
1.0

3147.0
4.8
1.0

3156.0
4.8
1.0

3182.5
4.8
1.0

3209.0
4.8
1.0

3236.0
4.8
1.0

3253.0
4.8
1.0

3300.5
4.8
1.0

3308.0
4.8
1.0

3316.0
4.8
1.0

3324.0
4.8
1.0

3371.5
4.8
1.0

3381.0
4.8
1.0

3398.5
4.8
1.0

3440.5
4.8
1.0

3477.0
4.8
1.0

3505.0
4.8
1.0

3513.5
4.8
1.0

3523.5
4.8
1.0

3533.5
4.8
1.0

3578.0
4.8
1.0

3586.0
4.8
1.0

3594.5
4.8
1.0

3602.0
4.8
1.0

3643.0
4.8
1.0

3653.0
4.8
1.0

3700.5
4.8
1.0

3711.0
4.8
1.0

3721.0
4.8
1.0

3730.0
4.8
1.0

3782.5
4.8
1.0

3811.5
4.8
1.0

3849.5
4.8
1.0

3859.0
4.8
1.0

3869.0
4.8
1.0

3879.0
4.8
1.0

3898.0
4.8
1.0

3907.0
4.8
1.0

3914.5
4.8
1.0

3922.5
4.8
1.0

