2044.8
4.8
1.0

2113.8
4.8
1.0

2151.3
4.8
1.0

2160.3
4.8
1.0

2178.8
4.8
1.0

2264.3
4.8
1.0

2313.8
4.8
1.0

2330.8
4.8
1.0

2356.3
4.8
1.0

2366.3
4.8
1.0

2423.3
4.8
1.0

2442.8
4.8
1.0

2522.8
4.8
1.0

2614.8
4.8
1.0

2640.8
4.8
1.0

2741.8
4.8
1.0

2750.3
4.8
1.0

2760.8
4.8
1.0

2815.3
4.8
1.0

2906.8
4.8
1.0

2935.3
4.8
1.0

2944.3
4.8
1.0

2961.3
4.8
1.0

2987.3
4.8
1.0

3032.8
4.8
1.0

3074.8
4.8
1.0

3093.8
4.8
1.0

3127.8
4.8
1.0

3142.8
4.8
1.0

3179.8
4.8
1.0

3205.3
4.8
1.0

3225.3
4.8
1.0

3233.8
4.8
1.0

3297.8
4.8
1.0

3339.3
4.8
1.0

3347.8
4.8
1.0

3395.8
4.8
1.0

3453.3
4.8
1.0

3462.3
4.8
1.0

3472.3
4.8
1.0

3556.8
4.8
1.0

3566.3
4.8
1.0

3668.3
4.8
1.0

3745.8
4.8
1.0

3770.8
4.8
1.0

3826.3
4.8
1.0

3844.8
4.8
1.0

3894.8
4.8
1.0

