2055.8
4.8
1.0

2074.8
4.8
1.0

2102.3
4.8
1.0

2123.3
4.8
1.0

2130.8
4.8
1.0

2188.3
4.8
1.0

2198.8
4.8
1.0

2236.8
4.8
1.0

2255.8
4.8
1.0

2294.3
4.8
1.0

2304.3
4.8
1.0

2376.3
4.8
1.0

2396.3
4.8
1.0

2498.8
4.8
1.0

2507.8
4.8
1.0

2568.8
4.8
1.0

2605.3
4.8
1.0

2686.3
4.8
1.0

2713.8
4.8
1.0

2771.3
4.8
1.0

2858.8
4.8
1.0

2886.8
4.8
1.0

2953.8
4.8
1.0

2995.3
4.8
1.0

3004.3
4.8
1.0

3014.3
4.8
1.0

3064.8
4.8
1.0

3085.3
4.8
1.0

3241.8
4.8
1.0

3305.3
4.8
1.0

3313.8
4.8
1.0

3320.8
4.8
1.0

3377.3
4.8
1.0

3386.8
4.8
1.0

3403.8
4.8
1.0

3482.3
4.8
1.0

3509.8
4.8
1.0

3582.8
4.8
1.0

3591.8
4.8
1.0

3648.8
4.8
1.0

3706.8
4.8
1.0

3726.3
4.8
1.0

3788.3
4.8
1.0

3864.8
4.8
1.0

3874.3
4.8
1.0

3884.3
4.8
1.0

3911.8
4.8
1.0

3919.3
4.8
1.0

