2034.8
4.8
1.0

2084.8
4.8
1.0

2141.8
4.8
1.0

2169.8
4.8
1.0

2246.3
4.8
1.0

2275.3
4.8
1.0

2339.8
4.8
1.0

2387.3
4.8
1.0

2415.3
4.8
1.0

2433.3
4.8
1.0

2451.8
4.8
1.0

2461.8
4.8
1.0

2481.3
4.8
1.0

2515.3
4.8
1.0

2532.8
4.8
1.0

2551.3
4.8
1.0

2586.8
4.8
1.0

2659.3
4.8
1.0

2779.8
4.8
1.0

2796.3
4.8
1.0

2805.3
4.8
1.0

2842.8
4.8
1.0

2851.8
4.8
1.0

2925.8
4.8
1.0

3023.8
4.8
1.0

3041.3
4.8
1.0

3057.8
4.8
1.0

3101.3
4.8
1.0

3135.8
4.8
1.0

3153.3
4.8
1.0

3161.3
4.8
1.0

3187.8
4.8
1.0

3214.8
4.8
1.0

3258.8
4.8
1.0

3330.3
4.8
1.0

3445.8
4.8
1.0

3518.3
4.8
1.0

3529.3
4.8
1.0

3539.3
4.8
1.0

3599.8
4.8
1.0

3608.3
4.8
1.0

3658.8
4.8
1.0

3717.3
4.8
1.0

3734.8
4.8
1.0

3817.8
4.8
1.0

3855.3
4.8
1.0

3902.8
4.8
1.0

3928.8
4.8
1.0

