0.0
1.0
1.0

11.25
1.0
1.0

28.5
1.0
1.0

81.0
1.0
1.0

92.25
1.0
1.0

144.75
1.0
1.0

153.75
1.0
1.0

189.0
1.0
1.0

207.75
1.0
1.0

226.5
1.0
1.0

234.75
1.0
1.0

253.5
1.0
1.0

280.5
1.0
1.0

299.25
1.0
1.0

306.75
1.0
1.0

334.5
1.0
1.0

378.0
1.0
1.0

396.0
1.0
1.0

406.5
1.0
1.0

425.25
1.0
1.0

433.5
1.0
1.0

450.75
1.0
1.0

460.5
1.0
1.0

477.75
1.0
1.0

495.0
1.0
1.0

513.0
1.0
1.0

532.5
1.0
1.0

541.5
1.0
1.0

560.25
1.0
1.0

578.25
1.0
1.0

585.75
1.0
1.0

595.5
1.0
1.0

612.75
1.0
1.0

657.0
1.0
1.0

667.5
1.0
1.0

675.0
1.0
1.0

