288.0
1.0
1.0

316.5
1.0
1.0

325.5
1.0
1.0

344.25
1.0
1.0

351.75
1.0
1.0

360.75
1.0
1.0

380.25
1.0
1.0

388.5
1.0
1.0

396.75
1.0
1.0

414.75
1.0
1.0

425.25
1.0
1.0

441.75
1.0
1.0

461.25
1.0
1.0

470.25
1.0
1.0

505.5
1.0
1.0

522.75
1.0
1.0

567.0
1.0
1.0

587.25
1.0
1.0

614.25
1.0
1.0

640.5
1.0
1.0

677.25
1.0
1.0

702.0
1.0
1.0

720.0
1.0
1.0

776.25
1.0
1.0

783.75
1.0
1.0

812.25
1.0
1.0

848.25
1.0
1.0

864.75
1.0
1.0

873.0
1.0
1.0

892.5
1.0
1.0

910.5
1.0
1.0

918.75
1.0
1.0

927.75
1.0
1.0

946.5
1.0
1.0

954.75
1.0
1.0

972.75
1.0
1.0

1847.25
1.0
1.0

1864.5
1.0
1.0

1881.75
1.0
1.0

1927.5
1.0
1.0

1936.5
1.0
1.0

1962.75
1.0
1.0

1999.5
1.0
1.0

2054.25
1.0
1.0

2070.75
1.0
1.0

2106.75
1.0
1.0

2115.75
1.0
1.0

2126.25
1.0
1.0

2142.0
1.0
1.0

2170.5
1.0
1.0

2188.5
1.0
1.0

2196.0
1.0
1.0

2234.25
1.0
1.0

2241.0
1.0
1.0

2268.0
1.0
1.0

2277.75
1.0
1.0

2288.25
1.0
1.0

2313.75
1.0
1.0

2333.25
1.0
1.0

2340.0
1.0
1.0

2360.25
1.0
1.0

2368.5
1.0
1.0

2378.25
1.0
1.0

2395.5
1.0
1.0

2403.75
1.0
1.0

2421.75
1.0
1.0

2430.75
1.0
1.0

2458.5
1.0
1.0

2467.5
1.0
1.0

2484.0
1.0
1.0

2493.0
1.0
1.0

2512.5
1.0
1.0

