999.0
1.0
1.0

1008.0
1.0
1.0

1045.5
1.0
1.0

1055.25
1.0
1.0

1064.25
1.0
1.0

1081.5
1.0
1.0

1090.5
1.0
1.0

1098.0
1.0
1.0

1143.75
1.0
1.0

1181.25
1.0
1.0

1224.0
1.0
1.0

1233.75
1.0
1.0

1270.5
1.0
1.0

1306.5
1.0
1.0

1333.5
1.0
1.0

1350.0
1.0
1.0

1377.0
1.0
1.0

1404.75
1.0
1.0

1423.5
1.0
1.0

1504.5
1.0
1.0

1532.25
1.0
1.0

1566.75
1.0
1.0

1620.75
1.0
1.0

1683.75
1.0
1.0

1728.0
1.0
1.0

1737.75
1.0
1.0

1773.0
1.0
1.0

1820.25
1.0
1.0

2539.5
1.0
1.0

2583.75
1.0
1.0

2611.5
1.0
1.0

2628.75
1.0
1.0

2666.25
1.0
1.0

2673.75
1.0
1.0

2711.25
1.0
1.0

2727.75
1.0
1.0

2738.25
1.0
1.0

2809.5
1.0
1.0

2826.75
1.0
1.0

2837.25
1.0
1.0

2864.25
1.0
1.0

2962.5
1.0
1.0

2988.0
1.0
1.0

3051.75
1.0
1.0

3069.0
1.0
1.0

3080.25
1.0
1.0

3114.0
1.0
1.0

3125.25
1.0
1.0

3133.5
1.0
1.0

3168.75
1.0
1.0

3196.5
1.0
1.0

3205.5
1.0
1.0

3240.0
1.0
1.0

3278.25
1.0
1.0

3296.25
1.0
1.0

3340.5
1.0
1.0

