999.75
1.0
1.0

1008.75
1.0
1.0

1080.75
1.0
1.0

1136.25
1.0
1.0

1143.75
1.0
1.0

1189.5
1.0
1.0

1197.75
1.0
1.0

1224.0
1.0
1.0

1269.0
1.0
1.0

1279.5
1.0
1.0

1305.75
1.0
1.0

1423.5
1.0
1.0

1440.0
1.0
1.0

1451.25
1.0
1.0

1485.75
1.0
1.0

1496.25
1.0
1.0

1503.0
1.0
1.0

1540.5
1.0
1.0

1577.25
1.0
1.0

1620.75
1.0
1.0

1640.25
1.0
1.0

1676.25
1.0
1.0

1683.0
1.0
1.0

1719.75
1.0
1.0

1729.5
1.0
1.0

1737.75
1.0
1.0

1774.5
1.0
1.0

1782.0
1.0
1.0

2538.0
1.0
1.0

2558.25
1.0
1.0

2620.5
1.0
1.0

2647.5
1.0
1.0

2701.5
1.0
1.0

2709.75
1.0
1.0

2729.25
1.0
1.0

2772.0
1.0
1.0

2827.5
1.0
1.0

2881.5
1.0
1.0

2898.75
1.0
1.0

2934.75
1.0
1.0

2970.75
1.0
1.0

3006.75
1.0
1.0

3017.25
1.0
1.0

3060.75
1.0
1.0

3078.75
1.0
1.0

3096.0
1.0
1.0

3143.25
1.0
1.0

3177.0
1.0
1.0

3186.0
1.0
1.0

3197.25
1.0
1.0

3205.5
1.0
1.0

3312.0
1.0
1.0

3332.25
1.0
1.0

3339.0
1.0
1.0

3348.0
1.0
1.0

3357.75
1.0
1.0

