298.75
2.0
1.0

371.5
2.0
1.0

434.5
2.0
1.0

499.75
2.0
1.0

533.5
2.0
1.0

578.5
2.0
1.0

606.25
2.0
1.0

624.25
2.0
1.0

634.0
2.0
1.0

663.25
2.0
1.0

694.75
2.0
1.0

753.25
2.0
1.0

769.75
2.0
1.0

794.5
2.0
1.0

823.0
2.0
1.0

904.0
2.0
1.0

937.75
2.0
1.0

995.5
2.0
1.0

1832.5
2.0
1.0

1840.75
2.0
1.0

1901.5
2.0
1.0

1911.25
2.0
1.0

1949.5
2.0
1.0

1993.75
2.0
1.0

2011.0
2.0
1.0

2020.0
2.0
1.0

2038.0
2.0
1.0

2044.75
2.0
1.0

2094.25
2.0
1.0

2253.25
2.0
1.0

2299.75
2.0
1.0

2354.5
2.0
1.0

2479.0
2.0
1.0

2507.5
2.0
1.0

2524.0
2.0
1.0

2531.5
2.0
1.0

