311.75
1.5
1.0

335.75
1.5
1.0

355.25
1.5
1.0

374.75
1.5
1.0

391.25
1.5
1.0

489.5
1.5
1.0

516.5
1.5
1.0

546.5
1.5
1.0

564.5
1.5
1.0

581.0
1.5
1.0

607.25
1.5
1.0

668.0
1.5
1.0

689.0
1.5
1.0

742.25
1.5
1.0

824.75
1.5
1.0

912.5
1.5
1.0

923.0
1.5
1.0

986.0
1.5
1.0

1902.5
1.5
1.0

1911.5
1.5
1.0

1991.75
1.5
1.0

2063.75
1.5
1.0

2073.5
1.5
1.0

2108.75
1.5
1.0

2119.25
1.5
1.0

2126.75
1.5
1.0

2315.75
1.5
1.0

2343.5
1.5
1.0

2369.75
1.5
1.0

2399.0
1.5
1.0

2426.0
1.5
1.0

2442.5
1.5
1.0

2452.25
1.5
1.0

2471.75
1.5
1.0

2496.5
1.5
1.0

2516.75
1.5
1.0

