2984.5
4.8
1.0

2993.5
4.8
1.0

3002.5
4.8
1.0

3049.0
4.8
1.0

3069.5
4.8
1.0

3078.0
4.8
1.0

3086.5
4.8
1.0

3097.5
4.8
1.0

3152.5
4.8
1.0

3205.0
4.8
1.0

3233.5
4.8
1.0

3296.5
4.8
1.0

3337.5
4.8
1.0

3357.5
4.8
1.0

3367.5
4.8
1.0

3385.5
4.8
1.0

3437.5
4.8
1.0

3446.0
4.8
1.0

3495.0
4.8
1.0

3504.0
4.8
1.0

3514.5
4.8
1.0

3553.5
4.8
1.0

3581.5
4.8
1.0

3591.5
4.8
1.0

3600.0
4.8
1.0

3674.0
4.8
1.0

3695.0
4.8
1.0

3773.5
4.8
1.0

3835.0
4.8
1.0

3842.5
4.8
1.0

3924.0
4.8
1.0

3935.0
4.8
1.0

