3047.5
4.8
1.0

3084.0
4.8
1.0

3112.0
4.8
1.0

3128.0
4.8
1.0

3185.5
4.8
1.0

3194.0
4.8
1.0

3213.5
4.8
1.0

3253.0
4.8
1.0

3268.0
4.8
1.0

3284.5
4.8
1.0

3293.5
4.8
1.0

3312.5
4.8
1.0

3340.0
4.8
1.0

3357.5
4.8
1.0

3376.0
4.8
1.0

3385.5
4.8
1.0

3394.5
4.8
1.0

3402.0
4.8
1.0

3421.5
4.8
1.0

3430.0
4.8
1.0

3457.0
4.8
1.0

3475.5
4.8
1.0

3495.5
4.8
1.0

3504.5
4.8
1.0

3522.5
4.8
1.0

3530.5
4.8
1.0

3539.0
4.8
1.0

3546.5
4.8
1.0

3577.0
4.8
1.0

3605.5
4.8
1.0

3614.5
4.8
1.0

3630.5
4.8
1.0

3651.5
4.8
1.0

3670.5
4.8
1.0

3699.5
4.8
1.0

3728.0
4.8
1.0

3736.5
4.8
1.0

3747.5
4.8
1.0

3756.0
4.8
1.0

3774.0
4.8
1.0

3821.5
4.8
1.0

3849.0
4.8
1.0

3859.0
4.8
1.0

3903.5
4.8
1.0

3912.0
4.8
1.0

3921.5
4.8
1.0

3957.0
4.8
1.0

3966.5
4.8
1.0

