0.5
4.8
1.0

21.5
4.8
1.0

51.0
4.8
1.0

59.0
4.8
1.0

78.5
4.8
1.0

86.5
4.8
1.0

114.5
4.8
1.0

124.0
4.8
1.0

161.5
4.8
1.0

181.0
4.8
1.0

201.5
4.8
1.0

211.5
4.8
1.0

220.0
4.8
1.0

229.0
4.8
1.0

259.0
4.8
1.0

303.0
4.8
1.0

331.0
4.8
1.0

368.0
4.8
1.0

377.5
4.8
1.0

387.5
4.8
1.0

396.0
4.8
1.0

432.0
4.8
1.0

440.5
4.8
1.0

476.0
4.8
1.0

487.0
4.8
1.0

506.0
4.8
1.0

562.0
4.8
1.0

570.5
4.8
1.0

580.5
4.8
1.0

601.5
4.8
1.0

619.0
4.8
1.0

654.0
4.8
1.0

662.5
4.8
1.0

672.5
4.8
1.0

683.0
4.8
1.0

726.0
4.8
1.0

763.0
4.8
1.0

792.5
4.8
1.0

812.0
4.8
1.0

821.5
4.8
1.0

861.5
4.8
1.0

870.0
4.8
1.0

878.0
4.8
1.0

886.5
4.8
1.0

920.5
4.8
1.0

928.5
4.8
1.0

939.0
4.8
1.0

964.5
4.8
1.0

