298.5
1.0
1.0

351.0
1.0
1.0

369.75
1.0
1.0

378.75
1.0
1.0

396.0
1.0
1.0

451.5
1.0
1.0

488.25
1.0
1.0

497.25
1.0
1.0

594.75
1.0
1.0

613.5
1.0
1.0

621.75
1.0
1.0

641.25
1.0
1.0

684.75
1.0
1.0

702.0
1.0
1.0

730.5
1.0
1.0

785.25
1.0
1.0

803.25
1.0
1.0

828.0
1.0
1.0

837.75
1.0
1.0

866.25
1.0
1.0

902.25
1.0
1.0

918.0
1.0
1.0

981.75
1.0
1.0

1026.75
1.0
1.0

1053.0
1.0
1.0

1064.25
1.0
1.0

1071.0
1.0
1.0

1098.75
1.0
1.0

1126.5
1.0
1.0

1197.75
1.0
1.0

1217.25
1.0
1.0

1225.5
1.0
1.0

1260.75
1.0
1.0

1270.5
1.0
1.0

1278.75
1.0
1.0

1296.0
1.0
1.0

1359.0
1.0
1.0

1395.75
1.0
1.0

1431.75
1.0
1.0

1458.75
1.0
1.0

1485.0
1.0
1.0

1494.75
1.0
1.0

1505.25
1.0
1.0

1521.75
1.0
1.0

1586.25
1.0
1.0

1595.25
1.0
1.0

1656.0
1.0
1.0

1701.0
1.0
1.0

1737.75
1.0
1.0

1748.25
1.0
1.0

1766.25
1.0
1.0

1791.75
1.0
1.0

1872.0
1.0
1.0

1901.25
1.0
1.0

1910.25
1.0
1.0

1936.5
1.0
1.0

