1848.75
1.0
1.0

1866.75
1.0
1.0

1902.75
1.0
1.0

1920.0
1.0
1.0

1929.75
1.0
1.0

1938.75
1.0
1.0

1967.25
1.0
1.0

2019.0
1.0
1.0

2055.75
1.0
1.0

2075.25
1.0
1.0

2093.25
1.0
1.0

2100.0
1.0
1.0

2118.75
1.0
1.0

2128.5
1.0
1.0

2145.0
1.0
1.0

2155.5
1.0
1.0

2172.0
1.0
1.0

2218.5
1.0
1.0

2227.5
1.0
1.0

2236.5
1.0
1.0

2244.0
1.0
1.0

2263.5
1.0
1.0

2282.25
1.0
1.0

2308.5
1.0
1.0

2334.75
1.0
1.0

2353.5
1.0
1.0

2371.5
1.0
1.0

2379.75
1.0
1.0

2390.25
1.0
1.0

2397.0
1.0
1.0

2426.25
1.0
1.0

2442.75
1.0
1.0

2460.0
1.0
1.0

2469.75
1.0
1.0

2478.0
1.0
1.0

2487.0
1.0
1.0

2523.75
1.0
1.0

2543.25
1.0
1.0

2560.5
1.0
1.0

2568.75
1.0
1.0

2613.75
1.0
1.0

2624.25
1.0
1.0

2667.0
1.0
1.0

2687.25
1.0
1.0

2703.75
1.0
1.0

2723.25
1.0
1.0

2732.25
1.0
1.0

2740.5
1.0
1.0

2748.0
1.0
1.0

2794.5
1.0
1.0

2812.5
1.0
1.0

2820.0
1.0
1.0

2829.75
1.0
1.0

2866.5
1.0
1.0

2894.25
1.0
1.0

2903.25
1.0
1.0

2946.75
1.0
1.0

2955.0
1.0
1.0

2973.75
1.0
1.0

3002.25
1.0
1.0

3009.75
1.0
1.0

3027.0
1.0
1.0

3036.75
1.0
1.0

3046.5
1.0
1.0

3054.0
1.0
1.0

3082.5
1.0
1.0

3099.0
1.0
1.0

3119.25
1.0
1.0

3127.5
1.0
1.0

3135.75
1.0
1.0

3145.5
1.0
1.0

3173.25
1.0
1.0

3180.0
1.0
1.0

3216.0
1.0
1.0

3253.5
1.0
1.0

3263.25
1.0
1.0

3270.75
1.0
1.0

3281.25
1.0
1.0

3307.5
1.0
1.0

3351.0
1.0
1.0

3378.75
1.0
1.0

3425.25
1.0
1.0

3450.75
1.0
1.0

3468.0
1.0
1.0

