1945.5
1.0
1.0

1953.75
1.0
1.0

1963.5
1.0
1.0

1999.5
1.0
1.0

2007.75
1.0
1.0

2016.0
1.0
1.0

2036.25
1.0
1.0

2053.5
1.0
1.0

2070.0
1.0
1.0

2080.5
1.0
1.0

2088.75
1.0
1.0

2134.5
1.0
1.0

2142.75
1.0
1.0

2151.0
1.0
1.0

2161.5
1.0
1.0

2169.0
1.0
1.0

2207.25
1.0
1.0

2225.25
1.0
1.0

2232.75
1.0
1.0

2252.25
1.0
1.0

2260.5
1.0
1.0

2286.75
1.0
1.0

2332.5
1.0
1.0

2341.5
1.0
1.0

2368.5
1.0
1.0

2403.0
1.0
1.0

2412.75
1.0
1.0

2431.5
1.0
1.0

2485.5
1.0
1.0

2522.25
1.0
1.0

2538.0
1.0
1.0

2557.5
1.0
1.0

2594.25
1.0
1.0

2602.5
1.0
1.0

2621.25
1.0
1.0

2646.0
1.0
1.0

2656.5
1.0
1.0

2682.0
1.0
1.0

2691.75
1.0
1.0

2709.75
1.0
1.0

2755.5
1.0
1.0

2765.25
1.0
1.0

2819.25
1.0
1.0

2827.5
1.0
1.0

2853.75
1.0
1.0

2880.0
1.0
1.0

2916.75
1.0
1.0

2944.5
1.0
1.0

2952.0
1.0
1.0

2961.75
1.0
1.0

2972.25
1.0
1.0

2989.5
1.0
1.0

3006.0
1.0
1.0

3017.25
1.0
1.0

3024.75
1.0
1.0

3044.25
1.0
1.0

3060.75
1.0
1.0

3115.5
1.0
1.0

3134.25
1.0
1.0

3187.5
1.0
1.0

3197.25
1.0
1.0

3215.25
1.0
1.0

3222.75
1.0
1.0

3232.5
1.0
1.0

3242.25
1.0
1.0

3277.5
1.0
1.0

3286.5
1.0
1.0

3295.5
1.0
1.0

3314.25
1.0
1.0

3330.0
1.0
1.0

3340.5
1.0
1.0

3348.0
1.0
1.0

