211.5
1.0
1.0

221.25
1.0
1.0

246.75
1.0
1.0

282.0
1.0
1.0

318.75
1.0
1.0

356.25
1.0
1.0

363.0
1.0
1.0

383.25
1.0
1.0

390.75
1.0
1.0

436.5
1.0
1.0

453.75
1.0
1.0

473.25
1.0
1.0

572.25
1.0
1.0

615.75
1.0
1.0

625.5
1.0
1.0

660.75
1.0
1.0

716.25
1.0
1.0

723.75
1.0
1.0

742.5
1.0
1.0

770.25
1.0
1.0

813.0
1.0
1.0

842.25
1.0
1.0

849.75
1.0
1.0

894.75
1.0
1.0

930.0
1.0
1.0

950.25
1.0
1.0

986.25
1.0
1.0

1011.0
1.0
1.0

1040.25
1.0
1.0

1049.25
1.0
1.0

1058.25
1.0
1.0

1191.75
1.0
1.0

1200.0
1.0
1.0

1228.5
1.0
1.0

1273.5
1.0
1.0

1292.25
1.0
1.0

1300.5
1.0
1.0

1363.5
1.0
1.0

1417.5
1.0
1.0

1425.0
1.0
1.0

1434.75
1.0
1.0

1452.75
1.0
1.0

1463.25
1.0
1.0

1472.25
1.0
1.0

1480.5
1.0
1.0

1526.25
1.0
1.0

1542.75
1.0
1.0

1578.75
1.0
1.0

1670.25
1.0
1.0

1688.25
1.0
1.0

1706.25
1.0
1.0

1714.5
1.0
1.0

1731.75
1.0
1.0

1758.0
1.0
1.0

1812.0
1.0
1.0

1839.0
1.0
1.0

