289.8
1.5
1.0

456.3
1.5
1.0

494.8
1.5
1.0

512.8
1.5
1.0

660.3
1.5
1.0

719.3
1.5
1.0

754.3
1.5
1.0

889.3
1.5
1.0

919.8
1.5
1.0

928.8
1.5
1.0

1001.8
1.5
1.0

1058.8
1.5
1.0

1069.3
1.5
1.0

1122.3
1.5
1.0

1196.8
1.5
1.0

1214.3
1.5
1.0

3196.8
1.5
1.0

3227.3
1.5
1.0

3352.3
1.5
1.0

3428.3
1.5
1.0

3439.3
1.5
1.0

3573.8
1.5
1.0

3637.3
1.5
1.0

3680.8
1.5
1.0

3690.3
1.5
1.0

3797.3
1.5
1.0

3804.8
1.5
1.0

3814.8
1.5
1.0

3892.3
1.5
1.0

3979.3
1.5
1.0

4048.8
1.5
1.0

4078.8
1.5
1.0

