1049.0
4.8
1.0

1079.0
4.8
1.0

1105.5
4.8
1.0

1184.5
4.8
1.0

1214.5
4.8
1.0

1224.0
4.8
1.0

1233.0
4.8
1.0

1272.0
4.8
1.0

1300.0
4.8
1.0

1319.0
4.8
1.0

1354.5
4.8
1.0

1391.5
4.8
1.0

1409.0
4.8
1.0

1429.0
4.8
1.0

1456.5
4.8
1.0

1484.0
4.8
1.0

1523.0
4.8
1.0

1532.5
4.8
1.0

1552.0
4.8
1.0

1560.0
4.8
1.0

1597.5
4.8
1.0

1606.5
4.8
1.0

1643.5
4.8
1.0

1662.0
4.8
1.0

1723.0
4.8
1.0

1742.5
4.8
1.0

1800.5
4.8
1.0

1846.5
4.8
1.0

1856.5
4.8
1.0

1926.0
4.8
1.0

1971.5
4.8
1.0

1996.5
4.8
1.0

