0.5
4.8
1.0

28.5
4.8
1.0

84.0
4.8
1.0

93.0
4.8
1.0

102.5
4.8
1.0

121.5
4.8
1.0

151.5
4.8
1.0

161.5
4.8
1.0

191.5
4.8
1.0

200.5
4.8
1.0

217.0
4.8
1.0

236.0
4.8
1.0

272.0
4.8
1.0

293.5
4.8
1.0

311.0
4.8
1.0

321.0
4.8
1.0

329.5
4.8
1.0

339.5
4.8
1.0

397.0
4.8
1.0

406.0
4.8
1.0

453.5
4.8
1.0

472.0
4.8
1.0

490.5
4.8
1.0

499.0
4.8
1.0

526.0
4.8
1.0

535.0
4.8
1.0

544.0
4.8
1.0

572.0
4.8
1.0

590.5
4.8
1.0

608.5
4.8
1.0

617.5
4.8
1.0

626.5
4.8
1.0

636.0
4.8
1.0

674.0
4.8
1.0

684.0
4.8
1.0

694.5
4.8
1.0

702.5
4.8
1.0

742.5
4.8
1.0

770.5
4.8
1.0

781.5
4.8
1.0

819.0
4.8
1.0

828.5
4.8
1.0

885.5
4.8
1.0

932.0
4.8
1.0

941.0
4.8
1.0

949.0
4.8
1.0

958.0
4.8
1.0

974.5
4.8
1.0

