1116.75
1.0
1.0

1144.5
1.0
1.0

1170.75
1.0
1.0

1179.75
1.0
1.0

1188.75
1.0
1.0

1197.75
1.0
1.0

1217.25
1.0
1.0

1224.75
1.0
1.0

1251.0
1.0
1.0

1271.25
1.0
1.0

1287.75
1.0
1.0

1324.5
1.0
1.0

1341.75
1.0
1.0

1369.5
1.0
1.0

1387.5
1.0
1.0

1395.0
1.0
1.0

1404.75
1.0
1.0

1451.25
1.0
1.0

1468.5
1.0
1.0

1477.5
1.0
1.0

1487.25
1.0
1.0

1513.5
1.0
1.0

1523.25
1.0
1.0

1566.0
1.0
1.0

1575.0
1.0
1.0

1621.5
1.0
1.0

1657.5
1.0
1.0

1692.0
1.0
1.0

1719.0
1.0
1.0

1729.5
1.0
1.0

1748.25
1.0
1.0

1757.25
1.0
1.0

1764.75
1.0
1.0

1773.0
1.0
1.0

1791.75
1.0
1.0

1809.75
1.0
1.0

1827.75
1.0
1.0

1847.25
1.0
1.0

1864.5
1.0
1.0

1881.75
1.0
1.0

1892.25
1.0
1.0

1908.75
1.0
1.0

1927.5
1.0
1.0

1953.0
1.0
1.0

1981.5
1.0
1.0

1990.5
1.0
1.0

2016.75
1.0
1.0

2034.75
1.0
1.0

2043.0
1.0
1.0

2053.5
1.0
1.0

2088.75
1.0
1.0

2125.5
1.0
1.0

2134.5
1.0
1.0

2152.5
1.0
1.0

2189.25
1.0
1.0

2207.25
1.0
1.0

2241.0
1.0
1.0

2288.25
1.0
1.0

2314.5
1.0
1.0

2331.75
1.0
1.0

2350.5
1.0
1.0

2368.5
1.0
1.0

2377.5
1.0
1.0

2394.75
1.0
1.0

2432.25
1.0
1.0

2441.25
1.0
1.0

2449.5
1.0
1.0

2457.0
1.0
1.0

2484.75
1.0
1.0

2493.0
1.0
1.0

2511.0
1.0
1.0

2520.75
1.0
1.0

