351.0
1.0
1.0

371.25
1.0
1.0

396.0
1.0
1.0

450.75
1.0
1.0

488.25
1.0
1.0

506.25
1.0
1.0

532.5
1.0
1.0

541.5
1.0
1.0

560.25
1.0
1.0

659.25
1.0
1.0

695.25
1.0
1.0

702.0
1.0
1.0

721.5
1.0
1.0

729.0
1.0
1.0

766.5
1.0
1.0

776.25
1.0
1.0

810.0
1.0
1.0

837.0
1.0
1.0

892.5
1.0
1.0

945.75
1.0
1.0

954.0
1.0
1.0

999.75
1.0
1.0

1010.25
1.0
1.0

1017.0
1.0
1.0

1073.25
1.0
1.0

1080.75
1.0
1.0

1089.0
1.0
1.0

1109.25
1.0
1.0

2567.25
1.0
1.0

2574.75
1.0
1.0

2610.75
1.0
1.0

2648.25
1.0
1.0

2655.0
1.0
1.0

2728.5
1.0
1.0

2738.25
1.0
1.0

2756.25
1.0
1.0

2765.25
1.0
1.0

2773.5
1.0
1.0

2781.75
1.0
1.0

2810.25
1.0
1.0

2873.25
1.0
1.0

2882.25
1.0
1.0

2891.25
1.0
1.0

2899.5
1.0
1.0

2998.5
1.0
1.0

3007.5
1.0
1.0

3042.75
1.0
1.0

3060.0
1.0
1.0

3078.0
1.0
1.0

3116.25
1.0
1.0

3132.0
1.0
1.0

3233.25
1.0
1.0

3278.25
1.0
1.0

3294.0
1.0
1.0

3321.75
1.0
1.0

3330.0
1.0
1.0

