299.25
1.0
1.0

306.75
1.0
1.0

317.25
1.0
1.0

334.5
1.0
1.0

361.5
1.0
1.0

378.0
1.0
1.0

425.25
1.0
1.0

434.25
1.0
1.0

443.25
1.0
1.0

477.75
1.0
1.0

513.0
1.0
1.0

549.0
1.0
1.0

576.75
1.0
1.0

587.25
1.0
1.0

594.0
1.0
1.0

605.25
1.0
1.0

650.25
1.0
1.0

684.0
1.0
1.0

758.25
1.0
1.0

783.75
1.0
1.0

846.75
1.0
1.0

875.25
1.0
1.0

884.25
1.0
1.0

900.0
1.0
1.0

929.25
1.0
1.0

964.5
1.0
1.0

1046.25
1.0
1.0

1055.25
1.0
1.0

2538.0
1.0
1.0

2547.75
1.0
1.0

2601.0
1.0
1.0

2629.5
1.0
1.0

2639.25
1.0
1.0

2675.25
1.0
1.0

2682.75
1.0
1.0

2692.5
1.0
1.0

2702.25
1.0
1.0

2747.25
1.0
1.0

2801.25
1.0
1.0

2817.75
1.0
1.0

2835.75
1.0
1.0

2845.5
1.0
1.0

2917.5
1.0
1.0

2926.5
1.0
1.0

2934.0
1.0
1.0

2989.5
1.0
1.0

3015.0
1.0
1.0

3051.75
1.0
1.0

3151.5
1.0
1.0

3186.75
1.0
1.0

3196.5
1.0
1.0

3205.5
1.0
1.0

3260.25
1.0
1.0

3267.75
1.0
1.0

3286.5
1.0
1.0

3312.0
1.0
1.0

