1127.25
1.0
1.0

1134.0
1.0
1.0

1161.0
1.0
1.0

1208.25
1.0
1.0

1233.0
1.0
1.0

1242.75
1.0
1.0

1260.0
1.0
1.0

1296.0
1.0
1.0

1306.5
1.0
1.0

1314.0
1.0
1.0

1333.5
1.0
1.0

1350.0
1.0
1.0

1379.25
1.0
1.0

1414.5
1.0
1.0

1423.5
1.0
1.0

1432.5
1.0
1.0

1440.0
1.0
1.0

1495.5
1.0
1.0

1503.75
1.0
1.0

1531.5
1.0
1.0

1541.25
1.0
1.0

1548.0
1.0
1.0

1557.0
1.0
1.0

1595.25
1.0
1.0

1602.0
1.0
1.0

1611.75
1.0
1.0

1629.75
1.0
1.0

1638.75
1.0
1.0

1665.75
1.0
1.0

1674.0
1.0
1.0

1683.75
1.0
1.0

1703.25
1.0
1.0

1738.5
1.0
1.0

1782.0
1.0
1.0

1800.0
1.0
1.0

1819.5
1.0
1.0

1838.25
1.0
1.0

1854.75
1.0
1.0

1901.25
1.0
1.0

1919.25
1.0
1.0

1935.0
1.0
1.0

1964.25
1.0
1.0

1971.0
1.0
1.0

1998.0
1.0
1.0

2007.75
1.0
1.0

2061.0
1.0
1.0

2071.5
1.0
1.0

2079.75
1.0
1.0

2098.5
1.0
1.0

2108.25
1.0
1.0

2142.0
1.0
1.0

2160.75
1.0
1.0

2169.75
1.0
1.0

2197.5
1.0
1.0

2214.75
1.0
1.0

2223.0
1.0
1.0

2234.25
1.0
1.0

2252.25
1.0
1.0

2259.75
1.0
1.0

2279.25
1.0
1.0

2297.25
1.0
1.0

2304.0
1.0
1.0

2324.25
1.0
1.0

2340.75
1.0
1.0

2387.25
1.0
1.0

2403.75
1.0
1.0

2414.25
1.0
1.0

2422.5
1.0
1.0

2468.25
1.0
1.0

2475.75
1.0
1.0

2502.75
1.0
1.0

2529.75
1.0
1.0

