1147.75
2.0
1.0

1165.0
2.0
1.0

1237.75
2.0
1.0

1247.5
2.0
1.0

1307.5
2.0
1.0

1362.25
2.0
1.0

1374.25
2.0
1.0

1389.25
2.0
1.0

1453.0
2.0
1.0

1482.25
2.0
1.0

1579.0
2.0
1.0

1633.0
2.0
1.0

1660.0
2.0
1.0

1668.25
2.0
1.0

1703.5
2.0
1.0

1741.75
2.0
1.0

1749.25
2.0
1.0

1785.25
2.0
1.0

1847.5
2.0
1.0

1887.25
2.0
1.0

1895.5
2.0
1.0

1911.25
2.0
1.0

1932.25
2.0
1.0

1991.5
2.0
1.0

2037.25
2.0
1.0

2074.75
2.0
1.0

2091.25
2.0
1.0

2100.25
2.0
1.0

2129.5
2.0
1.0

2146.75
2.0
1.0

2272.0
2.0
1.0

2335.0
2.0
1.0

2343.25
2.0
1.0

2371.0
2.0
1.0

2432.5
2.0
1.0

2489.5
2.0
1.0

