1120.0
2.0
1.0

1138.75
2.0
1.0

1183.0
2.0
1.0

1220.5
2.0
1.0

1279.75
2.0
1.0

1333.75
2.0
1.0

1355.5
2.0
1.0

1417.0
2.0
1.0

1487.5
2.0
1.0

1497.25
2.0
1.0

1513.75
2.0
1.0

1525.0
2.0
1.0

1595.5
2.0
1.0

1617.25
2.0
1.0

1651.0
2.0
1.0

1696.0
2.0
1.0

1774.75
2.0
1.0

1794.25
2.0
1.0

1830.25
2.0
1.0

2001.25
2.0
1.0

2029.0
2.0
1.0

2083.0
2.0
1.0

2111.5
2.0
1.0

2154.25
2.0
1.0

2182.75
2.0
1.0

2191.75
2.0
1.0

2209.0
2.0
1.0

2299.75
2.0
1.0

2353.0
2.0
1.0

2398.0
2.0
1.0

2407.75
2.0
1.0

2442.25
2.0
1.0

2469.25
2.0
1.0

2478.25
2.0
1.0

2521.75
2.0
1.0

2533.0
2.0
1.0

