0.5
4.8
1.0

9.5
4.8
1.0

18.0
4.8
1.0

26.5
4.8
1.0

37.0
4.8
1.0

94.0
4.8
1.0

102.5
4.8
1.0

112.5
4.8
1.0

158.0
4.8
1.0

197.0
4.8
1.0

223.5
4.8
1.0

233.5
4.8
1.0

242.0
4.8
1.0

298.5
4.8
1.0

307.5
4.8
1.0

317.0
4.8
1.0

345.0
4.8
1.0

375.0
4.8
1.0

385.0
4.8
1.0

395.0
4.8
1.0

420.5
4.8
1.0

457.0
4.8
1.0

474.5
4.8
1.0

484.0
4.8
1.0

500.5
4.8
1.0

510.5
4.8
1.0

549.0
4.8
1.0

577.5
4.8
1.0

595.0
4.8
1.0

611.5
4.8
1.0

630.5
4.8
1.0

638.5
4.8
1.0

647.5
4.8
1.0

656.0
4.8
1.0

713.5
4.8
1.0

722.5
4.8
1.0

731.5
4.8
1.0

740.0
4.8
1.0

775.0
4.8
1.0

783.5
4.8
1.0

812.0
4.8
1.0

820.5
4.8
1.0

864.0
4.8
1.0

872.0
4.8
1.0

881.0
4.8
1.0

898.5
4.8
1.0

939.5
4.8
1.0

958.5
4.8
1.0

