45.0
4.8
1.0

55.0
4.8
1.0

65.0
4.8
1.0

84.5
4.8
1.0

120.5
4.8
1.0

129.5
4.8
1.0

139.5
4.8
1.0

148.5
4.8
1.0

178.0
4.8
1.0

188.5
4.8
1.0

204.5
4.8
1.0

213.5
4.8
1.0

251.5
4.8
1.0

271.5
4.8
1.0

280.0
4.8
1.0

289.5
4.8
1.0

327.0
4.8
1.0

334.0
4.8
1.0

365.5
4.8
1.0

404.5
4.8
1.0

412.0
4.8
1.0

430.5
4.8
1.0

447.5
4.8
1.0

466.0
4.8
1.0

492.0
4.8
1.0

519.0
4.8
1.0

528.5
4.8
1.0

538.5
4.8
1.0

558.0
4.8
1.0

568.0
4.8
1.0

586.5
4.8
1.0

620.5
4.8
1.0

666.5
4.8
1.0

684.0
4.8
1.0

695.0
4.8
1.0

704.5
4.8
1.0

758.5
4.8
1.0

766.5
4.8
1.0

793.0
4.8
1.0

802.5
4.8
1.0

829.0
4.8
1.0

848.0
4.8
1.0

857.0
4.8
1.0

891.0
4.8
1.0

909.5
4.8
1.0

919.5
4.8
1.0

929.0
4.8
1.0

948.0
4.8
1.0

