27.75
1.0
1.0

37.5
1.0
1.0

65.25
1.0
1.0

82.5
1.0
1.0

108.0
1.0
1.0

154.5
1.0
1.0

171.0
1.0
1.0

181.5
1.0
1.0

189.0
1.0
1.0

199.5
1.0
1.0

225.0
1.0
1.0

234.75
1.0
1.0

252.0
1.0
1.0

297.0
1.0
1.0

306.75
1.0
1.0

326.25
1.0
1.0

333.75
1.0
1.0

342.0
1.0
1.0

361.5
1.0
1.0

396.75
1.0
1.0

425.25
1.0
1.0

432.0
1.0
1.0

441.0
1.0
1.0

470.25
1.0
1.0

479.25
1.0
1.0

486.75
1.0
1.0

514.5
1.0
1.0

523.5
1.0
1.0

551.25
1.0
1.0

576.0
1.0
1.0

621.75
1.0
1.0

630.75
1.0
1.0

640.5
1.0
1.0

659.25
1.0
1.0

668.25
1.0
1.0

684.75
1.0
1.0

