81.0
4.8
1.0

91.0
4.8
1.0

118.0
4.8
1.0

127.5
4.8
1.0

173.0
4.8
1.0

193.5
4.8
1.0

202.0
4.8
1.0

221.5
4.8
1.0

251.5
4.8
1.0

261.5
4.8
1.0

298.5
4.8
1.0

316.0
4.8
1.0

348.0
4.8
1.0

365.0
4.8
1.0

429.5
4.8
1.0

438.5
4.8
1.0

512.5
4.8
1.0

531.5
4.8
1.0

540.0
4.8
1.0

610.0
4.8
1.0

618.5
4.8
1.0

628.5
4.8
1.0

636.0
4.8
1.0

710.5
4.8
1.0

739.0
4.8
1.0

756.5
4.8
1.0

772.0
4.8
1.0

814.0
4.8
1.0

830.5
4.8
1.0

856.0
4.8
1.0

937.0
4.8
1.0

944.0
4.8
1.0

1025.0
4.8
1.0

1052.5
4.8
1.0

1073.5
4.8
1.0

1082.0
4.8
1.0

1090.0
4.8
1.0

1109.0
4.8
1.0

1132.5
4.8
1.0

1150.0
4.8
1.0

1174.5
4.8
1.0

1191.0
4.8
1.0

1198.0
4.8
1.0

1239.0
4.8
1.0

1263.0
4.8
1.0

1282.0
4.8
1.0

1345.0
4.8
1.0

1415.0
4.8
1.0

1434.0
4.8
1.0

1443.5
4.8
1.0

1453.0
4.8
1.0

1483.5
4.8
1.0

1586.5
4.8
1.0

1620.0
4.8
1.0

1628.5
4.8
1.0

1714.5
4.8
1.0

1725.5
4.8
1.0

1788.5
4.8
1.0

1806.5
4.8
1.0

1835.0
4.8
1.0

1854.5
4.8
1.0

1863.5
4.8
1.0

1958.0
4.8
1.0

1976.5
4.8
1.0

