1984.5
4.8
1.0

1994.5
4.8
1.0

2010.0
4.8
1.0

2019.0
4.8
1.0

2047.0
4.8
1.0

2066.5
4.8
1.0

2076.0
4.8
1.0

2086.5
4.8
1.0

2106.5
4.8
1.0

2115.5
4.8
1.0

2135.5
4.8
1.0

2163.5
4.8
1.0

2183.0
4.8
1.0

2208.5
4.8
1.0

2216.0
4.8
1.0

2235.0
4.8
1.0

2250.5
4.8
1.0

2261.5
4.8
1.0

2311.0
4.8
1.0

2320.0
4.8
1.0

2344.5
4.8
1.0

2352.0
4.8
1.0

2360.5
4.8
1.0

2387.5
4.8
1.0

2415.5
4.8
1.0

2435.5
4.8
1.0

2445.0
4.8
1.0

2465.0
4.8
1.0

2482.0
4.8
1.0

2499.0
4.8
1.0

2516.5
4.8
1.0

2544.5
4.8
1.0

2574.0
4.8
1.0

2613.0
4.8
1.0

2623.5
4.8
1.0

2642.5
4.8
1.0

2651.0
4.8
1.0

2687.5
4.8
1.0

2715.5
4.8
1.0

2741.0
4.8
1.0

2758.0
4.8
1.0

2766.0
4.8
1.0

2793.0
4.8
1.0

2812.5
4.8
1.0

2832.0
4.8
1.0

2879.0
4.8
1.0

2907.0
4.8
1.0

2927.0
4.8
1.0

2954.5
4.8
1.0

2974.0
4.8
1.0

2982.0
4.8
1.0

2990.5
4.8
1.0

3034.0
4.8
1.0

3063.0
4.8
1.0

3072.0
4.8
1.0

3082.0
4.8
1.0

3118.0
4.8
1.0

3134.5
4.8
1.0

3152.5
4.8
1.0

3181.5
4.8
1.0

3191.0
4.8
1.0

3220.5
4.8
1.0

3248.0
4.8
1.0

3256.5
4.8
1.0

3283.5
4.8
1.0

3293.5
4.8
1.0

3303.5
4.8
1.0

3312.0
4.8
1.0

3339.0
4.8
1.0

3379.5
4.8
1.0

3389.5
4.8
1.0

3408.5
4.8
1.0

3425.5
4.8
1.0

3470.5
4.8
1.0

3478.0
4.8
1.0

3489.0
4.8
1.0

3498.0
4.8
1.0

3522.0
4.8
1.0

3530.0
4.8
1.0

3547.5
4.8
1.0

3556.0
4.8
1.0

3605.0
4.8
1.0

3642.0
4.8
1.0

3671.5
4.8
1.0

3681.0
4.8
1.0

3701.0
4.8
1.0

3736.5
4.8
1.0

3745.5
4.8
1.0

3763.5
4.8
1.0

3792.5
4.8
1.0

3818.5
4.8
1.0

3828.5
4.8
1.0

3877.5
4.8
1.0

3886.5
4.8
1.0

3896.5
4.8
1.0

3906.5
4.8
1.0

