1990.3
4.8
1.0

1999.8
4.8
1.0

2015.8
4.8
1.0

2092.3
4.8
1.0

2111.3
4.8
1.0

2141.8
4.8
1.0

2316.3
4.8
1.0

2365.8
4.8
1.0

2392.3
4.8
1.0

2421.8
4.8
1.0

2441.8
4.8
1.0

2486.8
4.8
1.0

2503.8
4.8
1.0

2522.8
4.8
1.0

2580.3
4.8
1.0

2628.3
4.8
1.0

2647.3
4.8
1.0

2656.8
4.8
1.0

2693.8
4.8
1.0

2720.8
4.8
1.0

2745.8
4.8
1.0

2763.8
4.8
1.0

2799.3
4.8
1.0

2933.3
4.8
1.0

2960.8
4.8
1.0

2979.3
4.8
1.0

2987.8
4.8
1.0

3038.8
4.8
1.0

3078.3
4.8
1.0

3087.8
4.8
1.0

3123.3
4.8
1.0

3139.8
4.8
1.0

3157.3
4.8
1.0

3186.3
4.8
1.0

3261.3
4.8
1.0

3299.8
4.8
1.0

3344.8
4.8
1.0

3394.8
4.8
1.0

3502.8
4.8
1.0

3527.8
4.8
1.0

3552.8
4.8
1.0

3610.3
4.8
1.0

3706.8
4.8
1.0

3751.8
4.8
1.0

3798.8
4.8
1.0

3834.8
4.8
1.0

3882.3
4.8
1.0

3912.8
4.8
1.0

