2033.8
4.8
1.0

2102.3
4.8
1.0

2151.3
4.8
1.0

2159.8
4.8
1.0

2178.3
4.8
1.0

2205.8
4.8
1.0

2247.8
4.8
1.0

2276.8
4.8
1.0

2296.3
4.8
1.0

2382.3
4.8
1.0

2431.3
4.8
1.0

2532.3
4.8
1.0

2540.8
4.8
1.0

2560.8
4.8
1.0

2710.8
4.8
1.0

2729.8
4.8
1.0

2789.3
4.8
1.0

2846.8
4.8
1.0

2857.8
4.8
1.0

2866.3
4.8
1.0

2874.8
4.8
1.0

2893.3
4.8
1.0

2902.3
4.8
1.0

2951.8
4.8
1.0

3021.8
4.8
1.0

3030.8
4.8
1.0

3048.3
4.8
1.0

3096.8
4.8
1.0

3115.3
4.8
1.0

3217.3
4.8
1.0

3326.8
4.8
1.0

3335.3
4.8
1.0

3374.3
4.8
1.0

3440.3
4.8
1.0

3459.8
4.8
1.0

3467.8
4.8
1.0

3572.3
4.8
1.0

3601.3
4.8
1.0

3620.8
4.8
1.0

3629.3
4.8
1.0

3656.8
4.8
1.0

3715.8
4.8
1.0

3724.8
4.8
1.0

3733.8
4.8
1.0

3807.8
4.8
1.0

3844.3
4.8
1.0

3863.8
4.8
1.0

3872.8
4.8
1.0

