18.0
4.8
1.0

27.5
4.8
1.0

37.0
4.8
1.0

44.0
4.8
1.0

70.5
4.8
1.0

80.5
4.8
1.0

110.5
4.8
1.0

131.0
4.8
1.0

141.0
4.8
1.0

195.0
4.8
1.0

215.0
4.8
1.0

232.0
4.8
1.0

241.0
4.8
1.0

249.0
4.8
1.0

259.0
4.8
1.0

276.0
4.8
1.0

293.0
4.8
1.0

339.5
4.8
1.0

349.5
4.8
1.0

376.0
4.8
1.0

392.5
4.8
1.0

420.5
4.8
1.0

456.5
4.8
1.0

501.5
4.8
1.0

528.5
4.8
1.0

582.5
4.8
1.0

592.5
4.8
1.0

603.5
4.8
1.0

630.5
4.8
1.0

639.5
4.8
1.0

657.0
4.8
1.0

666.5
4.8
1.0

684.5
4.8
1.0

695.0
4.8
1.0

715.5
4.8
1.0

761.0
4.8
1.0

796.5
4.8
1.0

817.0
4.8
1.0

827.5
4.8
1.0

837.0
4.8
1.0

847.5
4.8
1.0

865.0
4.8
1.0

874.0
4.8
1.0

882.5
4.8
1.0

901.5
4.8
1.0

919.5
4.8
1.0

928.0
4.8
1.0

956.0
4.8
1.0

