18.0
1.0
1.0

29.25
1.0
1.0

81.75
1.0
1.0

99.75
1.0
1.0

128.25
1.0
1.0

146.25
1.0
1.0

164.25
1.0
1.0

182.25
1.0
1.0

191.25
1.0
1.0

199.5
1.0
1.0

218.25
1.0
1.0

280.5
1.0
1.0

288.75
1.0
1.0

324.75
1.0
1.0

362.25
1.0
1.0

371.25
1.0
1.0

379.5
1.0
1.0

397.5
1.0
1.0

414.0
1.0
1.0

423.75
1.0
1.0

441.0
1.0
1.0

452.25
1.0
1.0

459.0
1.0
1.0

477.75
1.0
1.0

488.25
1.0
1.0

495.0
1.0
1.0

549.75
1.0
1.0

560.25
1.0
1.0

568.5
1.0
1.0

576.75
1.0
1.0

621.0
1.0
1.0

630.0
1.0
1.0

659.25
1.0
1.0

675.75
1.0
1.0

685.5
1.0
1.0

702.0
1.0
1.0

