45.0
1.0
1.0

54.0
1.0
1.0

63.0
1.0
1.0

82.5
1.0
1.0

90.75
1.0
1.0

108.0
1.0
1.0

117.75
1.0
1.0

145.5
1.0
1.0

200.25
1.0
1.0

208.5
1.0
1.0

216.0
1.0
1.0

243.75
1.0
1.0

271.5
1.0
1.0

279.0
1.0
1.0

290.25
1.0
1.0

308.25
1.0
1.0

353.25
1.0
1.0

360.75
1.0
1.0

380.25
1.0
1.0

415.5
1.0
1.0

434.25
1.0
1.0

460.5
1.0
1.0

477.75
1.0
1.0

486.75
1.0
1.0

504.0
1.0
1.0

531.75
1.0
1.0

551.25
1.0
1.0

576.0
1.0
1.0

585.75
1.0
1.0

604.5
1.0
1.0

612.75
1.0
1.0

632.25
1.0
1.0

648.75
1.0
1.0

658.5
1.0
1.0

667.5
1.0
1.0

693.75
1.0
1.0

