1055.5
4.8
1.0

1083.5
4.8
1.0

1155.0
4.8
1.0

1192.5
4.8
1.0

1212.5
4.8
1.0

1239.5
4.8
1.0

1277.5
4.8
1.0

1294.5
4.8
1.0

1325.0
4.8
1.0

1362.0
4.8
1.0

1370.0
4.8
1.0

1381.0
4.8
1.0

1389.5
4.8
1.0

1434.5
4.8
1.0

1481.0
4.8
1.0

1490.5
4.8
1.0

1517.5
4.8
1.0

1526.5
4.8
1.0

1555.5
4.8
1.0

1615.5
4.8
1.0

1671.5
4.8
1.0

1690.0
4.8
1.0

1699.5
4.8
1.0

1727.5
4.8
1.0

1737.5
4.8
1.0

1756.5
4.8
1.0

1820.5
4.8
1.0

1845.0
4.8
1.0

1934.0
4.8
1.0

1973.0
4.8
1.0

1990.5
4.8
1.0

2019.0
4.8
1.0

2039.5
4.8
1.0

2048.5
4.8
1.0

2087.0
4.8
1.0

2095.5
4.8
1.0

2115.5
4.8
1.0

2125.0
4.8
1.0

2132.0
4.8
1.0

2179.0
4.8
1.0

2189.5
4.8
1.0

2227.0
4.8
1.0

2237.5
4.8
1.0

2246.0
4.8
1.0

2257.0
4.8
1.0

2321.5
4.8
1.0

2330.0
4.8
1.0

2366.5
4.8
1.0

2375.5
4.8
1.0

2409.0
4.8
1.0

2472.5
4.8
1.0

2492.5
4.8
1.0

2503.0
4.8
1.0

2542.5
4.8
1.0

2562.5
4.8
1.0

2618.5
4.8
1.0

2645.5
4.8
1.0

2727.5
4.8
1.0

2736.5
4.8
1.0

2801.5
4.8
1.0

2854.0
4.8
1.0

2865.0
4.8
1.0

2893.0
4.8
1.0

2911.0
4.8
1.0

