1046.0
4.8
1.0

1073.5
4.8
1.0

1092.5
4.8
1.0

1102.0
4.8
1.0

1112.0
4.8
1.0

1130.0
4.8
1.0

1146.5
4.8
1.0

1183.5
4.8
1.0

1220.0
4.8
1.0

1229.5
4.8
1.0

1286.0
4.8
1.0

1305.5
4.8
1.0

1315.5
4.8
1.0

1334.0
4.8
1.0

1352.0
4.8
1.0

1399.0
4.8
1.0

1407.5
4.8
1.0

1545.5
4.8
1.0

1585.5
4.8
1.0

1680.0
4.8
1.0

1718.0
4.8
1.0

1746.5
4.8
1.0

1812.0
4.8
1.0

1828.0
4.8
1.0

1836.0
4.8
1.0

1855.5
4.8
1.0

1875.0
4.8
1.0

1904.5
4.8
1.0

1924.5
4.8
1.0

1943.5
4.8
1.0

1981.0
4.8
1.0

1999.5
4.8
1.0

2029.0
4.8
1.0

2105.0
4.8
1.0

2140.0
4.8
1.0

2160.0
4.8
1.0

2169.0
4.8
1.0

2199.5
4.8
1.0

2208.5
4.8
1.0

2266.0
4.8
1.0

2274.0
4.8
1.0

2284.5
4.8
1.0

2301.0
4.8
1.0

2357.5
4.8
1.0

2400.0
4.8
1.0

2419.5
4.8
1.0

2463.0
4.8
1.0

2482.5
4.8
1.0

2512.0
4.8
1.0

2553.5
4.8
1.0

2573.5
4.8
1.0

2583.0
4.8
1.0

2611.0
4.8
1.0

2655.0
4.8
1.0

2665.0
4.8
1.0

2672.0
4.8
1.0

2772.0
4.8
1.0

2782.5
4.8
1.0

2793.0
4.8
1.0

2828.0
4.8
1.0

2919.5
4.8
1.0

2938.5
4.8
1.0

2964.5
4.8
1.0

2985.5
4.8
1.0

