80.5
4.8
1.0

116.0
4.8
1.0

124.5
4.8
1.0

135.5
4.8
1.0

171.0
4.8
1.0

181.5
4.8
1.0

190.0
4.8
1.0

206.0
4.8
1.0

217.0
4.8
1.0

237.0
4.8
1.0

246.0
4.8
1.0

266.0
4.8
1.0

274.5
4.8
1.0

310.0
4.8
1.0

364.0
4.8
1.0

393.5
4.8
1.0

440.0
4.8
1.0

450.5
4.8
1.0

459.5
4.8
1.0

487.5
4.8
1.0

496.0
4.8
1.0

504.0
4.8
1.0

521.0
4.8
1.0

541.0
4.8
1.0

550.5
4.8
1.0

568.5
4.8
1.0

595.0
4.8
1.0

604.5
4.8
1.0

649.0
4.8
1.0

658.5
4.8
1.0

676.0
4.8
1.0

685.0
4.8
1.0

719.5
4.8
1.0

737.5
4.8
1.0

754.5
4.8
1.0

765.0
4.8
1.0

811.0
4.8
1.0

841.0
4.8
1.0

870.5
4.8
1.0

881.5
4.8
1.0

909.5
4.8
1.0

927.0
4.8
1.0

937.0
4.8
1.0

962.5
4.8
1.0

972.0
4.8
1.0

980.0
4.8
1.0

1030.0
4.8
1.0

1039.0
4.8
1.0

3023.0
4.8
1.0

3040.0
4.8
1.0

3059.5
4.8
1.0

3069.5
4.8
1.0

3078.5
4.8
1.0

3096.5
4.8
1.0

3122.0
4.8
1.0

3177.5
4.8
1.0

3206.5
4.8
1.0

3244.5
4.8
1.0

3255.5
4.8
1.0

3273.0
4.8
1.0

3282.5
4.8
1.0

3291.0
4.8
1.0

3301.0
4.8
1.0

3318.0
4.8
1.0

3327.5
4.8
1.0

3345.0
4.8
1.0

3375.0
4.8
1.0

3385.5
4.8
1.0

3395.5
4.8
1.0

3404.5
4.8
1.0

3428.0
4.8
1.0

3464.0
4.8
1.0

3473.0
4.8
1.0

3528.5
4.8
1.0

3539.5
4.8
1.0

3559.0
4.8
1.0

3578.0
4.8
1.0

3634.5
4.8
1.0

3644.0
4.8
1.0

3681.0
4.8
1.0

3689.0
4.8
1.0

3697.5
4.8
1.0

3706.5
4.8
1.0

3725.0
4.8
1.0

3750.0
4.8
1.0

3761.5
4.8
1.0

3804.0
4.8
1.0

3813.0
4.8
1.0

3840.0
4.8
1.0

3858.5
4.8
1.0

3888.5
4.8
1.0

3906.5
4.8
1.0

3917.5
4.8
1.0

3927.0
4.8
1.0

3954.5
4.8
1.0

3964.5
4.8
1.0

