1069.3
4.8
1.0

1126.8
4.8
1.0

1169.3
4.8
1.0

1255.3
4.8
1.0

1272.8
4.8
1.0

1458.3
4.8
1.0

1477.8
4.8
1.0

1601.3
4.8
1.0

1611.3
4.8
1.0

1666.8
4.8
1.0

1772.3
4.8
1.0

1799.8
4.8
1.0

1808.8
4.8
1.0

1890.8
4.8
1.0

1920.8
4.8
1.0

1958.3
4.8
1.0

2073.3
4.8
1.0

2156.3
4.8
1.0

2297.3
4.8
1.0

2343.8
4.8
1.0

2389.8
4.8
1.0

2433.8
4.8
1.0

2441.8
4.8
1.0

2631.3
4.8
1.0

2713.3
4.8
1.0

2722.8
4.8
1.0

2815.8
4.8
1.0

2888.3
4.8
1.0

2935.8
4.8
1.0

2953.3
4.8
1.0

2980.3
4.8
1.0

2999.8
4.8
1.0

