20.25
1.0
1.0

27.0
1.0
1.0

38.25
1.0
1.0

45.0
1.0
1.0

81.75
1.0
1.0

90.0
1.0
1.0

101.25
1.0
1.0

127.5
1.0
1.0

154.5
1.0
1.0

173.25
1.0
1.0

180.75
1.0
1.0

189.75
1.0
1.0

218.25
1.0
1.0

234.75
1.0
1.0

262.5
1.0
1.0

270.75
1.0
1.0

279.0
1.0
1.0

297.75
1.0
1.0

317.25
1.0
1.0

360.0
1.0
1.0

388.5
1.0
1.0

407.25
1.0
1.0

459.75
1.0
1.0

486.0
1.0
1.0

504.0
1.0
1.0

515.25
1.0
1.0

540.75
1.0
1.0

576.75
1.0
1.0

594.0
1.0
1.0

612.75
1.0
1.0

623.25
1.0
1.0

630.75
1.0
1.0

650.25
1.0
1.0

658.5
1.0
1.0

677.25
1.0
1.0

694.5
1.0
1.0

