0.75
1.0
1.0

9.75
1.0
1.0

55.5
1.0
1.0

73.5
1.0
1.0

90.75
1.0
1.0

119.25
1.0
1.0

127.5
1.0
1.0

135.75
1.0
1.0

153.0
1.0
1.0

190.5
1.0
1.0

207.75
1.0
1.0

217.5
1.0
1.0

227.25
1.0
1.0

245.25
1.0
1.0

279.0
1.0
1.0

297.0
1.0
1.0

306.75
1.0
1.0

326.25
1.0
1.0

353.25
1.0
1.0

360.75
1.0
1.0

387.75
1.0
1.0

398.25
1.0
1.0

423.0
1.0
1.0

433.5
1.0
1.0

459.0
1.0
1.0

468.75
1.0
1.0

504.75
1.0
1.0

515.25
1.0
1.0

568.5
1.0
1.0

576.0
1.0
1.0

585.75
1.0
1.0

594.75
1.0
1.0

621.0
1.0
1.0

639.75
1.0
1.0

684.75
1.0
1.0

702.0
1.0
1.0

