298.5
1.0
1.0

315.75
1.0
1.0

333.0
1.0
1.0

360.0
1.0
1.0

378.0
1.0
1.0

388.5
1.0
1.0

405.75
1.0
1.0

415.5
1.0
1.0

443.25
1.0
1.0

495.0
1.0
1.0

505.5
1.0
1.0

513.0
1.0
1.0

558.0
1.0
1.0

576.0
1.0
1.0

612.0
1.0
1.0

649.5
1.0
1.0

659.25
1.0
1.0

666.75
1.0
1.0

676.5
1.0
1.0

702.75
1.0
1.0

730.5
1.0
1.0

738.75
1.0
1.0

766.5
1.0
1.0

810.75
1.0
1.0

829.5
1.0
1.0

837.0
1.0
1.0

864.0
1.0
1.0

873.75
1.0
1.0

900.0
1.0
1.0

911.25
1.0
1.0

919.5
1.0
1.0

927.0
1.0
1.0

947.25
1.0
1.0

954.75
1.0
1.0

963.75
1.0
1.0

991.5
1.0
1.0

1000.5
1.0
1.0

1035.0
1.0
1.0

1089.75
1.0
1.0

1098.0
1.0
1.0

1108.5
1.0
1.0

1118.25
1.0
1.0

1161.75
1.0
1.0

1181.25
1.0
1.0

1190.25
1.0
1.0

1197.0
1.0
1.0

1206.0
1.0
1.0

1225.5
1.0
1.0

1251.0
1.0
1.0

1269.0
1.0
1.0

1307.25
1.0
1.0

1325.25
1.0
1.0

1342.5
1.0
1.0

1370.25
1.0
1.0

1378.5
1.0
1.0

1387.5
1.0
1.0

1397.25
1.0
1.0

1422.75
1.0
1.0

1451.25
1.0
1.0

1468.5
1.0
1.0

1478.25
1.0
1.0

1496.25
1.0
1.0

1512.75
1.0
1.0

1530.0
1.0
1.0

1541.25
1.0
1.0

1594.5
1.0
1.0

1611.75
1.0
1.0

1630.5
1.0
1.0

1640.25
1.0
1.0

1649.25
1.0
1.0

1674.0
1.0
1.0

1703.25
1.0
1.0

