1719.0
1.0
1.0

1728.75
1.0
1.0

1836.75
1.0
1.0

1846.5
1.0
1.0

1856.25
1.0
1.0

1863.0
1.0
1.0

1909.5
1.0
1.0

1926.75
1.0
1.0

1945.5
1.0
1.0

1982.25
1.0
1.0

2000.25
1.0
1.0

2016.0
1.0
1.0

2025.75
1.0
1.0

2043.75
1.0
1.0

2079.75
1.0
1.0

2126.25
1.0
1.0

2160.0
1.0
1.0

2260.5
1.0
1.0

2269.5
1.0
1.0

2358.0
1.0
1.0

2386.5
1.0
1.0

2395.5
1.0
1.0

2432.25
1.0
1.0

2467.5
1.0
1.0

2493.0
1.0
1.0

2504.25
1.0
1.0

2512.5
1.0
1.0

2521.5
1.0
1.0

2610.75
1.0
1.0

2619.75
1.0
1.0

2682.75
1.0
1.0

2727.0
1.0
1.0

2737.5
1.0
1.0

2764.5
1.0
1.0

2792.25
1.0
1.0

2817.0
1.0
1.0

2844.75
1.0
1.0

2854.5
1.0
1.0

2881.5
1.0
1.0

2889.0
1.0
1.0

2909.25
1.0
1.0

2927.25
1.0
1.0

2943.0
1.0
1.0

2980.5
1.0
1.0

2989.5
1.0
1.0

3024.75
1.0
1.0

3087.75
1.0
1.0

3123.0
1.0
1.0

3134.25
1.0
1.0

3187.5
1.0
1.0

3223.5
1.0
1.0

3258.75
1.0
1.0

3276.0
1.0
1.0

3294.0
1.0
1.0

3330.0
1.0
1.0

3339.0
1.0
1.0

