1710.0
1.0
1.0

1820.25
1.0
1.0

1874.25
1.0
1.0

1962.0
1.0
1.0

1989.75
1.0
1.0

2072.25
1.0
1.0

2080.5
1.0
1.0

2090.25
1.0
1.0

2106.0
1.0
1.0

2126.25
1.0
1.0

2142.75
1.0
1.0

2153.25
1.0
1.0

2170.5
1.0
1.0

2188.5
1.0
1.0

2197.5
1.0
1.0

2216.25
1.0
1.0

2250.75
1.0
1.0

2286.75
1.0
1.0

2323.5
1.0
1.0

2376.75
1.0
1.0

2396.25
1.0
1.0

2421.0
1.0
1.0

2439.0
1.0
1.0

2448.0
1.0
1.0

2468.25
1.0
1.0

2477.25
1.0
1.0

2520.0
1.0
1.0

2530.5
1.0
1.0

2620.5
1.0
1.0

2646.75
1.0
1.0

2656.5
1.0
1.0

2673.75
1.0
1.0

2720.25
1.0
1.0

2736.0
1.0
1.0

2754.75
1.0
1.0

2772.75
1.0
1.0

2801.25
1.0
1.0

2808.75
1.0
1.0

2828.25
1.0
1.0

2853.75
1.0
1.0

2873.25
1.0
1.0

2907.75
1.0
1.0

2925.0
1.0
1.0

3043.5
1.0
1.0

3061.5
1.0
1.0

3069.75
1.0
1.0

3106.5
1.0
1.0

3132.0
1.0
1.0

3141.0
1.0
1.0

3161.25
1.0
1.0

3177.75
1.0
1.0

3186.75
1.0
1.0

3195.0
1.0
1.0

3285.0
1.0
1.0

3330.75
1.0
1.0

3348.0
1.0
1.0

