288.0
1.0
1.0

306.0
1.0
1.0

326.25
1.0
1.0

343.5
1.0
1.0

352.5
1.0
1.0

369.75
1.0
1.0

424.5
1.0
1.0

434.25
1.0
1.0

450.0
1.0
1.0

461.25
1.0
1.0

468.0
1.0
1.0

488.25
1.0
1.0

522.0
1.0
1.0

531.75
1.0
1.0

542.25
1.0
1.0

549.75
1.0
1.0

585.0
1.0
1.0

596.25
1.0
1.0

603.0
1.0
1.0

621.0
1.0
1.0

641.25
1.0
1.0

686.25
1.0
1.0

693.75
1.0
1.0

721.5
1.0
1.0

747.75
1.0
1.0

757.5
1.0
1.0

775.5
1.0
1.0

785.25
1.0
1.0

794.25
1.0
1.0

801.75
1.0
1.0

846.0
1.0
1.0

855.0
1.0
1.0

883.5
1.0
1.0

938.25
1.0
1.0

972.75
1.0
1.0

981.0
1.0
1.0

1010.25
1.0
1.0

1019.25
1.0
1.0

1028.25
1.0
1.0

1053.0
1.0
1.0

1062.75
1.0
1.0

1072.5
1.0
1.0

1080.0
1.0
1.0

1127.25
1.0
1.0

1143.0
1.0
1.0

1154.25
1.0
1.0

1171.5
1.0
1.0

1216.5
1.0
1.0

1235.25
1.0
1.0

1242.0
1.0
1.0

1278.0
1.0
1.0

1288.5
1.0
1.0

1296.75
1.0
1.0

1316.25
1.0
1.0

1332.0
1.0
1.0

1352.25
1.0
1.0

1404.0
1.0
1.0

1415.25
1.0
1.0

1432.5
1.0
1.0

1459.5
1.0
1.0

1487.25
1.0
1.0

1503.75
1.0
1.0

1549.5
1.0
1.0

1559.25
1.0
1.0

1566.75
1.0
1.0

1575.75
1.0
1.0

1604.25
1.0
1.0

1620.0
1.0
1.0

1658.25
1.0
1.0

1666.5
1.0
1.0

1683.75
1.0
1.0

1692.0
1.0
1.0

