364.25
1.5
1.0

416.75
1.5
1.0

436.25
1.5
1.0

481.25
1.5
1.0

490.25
1.5
1.0

499.25
1.5
1.0

553.25
1.5
1.0

605.75
1.5
1.0

623.75
1.5
1.0

635.0
1.5
1.0

734.0
1.5
1.0

753.5
1.5
1.0

785.0
1.5
1.0

830.0
1.5
1.0

851.75
1.5
1.0

932.0
1.5
1.0

941.0
1.5
1.0

995.0
1.5
1.0

1103.0
1.5
1.0

1111.25
1.5
1.0

1163.75
1.5
1.0

1193.75
1.5
1.0

1200.5
1.5
1.0

1256.0
1.5
1.0

1280.75
1.5
1.0

1316.75
1.5
1.0

1325.75
1.5
1.0

1410.5
1.5
1.0

1415.75
1.5
1.0

1434.5
1.5
1.0

1470.5
1.5
1.0

1505.75
1.5
1.0

1589.75
1.5
1.0

1595.75
1.5
1.0

1687.25
1.5
1.0

1706.75
1.5
1.0

