293.75
1.5
1.0

354.5
1.5
1.0

374.75
1.5
1.0

383.0
1.5
1.0

401.75
1.5
1.0

408.5
1.5
1.0

428.0
1.5
1.0

453.5
1.5
1.0

517.25
1.5
1.0

596.0
1.5
1.0

688.25
1.5
1.0

699.5
1.5
1.0

796.25
1.5
1.0

806.0
1.5
1.0

821.75
1.5
1.0

839.75
1.5
1.0

868.25
1.5
1.0

966.5
1.5
1.0

1022.0
1.5
1.0

1065.5
1.5
1.0

1122.5
1.5
1.0

1130.0
1.5
1.0

1147.25
1.5
1.0

1157.75
1.5
1.0

1211.0
1.5
1.0

1220.75
1.5
1.0

1298.75
1.5
1.0

1364.75
1.5
1.0

1454.0
1.5
1.0

1462.25
1.5
1.0

1490.0
1.5
1.0

1526.0
1.5
1.0

1554.5
1.5
1.0

1616.0
1.5
1.0

1649.75
1.5
1.0

1676.75
1.5
1.0

