301.0
2.0
1.0

409.0
2.0
1.0

524.5
2.0
1.0

535.0
2.0
1.0

589.75
2.0
1.0

607.0
2.0
1.0

643.0
2.0
1.0

661.75
2.0
1.0

694.75
2.0
1.0

705.25
2.0
1.0

740.5
2.0
1.0

759.25
2.0
1.0

775.75
2.0
1.0

796.75
2.0
1.0

802.75
2.0
1.0

903.25
2.0
1.0

959.5
2.0
1.0

965.5
2.0
1.0

1012.0
2.0
1.0

1022.5
2.0
1.0

1092.25
2.0
1.0

1101.25
2.0
1.0

1111.0
2.0
1.0

1129.75
2.0
1.0

1183.75
2.0
1.0

1236.25
2.0
1.0

1282.75
2.0
1.0

1373.5
2.0
1.0

1426.0
2.0
1.0

1488.25
2.0
1.0

1496.5
2.0
1.0

1525.0
2.0
1.0

1553.5
2.0
1.0

1568.5
2.0
1.0

1613.5
2.0
1.0

1652.5
2.0
1.0

