2027.0
4.8
1.0

2037.0
4.8
1.0

2083.0
4.8
1.0

2118.5
4.8
1.0

2126.5
4.8
1.0

2137.5
4.8
1.0

2146.5
4.8
1.0

2167.5
4.8
1.0

2185.5
4.8
1.0

2195.0
4.8
1.0

2213.5
4.8
1.0

2222.0
4.8
1.0

2233.5
4.8
1.0

2243.0
4.8
1.0

2267.0
4.8
1.0

2277.5
4.8
1.0

2286.5
4.8
1.0

2335.5
4.8
1.0

2360.5
4.8
1.0

2368.5
4.8
1.0

2378.5
4.8
1.0

2386.5
4.8
1.0

2405.5
4.8
1.0

2425.5
4.8
1.0

2435.5
4.8
1.0

2445.5
4.8
1.0

2493.0
4.8
1.0

2500.0
4.8
1.0

2519.0
4.8
1.0

2556.0
4.8
1.0

2594.5
4.8
1.0

2631.0
4.8
1.0

2650.0
4.8
1.0

2697.5
4.8
1.0

2725.0
4.8
1.0

2756.5
4.8
1.0

2775.0
4.8
1.0

2795.5
4.8
1.0

2833.5
4.8
1.0

2891.5
4.8
1.0

2900.5
4.8
1.0

2921.5
4.8
1.0

2930.0
4.8
1.0

2949.5
4.8
1.0

2958.5
4.8
1.0

2966.5
4.8
1.0

2986.5
4.8
1.0

2995.0
4.8
1.0

3002.0
4.8
1.0

3011.5
4.8
1.0

3058.5
4.8
1.0

3067.5
4.8
1.0

3087.0
4.8
1.0

3097.0
4.8
1.0

3134.0
4.8
1.0

3143.0
4.8
1.0

3161.5
4.8
1.0

3194.0
4.8
1.0

3215.0
4.8
1.0

3223.0
4.8
1.0

3276.5
4.8
1.0

3294.5
4.8
1.0

3304.0
4.8
1.0

3325.0
4.8
1.0

3332.0
4.8
1.0

3340.5
4.8
1.0

3385.0
4.8
1.0

3395.5
4.8
1.0

3415.0
4.8
1.0

3435.0
4.8
1.0

3462.0
4.8
1.0

3473.5
4.8
1.0

3482.5
4.8
1.0

3493.0
4.8
1.0

3510.0
4.8
1.0

3539.0
4.8
1.0

3549.5
4.8
1.0

3568.0
4.8
1.0

3577.0
4.8
1.0

3584.5
4.8
1.0

3592.5
4.8
1.0

3643.0
4.8
1.0

3653.0
4.8
1.0

3671.5
4.8
1.0

3698.5
4.8
1.0

3708.5
4.8
1.0

3729.0
4.8
1.0

3739.0
4.8
1.0

3748.0
4.8
1.0

3757.0
4.8
1.0

3811.0
4.8
1.0

3854.0
4.8
1.0

3890.5
4.8
1.0

3939.0
4.8
1.0

3946.5
4.8
1.0

3957.0
4.8
1.0

