81.0
4.8
1.0

89.0
4.8
1.0

126.5
4.8
1.0

147.0
4.8
1.0

156.5
4.8
1.0

177.0
4.8
1.0

233.5
4.8
1.0

243.5
4.8
1.0

262.0
4.8
1.0

318.0
4.8
1.0

326.0
4.8
1.0

354.0
4.8
1.0

371.5
4.8
1.0

390.5
4.8
1.0

410.0
4.8
1.0

480.0
4.8
1.0

548.0
4.8
1.0

556.0
4.8
1.0

614.5
4.8
1.0

715.0
4.8
1.0

753.0
4.8
1.0

800.5
4.8
1.0

819.5
4.8
1.0

838.0
4.8
1.0

846.0
4.8
1.0

890.0
4.8
1.0

916.5
4.8
1.0

968.0
4.8
1.0

1011.0
4.8
1.0

1020.5
4.8
1.0

1031.0
4.8
1.0

1041.0
4.8
1.0

1051.0
4.8
1.0

1098.0
4.8
1.0

1153.5
4.8
1.0

1172.0
4.8
1.0

1190.5
4.8
1.0

1209.0
4.8
1.0

1235.5
4.8
1.0

1255.5
4.8
1.0

1265.5
4.8
1.0

1320.0
4.8
1.0

1339.0
4.8
1.0

1349.0
4.8
1.0

1386.5
4.8
1.0

1394.0
4.8
1.0

1431.0
4.8
1.0

1450.0
4.8
1.0

1487.5
4.8
1.0

1496.0
4.8
1.0

1514.5
4.8
1.0

1543.0
4.8
1.0

1604.0
4.8
1.0

1675.0
4.8
1.0

1704.5
4.8
1.0

1744.0
4.8
1.0

1755.0
4.8
1.0

1773.0
4.8
1.0

1801.5
4.8
1.0

1811.5
4.8
1.0

1830.0
4.8
1.0

1838.0
4.8
1.0

1923.0
4.8
1.0

1951.5
4.8
1.0

