2043.3
4.8
1.0

2123.3
4.8
1.0

2132.8
4.8
1.0

2142.8
4.8
1.0

2199.8
4.8
1.0

2247.8
4.8
1.0

2291.3
4.8
1.0

2365.8
4.8
1.0

2374.3
4.8
1.0

2383.3
4.8
1.0

2440.3
4.8
1.0

2450.3
4.8
1.0

2497.8
4.8
1.0

2524.8
4.8
1.0

2599.8
4.8
1.0

2636.8
4.8
1.0

2655.8
4.8
1.0

2703.3
4.8
1.0

2761.3
4.8
1.0

2780.3
4.8
1.0

2896.3
4.8
1.0

2906.3
4.8
1.0

2991.3
4.8
1.0

2999.8
4.8
1.0

3007.8
4.8
1.0

3063.3
4.8
1.0

3092.8
4.8
1.0

3101.8
4.8
1.0

3138.8
4.8
1.0

3167.8
4.8
1.0

3219.8
4.8
1.0

3228.3
4.8
1.0

3310.3
4.8
1.0

3336.8
4.8
1.0

3390.3
4.8
1.0

3478.8
4.8
1.0

3488.8
4.8
1.0

3499.3
4.8
1.0

3572.8
4.8
1.0

3648.8
4.8
1.0

3676.3
4.8
1.0

3704.8
4.8
1.0

3714.3
4.8
1.0

3753.3
4.8
1.0

3817.3
4.8
1.0

3896.3
4.8
1.0

3943.8
4.8
1.0

3961.8
4.8
1.0

