1072.0
4.8
1.0

1091.0
4.8
1.0

1131.5
4.8
1.0

1141.0
4.8
1.0

1197.5
4.8
1.0

1246.0
4.8
1.0

1266.5
4.8
1.0

1277.0
4.8
1.0

1363.5
4.8
1.0

1372.0
4.8
1.0

1388.5
4.8
1.0

1408.5
4.8
1.0

1416.5
4.8
1.0

1436.0
4.8
1.0

1452.0
4.8
1.0

1481.0
4.8
1.0

1491.0
4.8
1.0

1547.0
4.8
1.0

1557.0
4.8
1.0

1623.5
4.8
1.0

1659.5
4.8
1.0

1678.0
4.8
1.0

1697.0
4.8
1.0

1717.5
4.8
1.0

1779.5
4.8
1.0

1815.5
4.8
1.0

1860.5
4.8
1.0

1929.5
4.8
1.0

1939.5
4.8
1.0

1949.5
4.8
1.0

2002.0
4.8
1.0

2010.5
4.8
1.0

