1719.0
1.0
1.0

1755.0
1.0
1.0

1765.5
1.0
1.0

1800.75
1.0
1.0

1810.5
1.0
1.0

1820.25
1.0
1.0

1836.75
1.0
1.0

1899.0
1.0
1.0

1962.75
1.0
1.0

1982.25
1.0
1.0

1999.5
1.0
1.0

2009.25
1.0
1.0

2034.75
1.0
1.0

2061.75
1.0
1.0

2070.75
1.0
1.0

2089.5
1.0
1.0

2142.0
1.0
1.0

2216.25
1.0
1.0

2225.25
1.0
1.0

2322.75
1.0
1.0

2340.75
1.0
1.0

2403.75
1.0
1.0

2430.75
1.0
1.0

2450.25
1.0
1.0

2466.0
1.0
1.0

2495.25
1.0
1.0

2504.25
1.0
1.0

2513.25
1.0
1.0

2538.0
1.0
1.0

2565.75
1.0
1.0

2575.5
1.0
1.0

2637.0
1.0
1.0

2693.25
1.0
1.0

2728.5
1.0
1.0

2781.75
1.0
1.0

2800.5
1.0
1.0

2882.25
1.0
1.0

2907.0
1.0
1.0

2926.5
1.0
1.0

2945.25
1.0
1.0

2971.5
1.0
1.0

2990.25
1.0
1.0

2999.25
1.0
1.0

3026.25
1.0
1.0

3079.5
1.0
1.0

3089.25
1.0
1.0

3096.0
1.0
1.0

3124.5
1.0
1.0

3142.5
1.0
1.0

3186.0
1.0
1.0

3213.0
1.0
1.0

3222.0
1.0
1.0

3251.25
1.0
1.0

3294.0
1.0
1.0

3339.0
1.0
1.0

3350.25
1.0
1.0

