1719.0
1.0
1.0

1755.75
1.0
1.0

1764.0
1.0
1.0

1793.25
1.0
1.0

1837.5
1.0
1.0

1953.0
1.0
1.0

1998.75
1.0
1.0

2018.25
1.0
1.0

2026.5
1.0
1.0

2045.25
1.0
1.0

2062.5
1.0
1.0

2108.25
1.0
1.0

2115.75
1.0
1.0

2151.0
1.0
1.0

2171.25
1.0
1.0

2198.25
1.0
1.0

2216.25
1.0
1.0

2252.25
1.0
1.0

2315.25
1.0
1.0

2322.0
1.0
1.0

2386.5
1.0
1.0

2405.25
1.0
1.0

2431.5
1.0
1.0

2466.75
1.0
1.0

2475.0
1.0
1.0

2484.75
1.0
1.0

2521.5
1.0
1.0

2530.5
1.0
1.0

2601.0
1.0
1.0

2637.75
1.0
1.0

2664.0
1.0
1.0

2673.0
1.0
1.0

2710.5
1.0
1.0

2763.75
1.0
1.0

2783.25
1.0
1.0

2799.0
1.0
1.0

2809.5
1.0
1.0

2819.25
1.0
1.0

2844.75
1.0
1.0

2873.25
1.0
1.0

2891.25
1.0
1.0

2900.25
1.0
1.0

2907.75
1.0
1.0

2961.0
1.0
1.0

2970.0
1.0
1.0

2999.25
1.0
1.0

3078.0
1.0
1.0

3114.75
1.0
1.0

3141.0
1.0
1.0

3159.0
1.0
1.0

3204.0
1.0
1.0

3214.5
1.0
1.0

3232.5
1.0
1.0

3258.75
1.0
1.0

3340.5
1.0
1.0

3350.25
1.0
1.0

