288.75
1.0
1.0

316.5
1.0
1.0

351.75
1.0
1.0

360.75
1.0
1.0

370.5
1.0
1.0

389.25
1.0
1.0

397.5
1.0
1.0

405.0
1.0
1.0

459.75
1.0
1.0

468.0
1.0
1.0

478.5
1.0
1.0

486.0
1.0
1.0

504.75
1.0
1.0

532.5
1.0
1.0

542.25
1.0
1.0

569.25
1.0
1.0

585.75
1.0
1.0

596.25
1.0
1.0

613.5
1.0
1.0

623.25
1.0
1.0

677.25
1.0
1.0

711.0
1.0
1.0

749.25
1.0
1.0

756.75
1.0
1.0

776.25
1.0
1.0

783.75
1.0
1.0

821.25
1.0
1.0

830.25
1.0
1.0

837.75
1.0
1.0

857.25
1.0
1.0

865.5
1.0
1.0

891.0
1.0
1.0

938.25
1.0
1.0

965.25
1.0
1.0

982.5
1.0
1.0

992.25
1.0
1.0

1008.0
1.0
1.0

1055.25
1.0
1.0

1072.5
1.0
1.0

1091.25
1.0
1.0

1109.25
1.0
1.0

1127.25
1.0
1.0

1145.25
1.0
1.0

1179.75
1.0
1.0

1190.25
1.0
1.0

1206.0
1.0
1.0

1224.0
1.0
1.0

1234.5
1.0
1.0

1244.25
1.0
1.0

1251.0
1.0
1.0

1297.5
1.0
1.0

1306.5
1.0
1.0

1350.75
1.0
1.0

1369.5
1.0
1.0

1379.25
1.0
1.0

1386.75
1.0
1.0

1440.75
1.0
1.0

1458.75
1.0
1.0

1469.25
1.0
1.0

1478.25
1.0
1.0

1485.0
1.0
1.0

1513.5
1.0
1.0

1521.75
1.0
1.0

1568.25
1.0
1.0

1584.0
1.0
1.0

1593.0
1.0
1.0

1602.75
1.0
1.0

1622.25
1.0
1.0

1631.25
1.0
1.0

1640.25
1.0
1.0

1683.75
1.0
1.0

1692.75
1.0
1.0

