298.75
2.0
1.0

328.0
2.0
1.0

335.5
2.0
1.0

388.75
2.0
1.0

418.0
2.0
1.0

454.75
2.0
1.0

498.25
2.0
1.0

508.75
2.0
1.0

553.75
2.0
1.0

559.75
2.0
1.0

633.25
2.0
1.0

652.0
2.0
1.0

679.75
2.0
1.0

706.75
2.0
1.0

766.75
2.0
1.0

832.75
2.0
1.0

878.5
2.0
1.0

905.5
2.0
1.0

1000.75
2.0
1.0

1014.25
2.0
1.0

1037.5
2.0
1.0

1093.0
2.0
1.0

1137.25
2.0
1.0

1144.75
2.0
1.0

1172.5
2.0
1.0

1185.25
2.0
1.0

1209.25
2.0
1.0

1255.75
2.0
1.0

1291.0
2.0
1.0

1299.25
2.0
1.0

1433.5
2.0
1.0

1468.75
2.0
1.0

1534.0
2.0
1.0

1552.75
2.0
1.0

1613.5
2.0
1.0

1659.25
2.0
1.0

