88.0
4.8
1.0

142.5
4.8
1.0

182.0
4.8
1.0

208.5
4.8
1.0

229.5
4.8
1.0

259.5
4.8
1.0

276.5
4.8
1.0

295.0
4.8
1.0

311.0
4.8
1.0

339.0
4.8
1.0

348.5
4.8
1.0

394.0
4.8
1.0

476.0
4.8
1.0

504.0
4.8
1.0

520.0
4.8
1.0

547.0
4.8
1.0

557.5
4.8
1.0

576.0
4.8
1.0

585.0
4.8
1.0

595.0
4.8
1.0

604.0
4.8
1.0

644.0
4.8
1.0

663.0
4.8
1.0

671.0
4.8
1.0

680.0
4.8
1.0

771.0
4.8
1.0

799.5
4.8
1.0

818.5
4.8
1.0

827.5
4.8
1.0

962.5
4.8
1.0

982.5
4.8
1.0

1011.0
4.8
1.0

2028.0
4.8
1.0

2047.5
4.8
1.0

2057.0
4.8
1.0

2066.0
4.8
1.0

2085.5
4.8
1.0

2105.5
4.8
1.0

2142.5
4.8
1.0

2189.0
4.8
1.0

2309.5
4.8
1.0

2374.0
4.8
1.0

2383.0
4.8
1.0

2412.5
4.8
1.0

2420.5
4.8
1.0

2447.5
4.8
1.0

2456.0
4.8
1.0

2510.5
4.8
1.0

2520.5
4.8
1.0

2538.0
4.8
1.0

2556.5
4.8
1.0

2585.0
4.8
1.0

2592.5
4.8
1.0

2673.0
4.8
1.0

2697.5
4.8
1.0

2716.5
4.8
1.0

2793.5
4.8
1.0

2831.0
4.8
1.0

2872.0
4.8
1.0

2901.5
4.8
1.0

2918.5
4.8
1.0

2929.0
4.8
1.0

2948.0
4.8
1.0

2974.5
4.8
1.0

