1058.0
4.8
1.0

1067.5
4.8
1.0

1076.0
4.8
1.0

1112.0
4.8
1.0

1130.0
4.8
1.0

1138.5
4.8
1.0

1149.5
4.8
1.0

1186.5
4.8
1.0

1194.5
4.8
1.0

1228.5
4.8
1.0

1256.0
4.8
1.0

1265.5
4.8
1.0

1313.5
4.8
1.0

1332.5
4.8
1.0

1341.5
4.8
1.0

1359.0
4.8
1.0

1394.5
4.8
1.0

1412.0
4.8
1.0

1423.0
4.8
1.0

1468.0
4.8
1.0

1476.0
4.8
1.0

1485.0
4.8
1.0

1521.0
4.8
1.0

1549.0
4.8
1.0

1559.5
4.8
1.0

1568.0
4.8
1.0

1589.5
4.8
1.0

1608.5
4.8
1.0

1616.0
4.8
1.0

1633.0
4.8
1.0

1650.0
4.8
1.0

1679.0
4.8
1.0

1695.0
4.8
1.0

1705.0
4.8
1.0

1725.5
4.8
1.0

1744.5
4.8
1.0

1772.5
4.8
1.0

1793.5
4.8
1.0

1813.0
4.8
1.0

1830.0
4.8
1.0

1839.5
4.8
1.0

1893.5
4.8
1.0

1903.0
4.8
1.0

1913.0
4.8
1.0

1941.5
4.8
1.0

1951.5
4.8
1.0

1990.0
4.8
1.0

1999.0
4.8
1.0

2992.0
4.8
1.0

3002.0
4.8
1.0

3041.5
4.8
1.0

3050.0
4.8
1.0

3096.0
4.8
1.0

3104.5
4.8
1.0

3143.5
4.8
1.0

3153.5
4.8
1.0

3162.0
4.8
1.0

3171.0
4.8
1.0

3207.5
4.8
1.0

3224.0
4.8
1.0

3235.0
4.8
1.0

3244.5
4.8
1.0

3262.5
4.8
1.0

3280.0
4.8
1.0

3298.0
4.8
1.0

3307.5
4.8
1.0

3363.0
4.8
1.0

3370.0
4.8
1.0

3379.5
4.8
1.0

3408.5
4.8
1.0

3424.5
4.8
1.0

3449.0
4.8
1.0

3459.5
4.8
1.0

3516.0
4.8
1.0

3527.5
4.8
1.0

3547.0
4.8
1.0

3567.0
4.8
1.0

3586.5
4.8
1.0

3604.5
4.8
1.0

3648.0
4.8
1.0

3657.0
4.8
1.0

3667.0
4.8
1.0

3687.5
4.8
1.0

3696.0
4.8
1.0

3736.5
4.8
1.0

3744.0
4.8
1.0

3753.5
4.8
1.0

3790.5
4.8
1.0

3816.0
4.8
1.0

3835.0
4.8
1.0

3845.0
4.8
1.0

3854.5
4.8
1.0

3894.0
4.8
1.0

3904.0
4.8
1.0

3915.5
4.8
1.0

3951.5
4.8
1.0

