10.5
1.0
1.0

27.0
1.0
1.0

54.0
1.0
1.0

65.25
1.0
1.0

72.75
1.0
1.0

81.0
1.0
1.0

92.25
1.0
1.0

119.25
1.0
1.0

126.75
1.0
1.0

145.5
1.0
1.0

164.25
1.0
1.0

227.25
1.0
1.0

253.5
1.0
1.0

261.75
1.0
1.0

306.75
1.0
1.0

324.75
1.0
1.0

335.25
1.0
1.0

351.0
1.0
1.0

360.75
1.0
1.0

378.75
1.0
1.0

387.0
1.0
1.0

398.25
1.0
1.0

452.25
1.0
1.0

486.0
1.0
1.0

522.0
1.0
1.0

531.0
1.0
1.0

549.75
1.0
1.0

568.5
1.0
1.0

623.25
1.0
1.0

632.25
1.0
1.0

639.0
1.0
1.0

648.0
1.0
1.0

666.0
1.0
1.0

675.75
1.0
1.0

694.5
1.0
1.0

703.5
1.0
1.0

