1345.0
4.8
1.0

1365.0
4.8
1.0

1374.5
4.8
1.0

1384.0
4.8
1.0

1392.0
4.8
1.0

1421.0
4.8
1.0

1440.0
4.8
1.0

1457.0
4.8
1.0

1466.0
4.8
1.0

1493.5
4.8
1.0

1541.0
4.8
1.0

1579.5
4.8
1.0

1628.0
4.8
1.0

1646.5
4.8
1.0

1664.5
4.8
1.0

1683.5
4.8
1.0

1692.0
4.8
1.0

1737.5
4.8
1.0

1757.5
4.8
1.0

1954.5
4.8
1.0

1964.5
4.8
1.0

1975.0
4.8
1.0

2019.5
4.8
1.0

2028.0
4.8
1.0

2038.0
4.8
1.0

2057.0
4.8
1.0

2075.5
4.8
1.0

2112.0
4.8
1.0

2120.5
4.8
1.0

2159.0
4.8
1.0

2176.5
4.8
1.0

2187.0
4.8
1.0

