9.0
1.0
1.0

18.0
1.0
1.0

27.75
1.0
1.0

83.25
1.0
1.0

101.25
1.0
1.0

110.25
1.0
1.0

117.75
1.0
1.0

162.75
1.0
1.0

182.25
1.0
1.0

208.5
1.0
1.0

227.25
1.0
1.0

236.25
1.0
1.0

253.5
1.0
1.0

261.75
1.0
1.0

280.5
1.0
1.0

297.75
1.0
1.0

306.0
1.0
1.0

317.25
1.0
1.0

342.0
1.0
1.0

362.25
1.0
1.0

414.75
1.0
1.0

450.0
1.0
1.0

459.75
1.0
1.0

470.25
1.0
1.0

477.75
1.0
1.0

522.0
1.0
1.0

532.5
1.0
1.0

550.5
1.0
1.0

576.0
1.0
1.0

585.0
1.0
1.0

603.0
1.0
1.0

640.5
1.0
1.0

648.75
1.0
1.0

666.0
1.0
1.0

677.25
1.0
1.0

693.75
1.0
1.0

702.0
1.0
1.0

749.25
1.0
1.0

767.25
1.0
1.0

775.5
1.0
1.0

783.0
1.0
1.0

794.25
1.0
1.0

