10.5
1.0
1.0

36.75
1.0
1.0

90.75
1.0
1.0

99.75
1.0
1.0

119.25
1.0
1.0

135.75
1.0
1.0

144.75
1.0
1.0

180.75
1.0
1.0

189.75
1.0
1.0

208.5
1.0
1.0

218.25
1.0
1.0

234.0
1.0
1.0

243.75
1.0
1.0

252.75
1.0
1.0

271.5
1.0
1.0

297.75
1.0
1.0

307.5
1.0
1.0

361.5
1.0
1.0

378.0
1.0
1.0

387.75
1.0
1.0

398.25
1.0
1.0

424.5
1.0
1.0

434.25
1.0
1.0

450.75
1.0
1.0

459.0
1.0
1.0

477.75
1.0
1.0

496.5
1.0
1.0

531.75
1.0
1.0

551.25
1.0
1.0

559.5
1.0
1.0

595.5
1.0
1.0

612.75
1.0
1.0

632.25
1.0
1.0

648.0
1.0
1.0

657.0
1.0
1.0

695.25
1.0
1.0

