299.25
1.0
1.0

317.25
1.0
1.0

324.75
1.0
1.0

353.25
1.0
1.0

370.5
1.0
1.0

380.25
1.0
1.0

423.75
1.0
1.0

432.75
1.0
1.0

451.5
1.0
1.0

461.25
1.0
1.0

468.0
1.0
1.0

479.25
1.0
1.0

495.0
1.0
1.0

505.5
1.0
1.0

533.25
1.0
1.0

559.5
1.0
1.0

569.25
1.0
1.0

612.75
1.0
1.0

666.75
1.0
1.0

684.0
1.0
1.0

729.0
1.0
1.0

740.25
1.0
1.0

757.5
1.0
1.0

765.75
1.0
1.0

785.25
1.0
1.0

803.25
1.0
1.0

820.5
1.0
1.0

828.0
1.0
1.0

847.5
1.0
1.0

855.75
1.0
1.0

865.5
1.0
1.0

891.0
1.0
1.0

902.25
1.0
1.0

929.25
1.0
1.0

936.0
1.0
1.0

981.0
1.0
1.0

2655.75
1.0
1.0

2664.0
1.0
1.0

2673.0
1.0
1.0

2700.0
1.0
1.0

2747.25
1.0
1.0

2754.0
1.0
1.0

2774.25
1.0
1.0

2781.0
1.0
1.0

2801.25
1.0
1.0

2828.25
1.0
1.0

2844.0
1.0
1.0

2881.5
1.0
1.0

2889.75
1.0
1.0

2925.0
1.0
1.0

2936.25
1.0
1.0

2953.5
1.0
1.0

2990.25
1.0
1.0

2999.25
1.0
1.0

3008.25
1.0
1.0

3024.75
1.0
1.0

3042.0
1.0
1.0

3060.0
1.0
1.0

3080.25
1.0
1.0

3089.25
1.0
1.0

3105.75
1.0
1.0

3114.0
1.0
1.0

3150.75
1.0
1.0

3188.25
1.0
1.0

3213.75
1.0
1.0

3232.5
1.0
1.0

3267.75
1.0
1.0

3286.5
1.0
1.0

3304.5
1.0
1.0

3321.75
1.0
1.0

3330.0
1.0
1.0

3340.5
1.0
1.0

