1035.0
1.0
1.0

1053.0
1.0
1.0

1080.0
1.0
1.0

1109.25
1.0
1.0

1125.0
1.0
1.0

1152.0
1.0
1.0

1188.0
1.0
1.0

1207.5
1.0
1.0

1244.25
1.0
1.0

1332.75
1.0
1.0

1342.5
1.0
1.0

1377.0
1.0
1.0

1415.25
1.0
1.0

1440.75
1.0
1.0

1487.25
1.0
1.0

1504.5
1.0
1.0

1523.25
1.0
1.0

1558.5
1.0
1.0

1602.75
1.0
1.0

1612.5
1.0
1.0

1648.5
1.0
1.0

1665.75
1.0
1.0

1701.75
1.0
1.0

1721.25
1.0
1.0

1739.25
1.0
1.0

1766.25
1.0
1.0

1784.25
1.0
1.0

1819.5
1.0
1.0

1864.5
1.0
1.0

1881.75
1.0
1.0

1891.5
1.0
1.0

1928.25
1.0
1.0

1953.0
1.0
1.0

1971.0
1.0
1.0

1981.5
1.0
1.0

2007.75
1.0
1.0

2025.0
1.0
1.0

2053.5
1.0
1.0

2117.25
1.0
1.0

2133.75
1.0
1.0

2160.75
1.0
1.0

2179.5
1.0
1.0

2205.75
1.0
1.0

2242.5
1.0
1.0

2268.0
1.0
1.0

2288.25
1.0
1.0

2304.0
1.0
1.0

2331.75
1.0
1.0

2377.5
1.0
1.0

2385.75
1.0
1.0

2412.75
1.0
1.0

2502.75
1.0
1.0

2530.5
1.0
1.0

2583.0
1.0
1.0

2603.25
1.0
1.0

2629.5
1.0
1.0

