80.5
4.8
1.0

136.0
4.8
1.0

145.5
4.8
1.0

154.5
4.8
1.0

164.0
4.8
1.0

192.5
4.8
1.0

203.5
4.8
1.0

231.0
4.8
1.0

240.5
4.8
1.0

248.0
4.8
1.0

277.0
4.8
1.0

294.5
4.8
1.0

315.0
4.8
1.0

360.0
4.8
1.0

389.0
4.8
1.0

447.0
4.8
1.0

457.5
4.8
1.0

475.5
4.8
1.0

485.5
4.8
1.0

495.5
4.8
1.0

522.0
4.8
1.0

532.5
4.8
1.0

558.0
4.8
1.0

576.5
4.8
1.0

584.5
4.8
1.0

603.0
4.8
1.0

610.5
4.8
1.0

638.5
4.8
1.0

648.0
4.8
1.0

667.0
4.8
1.0

676.5
4.8
1.0

687.5
4.8
1.0

704.5
4.8
1.0

754.5
4.8
1.0

774.0
4.8
1.0

782.0
4.8
1.0

793.5
4.8
1.0

812.0
4.8
1.0

820.0
4.8
1.0

839.5
4.8
1.0

848.5
4.8
1.0

888.5
4.8
1.0

914.5
4.8
1.0

973.0
4.8
1.0

983.0
4.8
1.0

1020.0
4.8
1.0

1031.5
4.8
1.0

1040.0
4.8
1.0

2050.0
4.8
1.0

2058.0
4.8
1.0

2075.5
4.8
1.0

2094.5
4.8
1.0

2103.0
4.8
1.0

2112.5
4.8
1.0

2166.5
4.8
1.0

2213.0
4.8
1.0

2221.0
4.8
1.0

2231.5
4.8
1.0

2268.0
4.8
1.0

2277.0
4.8
1.0

2286.5
4.8
1.0

2343.5
4.8
1.0

2361.5
4.8
1.0

2371.0
4.8
1.0

2406.5
4.8
1.0

2434.5
4.8
1.0

2443.0
4.8
1.0

2453.0
4.8
1.0

2506.5
4.8
1.0

2517.0
4.8
1.0

2526.5
4.8
1.0

2534.0
4.8
1.0

2550.0
4.8
1.0

2561.5
4.8
1.0

2589.5
4.8
1.0

2626.5
4.8
1.0

2643.5
4.8
1.0

2653.0
4.8
1.0

2660.5
4.8
1.0

2678.0
4.8
1.0

2706.5
4.8
1.0

2732.0
4.8
1.0

2753.5
4.8
1.0

2788.5
4.8
1.0

2798.5
4.8
1.0

2852.5
4.8
1.0

2881.0
4.8
1.0

2889.5
4.8
1.0

2899.0
4.8
1.0

2908.5
4.8
1.0

2936.5
4.8
1.0

2944.0
4.8
1.0

2955.5
4.8
1.0

2973.5
4.8
1.0

2982.0
4.8
1.0

2993.0
4.8
1.0

