1010.25
1.0
1.0

1080.0
1.0
1.0

1100.25
1.0
1.0

1109.25
1.0
1.0

1143.75
1.0
1.0

1170.75
1.0
1.0

1180.5
1.0
1.0

1224.75
1.0
1.0

1242.75
1.0
1.0

1332.75
1.0
1.0

1359.0
1.0
1.0

1368.75
1.0
1.0

1388.25
1.0
1.0

1413.0
1.0
1.0

1459.5
1.0
1.0

1505.25
1.0
1.0

1521.0
1.0
1.0

1540.5
1.0
1.0

1550.25
1.0
1.0

1594.5
1.0
1.0

1621.5
1.0
1.0

1638.0
1.0
1.0

1665.0
1.0
1.0

1693.5
1.0
1.0

1720.5
1.0
1.0

1737.75
1.0
1.0

1809.0
1.0
1.0

1818.75
1.0
1.0

1837.5
1.0
1.0

1900.5
1.0
1.0

1919.25
1.0
1.0

1971.75
1.0
1.0

1980.0
1.0
1.0

2009.25
1.0
1.0

2034.75
1.0
1.0

2063.25
1.0
1.0

2079.0
1.0
1.0

2116.5
1.0
1.0

2134.5
1.0
1.0

2178.0
1.0
1.0

2224.5
1.0
1.0

2242.5
1.0
1.0

2259.75
1.0
1.0

2323.5
1.0
1.0

2349.0
1.0
1.0

2378.25
1.0
1.0

2395.5
1.0
1.0

2403.0
1.0
1.0

2440.5
1.0
1.0

2468.25
1.0
1.0

2529.75
1.0
1.0

2538.0
1.0
1.0

2556.75
1.0
1.0

2583.0
1.0
1.0

2628.0
1.0
1.0

2639.25
1.0
1.0

