1228.8
1.5
1.0

1248.3
1.5
1.0

1410.8
1.5
1.0

1469.3
1.5
1.0

1487.8
1.5
1.0

1708.8
1.5
1.0

1752.8
1.5
1.0

1829.3
1.5
1.0

1876.3
1.5
1.0

1951.8
1.5
1.0

2014.3
1.5
1.0

2034.3
1.5
1.0

2091.8
1.5
1.0

2107.3
1.5
1.0

2146.3
1.5
1.0

2185.3
1.5
1.0

3242.8
1.5
1.0

3335.8
1.5
1.0

3394.8
1.5
1.0

3497.8
1.5
1.0

3534.3
1.5
1.0

3578.3
1.5
1.0

3597.8
1.5
1.0

3617.3
1.5
1.0

3654.8
1.5
1.0

3693.3
1.5
1.0

3702.3
1.5
1.0

3777.8
1.5
1.0

3874.8
1.5
1.0

3946.3
1.5
1.0

4055.8
1.5
1.0

4064.8
1.5
1.0

