1082.3
1.5
1.0

1135.8
1.5
1.0

1164.3
1.5
1.0

1190.8
1.5
1.0

1229.3
1.5
1.0

1246.8
1.5
1.0

1469.8
1.5
1.0

1544.8
1.5
1.0

1555.3
1.5
1.0

1564.8
1.5
1.0

1583.8
1.5
1.0

1659.8
1.5
1.0

1713.8
1.5
1.0

1881.8
1.5
1.0

1968.3
1.5
1.0

1986.3
1.5
1.0

3071.3
1.5
1.0

3187.8
1.5
1.0

3229.3
1.5
1.0

3297.8
1.5
1.0

3325.8
1.5
1.0

3392.3
1.5
1.0

3470.8
1.5
1.0

3480.8
1.5
1.0

3488.8
1.5
1.0

3611.3
1.5
1.0

3638.3
1.5
1.0

3758.8
1.5
1.0

3803.3
1.5
1.0

3819.8
1.5
1.0

3930.8
1.5
1.0

3940.8
1.5
1.0

