236.75
1.5
1.0

275.75
1.5
1.0

281.0
1.5
1.0

302.0
1.5
1.0

346.25
1.5
1.0

398.75
1.5
1.0

445.25
1.5
1.0

480.5
1.5
1.0

499.25
1.5
1.0

509.0
1.5
1.0

517.25
1.5
1.0

554.0
1.5
1.0

668.0
1.5
1.0

707.0
1.5
1.0

752.0
1.5
1.0

777.5
1.5
1.0

822.5
1.5
1.0

857.0
1.5
1.0

869.0
1.5
1.0

876.5
1.5
1.0

932.75
1.5
1.0

2696.0
1.5
1.0

2705.0
1.5
1.0

2776.25
1.5
1.0

2801.75
1.5
1.0

2829.5
1.5
1.0

2837.75
1.5
1.0

2928.5
1.5
1.0

2956.25
1.5
1.0

3009.5
1.5
1.0

3054.5
1.5
1.0

3073.25
1.5
1.0

3101.75
1.5
1.0

3108.5
1.5
1.0

3215.75
1.5
1.0

3252.5
1.5
1.0

3298.25
1.5
1.0

3351.5
1.5
1.0

3380.0
1.5
1.0

3397.25
1.5
1.0

3487.25
1.5
1.0

3494.75
1.5
1.0

