376.8
1.5
1.0

386.8
1.5
1.0

416.3
1.5
1.0

426.8
1.5
1.0

490.8
1.5
1.0

518.3
1.5
1.0

558.8
1.5
1.0

576.8
1.5
1.0

679.3
1.5
1.0

698.3
1.5
1.0

834.3
1.5
1.0

854.8
1.5
1.0

873.8
1.5
1.0

889.3
1.5
1.0

918.8
1.5
1.0

939.8
1.5
1.0

948.3
1.5
1.0

976.3
1.5
1.0

1003.8
1.5
1.0

1012.8
1.5
1.0

1075.3
1.5
1.0

1196.3
1.5
1.0

1216.8
1.5
1.0

1281.8
1.5
1.0

2356.3
1.5
1.0

2508.3
1.5
1.0

2562.3
1.5
1.0

2593.3
1.5
1.0

2621.8
1.5
1.0

2630.3
1.5
1.0

2657.8
1.5
1.0

2666.3
1.5
1.0

2696.3
1.5
1.0

2750.8
1.5
1.0

2771.3
1.5
1.0

2808.8
1.5
1.0

2837.8
1.5
1.0

2872.8
1.5
1.0

2915.8
1.5
1.0

2961.8
1.5
1.0

2991.3
1.5
1.0

3000.3
1.5
1.0

3037.3
1.5
1.0

3108.8
1.5
1.0

3127.3
1.5
1.0

3172.3
1.5
1.0

3231.8
1.5
1.0

3268.8
1.5
1.0

