1361.8
1.5
1.0

1401.3
1.5
1.0

1506.3
1.5
1.0

1559.8
1.5
1.0

1568.3
1.5
1.0

1672.3
1.5
1.0

1690.3
1.5
1.0

1698.8
1.5
1.0

1790.8
1.5
1.0

1799.3
1.5
1.0

1885.8
1.5
1.0

1931.8
1.5
1.0

2005.8
1.5
1.0

2044.8
1.5
1.0

2082.8
1.5
1.0

2127.3
1.5
1.0

3199.8
1.5
1.0

3291.3
1.5
1.0

3404.3
1.5
1.0

3432.3
1.5
1.0

3543.8
1.5
1.0

3561.8
1.5
1.0

3606.3
1.5
1.0

3644.3
1.5
1.0

3883.3
1.5
1.0

3900.8
1.5
1.0

3970.8
1.5
1.0

3991.3
1.5
1.0

4000.8
1.5
1.0

4075.3
1.5
1.0

4123.8
1.5
1.0

4143.3
1.5
1.0

