1073.3
1.5
1.0

1111.8
1.5
1.0

1210.3
1.5
1.0

1369.3
1.5
1.0

1389.3
1.5
1.0

1489.3
1.5
1.0

1526.3
1.5
1.0

1649.3
1.5
1.0

1722.8
1.5
1.0

1788.3
1.5
1.0

1834.8
1.5
1.0

1844.3
1.5
1.0

1854.3
1.5
1.0

1863.3
1.5
1.0

1929.8
1.5
1.0

2006.8
1.5
1.0

3087.3
1.5
1.0

3158.3
1.5
1.0

3220.8
1.5
1.0

3263.8
1.5
1.0

3271.8
1.5
1.0

3281.3
1.5
1.0

3317.3
1.5
1.0

3343.8
1.5
1.0

3412.8
1.5
1.0

3553.8
1.5
1.0

3582.3
1.5
1.0

3629.3
1.5
1.0

3667.3
1.5
1.0

3811.3
1.5
1.0

3886.3
1.5
1.0

3913.3
1.5
1.0

