1092.8
1.5
1.0

1154.8
1.5
1.0

1200.8
1.5
1.0

1291.8
1.5
1.0

1331.8
1.5
1.0

1406.8
1.5
1.0

1423.8
1.5
1.0

1430.8
1.5
1.0

1440.3
1.5
1.0

1506.3
1.5
1.0

1602.8
1.5
1.0

1732.8
1.5
1.0

1771.3
1.5
1.0

1779.3
1.5
1.0

1825.8
1.5
1.0

1948.8
1.5
1.0

3096.3
1.5
1.0

3114.8
1.5
1.0

3166.8
1.5
1.0

3176.3
1.5
1.0

3212.3
1.5
1.0

3289.8
1.5
1.0

3423.3
1.5
1.0

3432.3
1.5
1.0

3516.8
1.5
1.0

3573.3
1.5
1.0

3648.3
1.5
1.0

3749.8
1.5
1.0

3838.3
1.5
1.0

3849.3
1.5
1.0

3859.3
1.5
1.0

3960.3
1.5
1.0

