1039.0
4.8
1.0

1048.5
4.8
1.0

1066.0
4.8
1.0

1085.5
4.8
1.0

1104.0
4.8
1.0

1124.0
4.8
1.0

1154.0
4.8
1.0

1181.0
4.8
1.0

1190.0
4.8
1.0

1201.0
4.8
1.0

1217.0
4.8
1.0

1244.5
4.8
1.0

1255.5
4.8
1.0

1274.5
4.8
1.0

1285.0
4.8
1.0

1295.0
4.8
1.0

1305.5
4.8
1.0

1362.0
4.8
1.0

1381.0
4.8
1.0

1391.0
4.8
1.0

1401.5
4.8
1.0

1428.0
4.8
1.0

1467.0
4.8
1.0

1477.5
4.8
1.0

1514.0
4.8
1.0

1532.0
4.8
1.0

1550.5
4.8
1.0

1587.0
4.8
1.0

1631.0
4.8
1.0

1639.5
4.8
1.0

1679.5
4.8
1.0

1706.5
4.8
1.0

1732.5
4.8
1.0

1780.5
4.8
1.0

1798.0
4.8
1.0

1806.5
4.8
1.0

1815.5
4.8
1.0

1834.5
4.8
1.0

1852.0
4.8
1.0

1862.5
4.8
1.0

1870.0
4.8
1.0

1895.0
4.8
1.0

1933.5
4.8
1.0

1953.5
4.8
1.0

1963.5
4.8
1.0

1973.5
4.8
1.0

1993.5
4.8
1.0

2013.5
4.8
1.0

3007.5
4.8
1.0

3025.5
4.8
1.0

3045.0
4.8
1.0

3074.0
4.8
1.0

3090.0
4.8
1.0

3099.5
4.8
1.0

3108.5
4.8
1.0

3128.5
4.8
1.0

3146.5
4.8
1.0

3155.5
4.8
1.0

3164.0
4.8
1.0

3173.5
4.8
1.0

3192.5
4.8
1.0

3213.5
4.8
1.0

3232.5
4.8
1.0

3240.0
4.8
1.0

3259.0
4.8
1.0

3286.0
4.8
1.0

3295.0
4.8
1.0

3304.5
4.8
1.0

3313.5
4.8
1.0

3361.0
4.8
1.0

3368.0
4.8
1.0

3376.0
4.8
1.0

3412.5
4.8
1.0

3431.5
4.8
1.0

3440.0
4.8
1.0

3472.5
4.8
1.0

3482.0
4.8
1.0

3493.5
4.8
1.0

3530.5
4.8
1.0

3549.0
4.8
1.0

3566.0
4.8
1.0

3592.5
4.8
1.0

3610.0
4.8
1.0

3668.5
4.8
1.0

3694.0
4.8
1.0

3713.5
4.8
1.0

3732.0
4.8
1.0

3740.5
4.8
1.0

3748.5
4.8
1.0

3764.0
4.8
1.0

3793.0
4.8
1.0

3800.0
4.8
1.0

3816.0
4.8
1.0

3857.5
4.8
1.0

3884.5
4.8
1.0

3908.0
4.8
1.0

