1058.0
4.8
1.0

1074.5
4.8
1.0

1115.0
4.8
1.0

1135.5
4.8
1.0

1145.0
4.8
1.0

1164.5
4.8
1.0

1208.5
4.8
1.0

1226.0
4.8
1.0

1265.5
4.8
1.0

1315.0
4.8
1.0

1324.0
4.8
1.0

1333.0
4.8
1.0

1343.5
4.8
1.0

1370.5
4.8
1.0

1410.0
4.8
1.0

1419.5
4.8
1.0

1437.0
4.8
1.0

1447.5
4.8
1.0

1457.0
4.8
1.0

1496.5
4.8
1.0

1506.5
4.8
1.0

1523.0
4.8
1.0

1541.5
4.8
1.0

1559.0
4.8
1.0

1579.0
4.8
1.0

1596.0
4.8
1.0

1605.0
4.8
1.0

1612.0
4.8
1.0

1621.0
4.8
1.0

1649.0
4.8
1.0

1669.0
4.8
1.0

1688.5
4.8
1.0

1697.5
4.8
1.0

1714.5
4.8
1.0

1723.0
4.8
1.0

1742.0
4.8
1.0

1750.5
4.8
1.0

1760.5
4.8
1.0

1771.0
4.8
1.0

1790.0
4.8
1.0

1844.5
4.8
1.0

1879.0
4.8
1.0

1905.5
4.8
1.0

1915.5
4.8
1.0

1924.5
4.8
1.0

1943.0
4.8
1.0

1982.5
4.8
1.0

2003.0
4.8
1.0

2998.0
4.8
1.0

3016.5
4.8
1.0

3034.5
4.8
1.0

3054.0
4.8
1.0

3065.5
4.8
1.0

3119.5
4.8
1.0

3136.0
4.8
1.0

3182.5
4.8
1.0

3223.5
4.8
1.0

3249.5
4.8
1.0

3276.5
4.8
1.0

3322.5
4.8
1.0

3331.0
4.8
1.0

3341.5
4.8
1.0

3351.5
4.8
1.0

3384.0
4.8
1.0

3394.0
4.8
1.0

3421.0
4.8
1.0

3448.5
4.8
1.0

3456.0
4.8
1.0

3503.5
4.8
1.0

3513.0
4.8
1.0

3521.0
4.8
1.0

3557.0
4.8
1.0

3574.0
4.8
1.0

3583.5
4.8
1.0

3601.0
4.8
1.0

3620.5
4.8
1.0

3641.5
4.8
1.0

3651.5
4.8
1.0

3661.0
4.8
1.0

3679.0
4.8
1.0

3686.0
4.8
1.0

3723.5
4.8
1.0

3756.0
4.8
1.0

3772.5
4.8
1.0

3783.5
4.8
1.0

3827.5
4.8
1.0

3836.5
4.8
1.0

3847.5
4.8
1.0

3866.5
4.8
1.0

3874.5
4.8
1.0

3892.0
4.8
1.0

3900.5
4.8
1.0

3917.5
4.8
1.0

3927.0
4.8
1.0

3936.5
4.8
1.0

3945.5
4.8
1.0

