1080.8
4.8
1.0

1141.3
4.8
1.0

1169.3
4.8
1.0

1213.3
4.8
1.0

1231.3
4.8
1.0

1270.8
4.8
1.0

1328.8
4.8
1.0

1348.3
4.8
1.0

1376.8
4.8
1.0

1442.8
4.8
1.0

1452.8
4.8
1.0

1462.3
4.8
1.0

1565.3
4.8
1.0

1617.3
4.8
1.0

1626.3
4.8
1.0

1674.8
4.8
1.0

1693.8
4.8
1.0

1703.8
4.8
1.0

1719.8
4.8
1.0

1756.3
4.8
1.0

1776.8
4.8
1.0

1849.3
4.8
1.0

1910.3
4.8
1.0

1920.8
4.8
1.0

3070.8
4.8
1.0

3124.3
4.8
1.0

3188.3
4.8
1.0

3229.8
4.8
1.0

3282.8
4.8
1.0

3327.3
4.8
1.0

3347.8
4.8
1.0

3426.3
4.8
1.0

3453.8
4.8
1.0

3460.8
4.8
1.0

3509.3
4.8
1.0

3517.8
4.8
1.0

3562.8
4.8
1.0

3579.3
4.8
1.0

3588.8
4.8
1.0

3626.8
4.8
1.0

3647.8
4.8
1.0

3656.8
4.8
1.0

3690.8
4.8
1.0

3778.8
4.8
1.0

3789.8
4.8
1.0

3842.8
4.8
1.0

3852.3
4.8
1.0

3905.8
4.8
1.0

