342.75
1.0
1.0

378.75
1.0
1.0

396.75
1.0
1.0

405.75
1.0
1.0

459.0
1.0
1.0

469.5
1.0
1.0

477.0
1.0
1.0

540.0
1.0
1.0

594.75
1.0
1.0

621.75
1.0
1.0

648.0
1.0
1.0

720.75
1.0
1.0

774.75
1.0
1.0

783.0
1.0
1.0

794.25
1.0
1.0

811.5
1.0
1.0

819.0
1.0
1.0

829.5
1.0
1.0

857.25
1.0
1.0

866.25
1.0
1.0

875.25
1.0
1.0

901.5
1.0
1.0

919.5
1.0
1.0

945.75
1.0
1.0

954.75
1.0
1.0

1009.5
1.0
1.0

1035.0
1.0
1.0

1099.5
1.0
1.0

2538.75
1.0
1.0

2557.5
1.0
1.0

2584.5
1.0
1.0

2639.25
1.0
1.0

2673.75
1.0
1.0

2692.5
1.0
1.0

2728.5
1.0
1.0

2738.25
1.0
1.0

2772.0
1.0
1.0

2800.5
1.0
1.0

2817.75
1.0
1.0

2891.25
1.0
1.0

2907.0
1.0
1.0

2918.25
1.0
1.0

2934.75
1.0
1.0

2963.25
1.0
1.0

2990.25
1.0
1.0

3008.25
1.0
1.0

3024.0
1.0
1.0

3035.25
1.0
1.0

3125.25
1.0
1.0

3141.75
1.0
1.0

3151.5
1.0
1.0

3168.0
1.0
1.0

3204.75
1.0
1.0

3213.75
1.0
1.0

3250.5
1.0
1.0

3303.75
1.0
1.0

