307.5
1.0
1.0

324.75
1.0
1.0

335.25
1.0
1.0

407.25
1.0
1.0

442.5
1.0
1.0

504.0
1.0
1.0

533.25
1.0
1.0

541.5
1.0
1.0

559.5
1.0
1.0

576.0
1.0
1.0

621.0
1.0
1.0

667.5
1.0
1.0

713.25
1.0
1.0

721.5
1.0
1.0

801.75
1.0
1.0

856.5
1.0
1.0

865.5
1.0
1.0

891.0
1.0
1.0

927.0
1.0
1.0

955.5
1.0
1.0

963.0
1.0
1.0

974.25
1.0
1.0

992.25
1.0
1.0

999.75
1.0
1.0

1055.25
1.0
1.0

1062.75
1.0
1.0

1072.5
1.0
1.0

1108.5
1.0
1.0

2557.5
1.0
1.0

2602.5
1.0
1.0

2638.5
1.0
1.0

2736.75
1.0
1.0

2772.0
1.0
1.0

2790.0
1.0
1.0

2799.0
1.0
1.0

2817.75
1.0
1.0

2853.0
1.0
1.0

2871.0
1.0
1.0

2899.5
1.0
1.0

2925.75
1.0
1.0

2934.0
1.0
1.0

2944.5
1.0
1.0

2952.0
1.0
1.0

2998.5
1.0
1.0

3015.75
1.0
1.0

3042.0
1.0
1.0

3069.0
1.0
1.0

3079.5
1.0
1.0

3123.75
1.0
1.0

3141.0
1.0
1.0

3159.75
1.0
1.0

3168.75
1.0
1.0

3258.0
1.0
1.0

3267.75
1.0
1.0

3285.0
1.0
1.0

3330.0
1.0
1.0

