315.75
1.0
1.0

362.25
1.0
1.0

414.0
1.0
1.0

468.75
1.0
1.0

513.0
1.0
1.0

531.0
1.0
1.0

585.75
1.0
1.0

596.25
1.0
1.0

657.0
1.0
1.0

713.25
1.0
1.0

749.25
1.0
1.0

774.0
1.0
1.0

801.0
1.0
1.0

812.25
1.0
1.0

838.5
1.0
1.0

901.5
1.0
1.0

910.5
1.0
1.0

918.0
1.0
1.0

972.75
1.0
1.0

990.75
1.0
1.0

1008.75
1.0
1.0

1017.75
1.0
1.0

1028.25
1.0
1.0

1035.0
1.0
1.0

1063.5
1.0
1.0

1071.75
1.0
1.0

1099.5
1.0
1.0

1108.5
1.0
1.0

2565.0
1.0
1.0

2576.25
1.0
1.0

2628.0
1.0
1.0

2648.25
1.0
1.0

2674.5
1.0
1.0

2700.0
1.0
1.0

2720.25
1.0
1.0

2737.5
1.0
1.0

2747.25
1.0
1.0

2754.75
1.0
1.0

2772.75
1.0
1.0

2817.0
1.0
1.0

2836.5
1.0
1.0

2844.0
1.0
1.0

2853.0
1.0
1.0

2945.25
1.0
1.0

2954.25
1.0
1.0

2970.75
1.0
1.0

3007.5
1.0
1.0

3015.75
1.0
1.0

3042.75
1.0
1.0

3061.5
1.0
1.0

3097.5
1.0
1.0

3222.0
1.0
1.0

3278.25
1.0
1.0

3295.5
1.0
1.0

3348.75
1.0
1.0

3357.0
1.0
1.0

