1183.75
2.0
1.0

1235.5
2.0
1.0

1264.75
2.0
1.0

1409.5
2.0
1.0

1426.75
2.0
1.0

1435.0
2.0
1.0

1454.5
2.0
1.0

1480.0
2.0
1.0

1491.25
2.0
1.0

1498.75
2.0
1.0

1507.75
2.0
1.0

1543.75
2.0
1.0

1624.0
2.0
1.0

1748.5
2.0
1.0

1766.5
2.0
1.0

1795.75
2.0
1.0

1813.75
2.0
1.0

1821.25
2.0
1.0

1833.25
2.0
1.0

1994.5
2.0
1.0

2001.25
2.0
1.0

2020.0
2.0
1.0

2038.0
2.0
1.0

2058.25
2.0
1.0

2076.25
2.0
1.0

2155.0
2.0
1.0

2200.0
2.0
1.0

2297.5
2.0
1.0

2337.25
2.0
1.0

2344.0
2.0
1.0

2362.0
2.0
1.0

2395.75
2.0
1.0

2406.25
2.0
1.0

2442.25
2.0
1.0

2468.5
2.0
1.0

2505.25
2.0
1.0

