1.0
4.8
1.0

16.0
4.8
1.0

34.5
4.8
1.0

65.0
4.8
1.0

72.0
4.8
1.0

83.0
4.8
1.0

119.5
4.8
1.0

128.0
4.8
1.0

137.5
4.8
1.0

147.0
4.8
1.0

183.5
4.8
1.0

233.0
4.8
1.0

291.5
4.8
1.0

310.5
4.8
1.0

329.0
4.8
1.0

348.0
4.8
1.0

356.5
4.8
1.0

374.0
4.8
1.0

382.0
4.8
1.0

402.5
4.8
1.0

410.5
4.8
1.0

420.0
4.8
1.0

428.5
4.8
1.0

448.5
4.8
1.0

466.0
4.8
1.0

476.0
4.8
1.0

494.5
4.8
1.0

510.0
4.8
1.0

564.0
4.8
1.0

613.0
4.8
1.0

633.0
4.8
1.0

659.0
4.8
1.0

676.0
4.8
1.0

693.0
4.8
1.0

713.5
4.8
1.0

733.5
4.8
1.0

742.0
4.8
1.0

761.0
4.8
1.0

770.0
4.8
1.0

786.5
4.8
1.0

797.5
4.8
1.0

835.0
4.8
1.0

844.0
4.8
1.0

854.0
4.8
1.0

862.5
4.8
1.0

910.0
4.8
1.0

936.0
4.8
1.0

944.0
4.8
1.0

