288.0
1.0
1.0

308.25
1.0
1.0

371.25
1.0
1.0

389.25
1.0
1.0

423.75
1.0
1.0

434.25
1.0
1.0

442.5
1.0
1.0

459.75
1.0
1.0

478.5
1.0
1.0

486.75
1.0
1.0

532.5
1.0
1.0

541.5
1.0
1.0

549.0
1.0
1.0

576.75
1.0
1.0

604.5
1.0
1.0

614.25
1.0
1.0

621.0
1.0
1.0

630.0
1.0
1.0

659.25
1.0
1.0

676.5
1.0
1.0

684.0
1.0
1.0

695.25
1.0
1.0

702.0
1.0
1.0

713.25
1.0
1.0

766.5
1.0
1.0

792.75
1.0
1.0

811.5
1.0
1.0

829.5
1.0
1.0

847.5
1.0
1.0

875.25
1.0
1.0

893.25
1.0
1.0

919.5
1.0
1.0

938.25
1.0
1.0

946.5
1.0
1.0

954.0
1.0
1.0

963.75
1.0
1.0

2673.75
1.0
1.0

2684.25
1.0
1.0

2692.5
1.0
1.0

2718.75
1.0
1.0

2727.0
1.0
1.0

2738.25
1.0
1.0

2746.5
1.0
1.0

2755.5
1.0
1.0

2782.5
1.0
1.0

2836.5
1.0
1.0

2845.5
1.0
1.0

2862.75
1.0
1.0

2872.5
1.0
1.0

2889.0
1.0
1.0

2900.25
1.0
1.0

2908.5
1.0
1.0

2926.5
1.0
1.0

2952.0
1.0
1.0

2970.0
1.0
1.0

2979.75
1.0
1.0

2999.25
1.0
1.0

3017.25
1.0
1.0

3043.5
1.0
1.0

3060.75
1.0
1.0

3087.0
1.0
1.0

3105.75
1.0
1.0

3114.75
1.0
1.0

3178.5
1.0
1.0

3187.5
1.0
1.0

3222.0
1.0
1.0

3242.25
1.0
1.0

3267.0
1.0
1.0

3276.75
1.0
1.0

3305.25
1.0
1.0

3312.0
1.0
1.0

3340.5
1.0
1.0

