298.5
1.0
1.0

317.25
1.0
1.0

334.5
1.0
1.0

342.0
1.0
1.0

351.75
1.0
1.0

360.0
1.0
1.0

378.75
1.0
1.0

398.25
1.0
1.0

415.5
1.0
1.0

452.25
1.0
1.0

468.75
1.0
1.0

504.0
1.0
1.0

514.5
1.0
1.0

522.0
1.0
1.0

558.75
1.0
1.0

567.0
1.0
1.0

585.0
1.0
1.0

641.25
1.0
1.0

648.75
1.0
1.0

666.75
1.0
1.0

721.5
1.0
1.0

729.0
1.0
1.0

738.0
1.0
1.0

747.75
1.0
1.0

774.75
1.0
1.0

785.25
1.0
1.0

801.75
1.0
1.0

839.25
1.0
1.0

855.0
1.0
1.0

866.25
1.0
1.0

902.25
1.0
1.0

911.25
1.0
1.0

927.0
1.0
1.0

972.0
1.0
1.0

982.5
1.0
1.0

990.0
1.0
1.0

2656.5
1.0
1.0

2664.75
1.0
1.0

2700.75
1.0
1.0

2763.75
1.0
1.0

2772.75
1.0
1.0

2801.25
1.0
1.0

2808.75
1.0
1.0

2818.5
1.0
1.0

2827.5
1.0
1.0

2882.25
1.0
1.0

2917.5
1.0
1.0

2935.5
1.0
1.0

2945.25
1.0
1.0

2989.5
1.0
1.0

3007.5
1.0
1.0

3025.5
1.0
1.0

3035.25
1.0
1.0

3069.0
1.0
1.0

3078.75
1.0
1.0

3097.5
1.0
1.0

3123.0
1.0
1.0

3132.75
1.0
1.0

3141.0
1.0
1.0

3150.0
1.0
1.0

3161.25
1.0
1.0

3196.5
1.0
1.0

3204.0
1.0
1.0

3213.0
1.0
1.0

3232.5
1.0
1.0

3249.75
1.0
1.0

3285.0
1.0
1.0

3294.0
1.0
1.0

3321.75
1.0
1.0

3330.75
1.0
1.0

3349.5
1.0
1.0

3357.75
1.0
1.0

