1027.5
1.0
1.0

1063.5
1.0
1.0

1073.25
1.0
1.0

1082.25
1.0
1.0

1090.5
1.0
1.0

1134.0
1.0
1.0

1170.75
1.0
1.0

1181.25
1.0
1.0

1197.0
1.0
1.0

1206.75
1.0
1.0

1215.0
1.0
1.0

1233.0
1.0
1.0

1287.75
1.0
1.0

1305.0
1.0
1.0

1334.25
1.0
1.0

1395.75
1.0
1.0

1406.25
1.0
1.0

1413.0
1.0
1.0

1441.5
1.0
1.0

1449.0
1.0
1.0

1487.25
1.0
1.0

1557.0
1.0
1.0

1593.75
1.0
1.0

1703.25
1.0
1.0

1737.0
1.0
1.0

1748.25
1.0
1.0

1765.5
1.0
1.0

1809.0
1.0
1.0

1872.0
1.0
1.0

1971.75
1.0
1.0

2007.0
1.0
1.0

2016.75
1.0
1.0

2027.25
1.0
1.0

2079.75
1.0
1.0

2090.25
1.0
1.0

2124.0
1.0
1.0

2143.5
1.0
1.0

2178.75
1.0
1.0

2196.0
1.0
1.0

2232.0
1.0
1.0

2295.75
1.0
1.0

2314.5
1.0
1.0

2340.75
1.0
1.0

2349.75
1.0
1.0

2368.5
1.0
1.0

2376.75
1.0
1.0

2412.0
1.0
1.0

2475.0
1.0
1.0

2494.5
1.0
1.0

2520.0
1.0
1.0

2547.0
1.0
1.0

2556.0
1.0
1.0

2574.75
1.0
1.0

2601.75
1.0
1.0

2619.75
1.0
1.0

2637.75
1.0
1.0

