336.25
2.0
1.0

361.75
2.0
1.0

518.5
2.0
1.0

560.5
2.0
1.0

570.25
2.0
1.0

589.0
2.0
1.0

652.0
2.0
1.0

670.75
2.0
1.0

723.25
2.0
1.0

732.25
2.0
1.0

805.0
2.0
1.0

841.75
2.0
1.0

869.5
2.0
1.0

905.5
2.0
1.0

930.25
2.0
1.0

974.5
2.0
1.0

985.0
2.0
1.0

993.25
2.0
1.0

2659.75
2.0
1.0

2668.75
2.0
1.0

2703.25
2.0
1.0

2804.5
2.0
1.0

2812.0
2.0
1.0

2830.0
2.0
1.0

2884.75
2.0
1.0

2938.0
2.0
1.0

2992.0
2.0
1.0

3070.75
2.0
1.0

3080.5
2.0
1.0

3100.75
2.0
1.0

3163.0
2.0
1.0

3216.25
2.0
1.0

3298.0
2.0
1.0

3323.5
2.0
1.0

3353.5
2.0
1.0

3359.5
2.0
1.0

