344.0
1.5
1.0

354.5
1.5
1.0

527.0
1.5
1.0

536.75
1.5
1.0

572.0
1.5
1.0

608.75
1.5
1.0

614.75
1.5
1.0

623.75
1.5
1.0

696.5
1.5
1.0

704.75
1.5
1.0

742.25
1.5
1.0

751.25
1.5
1.0

768.5
1.5
1.0

848.75
1.5
1.0

866.75
1.5
1.0

902.0
1.5
1.0

931.25
1.5
1.0

967.25
1.5
1.0

2660.0
1.5
1.0

2667.5
1.5
1.0

2686.25
1.5
1.0

2695.25
1.5
1.0

2729.75
1.5
1.0

2778.5
1.5
1.0

2837.0
1.5
1.0

2894.0
1.5
1.0

2902.25
1.5
1.0

2958.5
1.5
1.0

3000.5
1.5
1.0

3054.5
1.5
1.0

3143.0
1.5
1.0

3170.75
1.5
1.0

3191.75
1.5
1.0

3215.75
1.5
1.0

3228.5
1.5
1.0

3299.0
1.5
1.0

