88.0
4.8
1.0

124.5
4.8
1.0

151.0
4.8
1.0

160.0
4.8
1.0

179.0
4.8
1.0

189.5
4.8
1.0

218.5
4.8
1.0

226.5
4.8
1.0

236.5
4.8
1.0

255.5
4.8
1.0

292.0
4.8
1.0

300.5
4.8
1.0

311.5
4.8
1.0

320.0
4.8
1.0

349.5
4.8
1.0

404.0
4.8
1.0

415.0
4.8
1.0

462.5
4.8
1.0

489.0
4.8
1.0

498.0
4.8
1.0

516.5
4.8
1.0

525.5
4.8
1.0

562.0
4.8
1.0

571.5
4.8
1.0

590.0
4.8
1.0

648.0
4.8
1.0

667.5
4.8
1.0

677.0
4.8
1.0

696.5
4.8
1.0

704.0
4.8
1.0

715.5
4.8
1.0

724.0
4.8
1.0

778.0
4.8
1.0

786.5
4.8
1.0

794.5
4.8
1.0

822.0
4.8
1.0

861.5
4.8
1.0

878.5
4.8
1.0

917.0
4.8
1.0

934.0
4.8
1.0

942.5
4.8
1.0

951.0
4.8
1.0

977.5
4.8
1.0

987.5
4.8
1.0

996.0
4.8
1.0

1012.0
4.8
1.0

1021.5
4.8
1.0

1040.5
4.8
1.0

