1134.75
1.0
1.0

1152.0
1.0
1.0

1189.5
1.0
1.0

1199.25
1.0
1.0

1206.75
1.0
1.0

1216.5
1.0
1.0

1233.75
1.0
1.0

1262.25
1.0
1.0

1278.0
1.0
1.0

1289.25
1.0
1.0

1296.0
1.0
1.0

1324.5
1.0
1.0

1342.5
1.0
1.0

1352.25
1.0
1.0

1387.5
1.0
1.0

1415.25
1.0
1.0

1424.25
1.0
1.0

1432.5
1.0
1.0

1440.75
1.0
1.0

1478.25
1.0
1.0

1505.25
1.0
1.0

1513.5
1.0
1.0

1521.0
1.0
1.0

1530.75
1.0
1.0

1577.25
1.0
1.0

1613.25
1.0
1.0

1620.75
1.0
1.0

1647.75
1.0
1.0

1667.25
1.0
1.0

1721.25
1.0
1.0

1746.75
1.0
1.0

1757.25
1.0
1.0

1784.25
1.0
1.0

1793.25
1.0
1.0

1800.0
1.0
1.0

1818.75
1.0
1.0

1827.0
1.0
1.0

1837.5
1.0
1.0

1855.5
1.0
1.0

1872.0
1.0
1.0

1890.0
1.0
1.0

1910.25
1.0
1.0

1917.75
1.0
1.0

1935.75
1.0
1.0

1955.25
1.0
1.0

1972.5
1.0
1.0

2009.25
1.0
1.0

2026.5
1.0
1.0

2035.5
1.0
1.0

2044.5
1.0
1.0

2072.25
1.0
1.0

2080.5
1.0
1.0

2099.25
1.0
1.0

2108.25
1.0
1.0

2117.25
1.0
1.0

2133.75
1.0
1.0

2160.0
1.0
1.0

2178.75
1.0
1.0

2196.0
1.0
1.0

2205.75
1.0
1.0

2232.0
1.0
1.0

2243.25
1.0
1.0

2260.5
1.0
1.0

2269.5
1.0
1.0

2322.75
1.0
1.0

2369.25
1.0
1.0

2377.5
1.0
1.0

2432.25
1.0
1.0

2450.25
1.0
1.0

2484.0
1.0
1.0

2493.75
1.0
1.0

2504.25
1.0
1.0

