315.75
1.0
1.0

325.5
1.0
1.0

352.5
1.0
1.0

397.5
1.0
1.0

414.75
1.0
1.0

425.25
1.0
1.0

432.75
1.0
1.0

452.25
1.0
1.0

468.75
1.0
1.0

479.25
1.0
1.0

488.25
1.0
1.0

504.0
1.0
1.0

578.25
1.0
1.0

659.25
1.0
1.0

684.0
1.0
1.0

766.5
1.0
1.0

794.25
1.0
1.0

810.0
1.0
1.0

847.5
1.0
1.0

856.5
1.0
1.0

893.25
1.0
1.0

927.0
1.0
1.0

938.25
1.0
1.0

1026.0
1.0
1.0

1035.75
1.0
1.0

1046.25
1.0
1.0

1071.0
1.0
1.0

1109.25
1.0
1.0

2547.75
1.0
1.0

2592.0
1.0
1.0

2620.5
1.0
1.0

2637.75
1.0
1.0

2665.5
1.0
1.0

2729.25
1.0
1.0

2755.5
1.0
1.0

2781.75
1.0
1.0

2790.75
1.0
1.0

2853.75
1.0
1.0

2862.0
1.0
1.0

2926.5
1.0
1.0

2943.0
1.0
1.0

2961.0
1.0
1.0

2970.75
1.0
1.0

2997.0
1.0
1.0

3016.5
1.0
1.0

3078.0
1.0
1.0

3106.5
1.0
1.0

3152.25
1.0
1.0

3160.5
1.0
1.0

3179.25
1.0
1.0

3231.0
1.0
1.0

3267.75
1.0
1.0

3276.75
1.0
1.0

3305.25
1.0
1.0

3312.0
1.0
1.0

3357.75
1.0
1.0

