1138.25
1.5
1.0

1202.75
1.5
1.0

1211.0
1.5
1.0

1264.25
1.5
1.0

1280.0
1.5
1.0

1326.5
1.5
1.0

1344.5
1.5
1.0

1354.25
1.5
1.0

1389.5
1.5
1.0

1435.25
1.5
1.0

1444.25
1.5
1.0

1481.75
1.5
1.0

1516.25
1.5
1.0

1523.0
1.5
1.0

1622.75
1.5
1.0

1751.0
1.5
1.0

1760.75
1.5
1.0

1787.0
1.5
1.0

1840.25
1.5
1.0

1858.25
1.5
1.0

1874.75
1.5
1.0

1920.5
1.5
1.0

1938.5
1.5
1.0

1976.0
1.5
1.0

2074.25
1.5
1.0

2119.25
1.5
1.0

2136.5
1.5
1.0

2183.0
1.5
1.0

2234.0
1.5
1.0

2245.25
1.5
1.0

2264.0
1.5
1.0

2326.25
1.5
1.0

2373.5
1.5
1.0

2453.75
1.5
1.0

2497.25
1.5
1.0

2506.25
1.5
1.0

