1129.0
2.0
1.0

1137.25
2.0
1.0

1274.5
2.0
1.0

1291.0
2.0
1.0

1337.5
2.0
1.0

1345.75
2.0
1.0

1363.75
2.0
1.0

1399.0
2.0
1.0

1442.5
2.0
1.0

1489.0
2.0
1.0

1497.25
2.0
1.0

1507.0
2.0
1.0

1658.5
2.0
1.0

1678.0
2.0
1.0

1720.75
2.0
1.0

1784.5
2.0
1.0

1813.0
2.0
1.0

1821.25
2.0
1.0

1910.5
2.0
1.0

1993.75
2.0
1.0

2010.25
2.0
1.0

2038.0
2.0
1.0

2044.75
2.0
1.0

2083.75
2.0
1.0

2092.75
2.0
1.0

2111.5
2.0
1.0

2128.0
2.0
1.0

2138.5
2.0
1.0

2179.75
2.0
1.0

2218.0
2.0
1.0

2297.5
2.0
1.0

2334.25
2.0
1.0

2344.0
2.0
1.0

2370.25
2.0
1.0

2381.5
2.0
1.0

2407.75
2.0
1.0

