1154.75
1.5
1.0

1191.5
1.5
1.0

1220.0
1.5
1.0

1238.0
1.5
1.0

1292.0
1.5
1.0

1298.75
1.5
1.0

1419.5
1.5
1.0

1427.0
1.5
1.0

1508.75
1.5
1.0

1532.75
1.5
1.0

1581.5
1.5
1.0

1617.5
1.5
1.0

1649.75
1.5
1.0

1670.75
1.5
1.0

1723.25
1.5
1.0

1795.25
1.5
1.0

1802.75
1.5
1.0

1822.25
1.5
1.0

1830.5
1.5
1.0

1892.75
1.5
1.0

1914.5
1.5
1.0

1959.5
1.5
1.0

2012.0
1.5
1.0

2030.75
1.5
1.0

2039.0
1.5
1.0

2048.0
1.5
1.0

2083.25
1.5
1.0

2102.75
1.5
1.0

2111.0
1.5
1.0

2162.75
1.5
1.0

2198.75
1.5
1.0

2208.5
1.5
1.0

2271.5
1.5
1.0

2381.75
1.5
1.0

2435.0
1.5
1.0

2486.75
1.5
1.0

