1237.0
4.8
1.0

1245.0
4.8
1.0

1298.5
4.8
1.0

1309.5
4.8
1.0

1319.5
4.8
1.0

1329.5
4.8
1.0

1366.0
4.8
1.0

1382.0
4.8
1.0

1412.0
4.8
1.0

1430.5
4.8
1.0

1457.0
4.8
1.0

1477.5
4.8
1.0

1486.5
4.8
1.0

1494.5
4.8
1.0

1510.5
4.8
1.0

1565.0
4.8
1.0

1573.5
4.8
1.0

1593.0
4.8
1.0

1631.0
4.8
1.0

1638.0
4.8
1.0

1654.5
4.8
1.0

1663.0
4.8
1.0

1699.0
4.8
1.0

1743.0
4.8
1.0

1753.0
4.8
1.0

1763.5
4.8
1.0

1773.0
4.8
1.0

1811.0
4.8
1.0

1821.5
4.8
1.0

1869.0
4.8
1.0

1879.5
4.8
1.0

1919.5
4.8
1.0

1929.0
4.8
1.0

1949.0
4.8
1.0

1969.5
4.8
1.0

1979.0
4.8
1.0

1996.0
4.8
1.0

2004.5
4.8
1.0

2012.0
4.8
1.0

2041.5
4.8
1.0

2094.5
4.8
1.0

2105.5
4.8
1.0

2115.5
4.8
1.0

2125.0
4.8
1.0

2150.0
4.8
1.0

2160.0
4.8
1.0

2178.5
4.8
1.0

2188.5
4.8
1.0

