1067.25
1.0
1.0

1111.5
1.0
1.0

1129.5
1.0
1.0

1157.25
1.0
1.0

1164.0
1.0
1.0

1292.25
1.0
1.0

1336.5
1.0
1.0

1407.0
1.0
1.0

1434.75
1.0
1.0

1461.0
1.0
1.0

1471.5
1.0
1.0

1515.75
1.0
1.0

1533.0
1.0
1.0

1552.5
1.0
1.0

1560.0
1.0
1.0

1571.25
1.0
1.0

1578.0
1.0
1.0

1634.25
1.0
1.0

1650.75
1.0
1.0

1714.5
1.0
1.0

1723.5
1.0
1.0

1769.25
1.0
1.0

1778.25
1.0
1.0

1786.5
1.0
1.0

1794.75
1.0
1.0

1831.5
1.0
1.0

1848.75
1.0
1.0

1859.25
1.0
1.0

2705.25
1.0
1.0

2731.5
1.0
1.0

2739.75
1.0
1.0

2767.5
1.0
1.0

2784.0
1.0
1.0

2794.5
1.0
1.0

2820.75
1.0
1.0

2839.5
1.0
1.0

2946.0
1.0
1.0

2955.75
1.0
1.0

2973.0
1.0
1.0

3037.5
1.0
1.0

3100.5
1.0
1.0

3145.5
1.0
1.0

3153.0
1.0
1.0

3162.0
1.0
1.0

3200.25
1.0
1.0

3271.5
1.0
1.0

3279.0
1.0
1.0

3333.0
1.0
1.0

3342.0
1.0
1.0

3378.0
1.0
1.0

3389.25
1.0
1.0

3396.0
1.0
1.0

3425.25
1.0
1.0

3432.75
1.0
1.0

3451.5
1.0
1.0

3459.75
1.0
1.0

