290.25
1.0
1.0

299.25
1.0
1.0

315.0
1.0
1.0

333.0
1.0
1.0

352.5
1.0
1.0

369.75
1.0
1.0

405.0
1.0
1.0

424.5
1.0
1.0

433.5
1.0
1.0

441.0
1.0
1.0

459.0
1.0
1.0

470.25
1.0
1.0

477.0
1.0
1.0

495.75
1.0
1.0

514.5
1.0
1.0

532.5
1.0
1.0

540.0
1.0
1.0

558.0
1.0
1.0

595.5
1.0
1.0

604.5
1.0
1.0

630.75
1.0
1.0

676.5
1.0
1.0

685.5
1.0
1.0

739.5
1.0
1.0

766.5
1.0
1.0

783.75
1.0
1.0

828.75
1.0
1.0

866.25
1.0
1.0

891.0
1.0
1.0

909.75
1.0
1.0

918.0
1.0
1.0

936.0
1.0
1.0

954.75
1.0
1.0

964.5
1.0
1.0

972.75
1.0
1.0

991.5
1.0
1.0

1827.75
1.0
1.0

1838.25
1.0
1.0

1883.25
1.0
1.0

1908.75
1.0
1.0

1927.5
1.0
1.0

1945.5
1.0
1.0

1962.0
1.0
1.0

1990.5
1.0
1.0

2016.0
1.0
1.0

2027.25
1.0
1.0

2053.5
1.0
1.0

2063.25
1.0
1.0

2098.5
1.0
1.0

2124.0
1.0
1.0

2144.25
1.0
1.0

2160.75
1.0
1.0

2187.0
1.0
1.0

2215.5
1.0
1.0

2223.0
1.0
1.0

2250.0
1.0
1.0

2268.0
1.0
1.0

2297.25
1.0
1.0

2322.75
1.0
1.0

2333.25
1.0
1.0

2349.0
1.0
1.0

2369.25
1.0
1.0

2377.5
1.0
1.0

2394.0
1.0
1.0

2421.75
1.0
1.0

2432.25
1.0
1.0

2459.25
1.0
1.0

2467.5
1.0
1.0

2486.25
1.0
1.0

2512.5
1.0
1.0

2521.5
1.0
1.0

2531.25
1.0
1.0

