312.25
2.0
1.0

343.75
2.0
1.0

379.75
2.0
1.0

388.75
2.0
1.0

399.25
2.0
1.0

453.25
2.0
1.0

525.25
2.0
1.0

571.75
2.0
1.0

589.75
2.0
1.0

623.5
2.0
1.0

670.0
2.0
1.0

698.5
2.0
1.0

726.25
2.0
1.0

733.0
2.0
1.0

749.5
2.0
1.0

778.0
2.0
1.0

805.75
2.0
1.0

905.5
2.0
1.0

1849.75
2.0
1.0

1902.25
2.0
1.0

1921.75
2.0
1.0

1938.25
2.0
1.0

1956.25
2.0
1.0

2011.75
2.0
1.0

2038.75
2.0
1.0

2047.0
2.0
1.0

2091.25
2.0
1.0

2136.25
2.0
1.0

2155.75
2.0
1.0

2235.25
2.0
1.0

2281.0
2.0
1.0

2359.75
2.0
1.0

2405.5
2.0
1.0

2452.0
2.0
1.0

2495.5
2.0
1.0

2504.5
2.0
1.0

