1226.3
1.5
1.0

1254.3
1.5
1.0

1303.8
1.5
1.0

1360.8
1.5
1.0

1399.3
1.5
1.0

1409.8
1.5
1.0

1578.8
1.5
1.0

1657.8
1.5
1.0

1822.3
1.5
1.0

1842.3
1.5
1.0

1861.8
1.5
1.0

1965.8
1.5
1.0

2003.8
1.5
1.0

2108.8
1.5
1.0

2128.8
1.5
1.0

2192.3
1.5
1.0

2222.3
1.5
1.0

2279.3
1.5
1.0

2317.3
1.5
1.0

2383.3
1.5
1.0

2401.3
1.5
1.0

2438.8
1.5
1.0

2486.3
1.5
1.0

2561.8
1.5
1.0

2627.8
1.5
1.0

2653.3
1.5
1.0

2681.3
1.5
1.0

2726.8
1.5
1.0

2735.8
1.5
1.0

2919.8
1.5
1.0

2929.3
1.5
1.0

3007.3
1.5
1.0

