292.75
2.0
1.0

310.75
2.0
1.0

383.5
2.0
1.0

400.0
2.0
1.0

418.0
2.0
1.0

481.75
2.0
1.0

507.25
2.0
1.0

527.5
2.0
1.0

586.75
2.0
1.0

625.0
2.0
1.0

634.0
2.0
1.0

679.75
2.0
1.0

804.25
2.0
1.0

858.25
2.0
1.0

887.5
2.0
1.0

931.0
2.0
1.0

937.75
2.0
1.0

967.0
2.0
1.0

1850.5
2.0
1.0

1860.25
2.0
1.0

1866.25
2.0
1.0

1939.0
2.0
1.0

1977.25
2.0
1.0

1986.25
2.0
1.0

2092.0
2.0
1.0

2165.5
2.0
1.0

2183.5
2.0
1.0

2201.5
2.0
1.0

2219.5
2.0
1.0

2269.75
2.0
1.0

2299.0
2.0
1.0

2328.25
2.0
1.0

2353.75
2.0
1.0

2363.5
2.0
1.0

2424.25
2.0
1.0

2551.75
2.0
1.0

