1352.3
1.5
1.0

1380.3
1.5
1.0

1390.8
1.5
1.0

1516.8
1.5
1.0

1544.3
1.5
1.0

1572.3
1.5
1.0

1647.8
1.5
1.0

1720.8
1.5
1.0

1859.8
1.5
1.0

1911.8
1.5
1.0

1948.8
1.5
1.0

1956.8
1.5
1.0

2022.3
1.5
1.0

2169.8
1.5
1.0

2215.8
1.5
1.0

2272.3
1.5
1.0

2448.8
1.5
1.0

2468.3
1.5
1.0

2513.3
1.5
1.0

2560.8
1.5
1.0

2609.3
1.5
1.0

2632.8
1.5
1.0

2659.3
1.5
1.0

2675.8
1.5
1.0

2693.3
1.5
1.0

2766.8
1.5
1.0

2854.8
1.5
1.0

2991.8
1.5
1.0

3039.8
1.5
1.0

3145.8
1.5
1.0

3200.3
1.5
1.0

3238.8
1.5
1.0

