1088.8
1.5
1.0

1149.8
1.5
1.0

1221.8
1.5
1.0

1266.3
1.5
1.0

1304.3
1.5
1.0

1314.3
1.5
1.0

1325.3
1.5
1.0

1389.3
1.5
1.0

1498.8
1.5
1.0

1548.8
1.5
1.0

1607.3
1.5
1.0

1676.8
1.5
1.0

1706.3
1.5
1.0

1755.3
1.5
1.0

1851.8
1.5
1.0

1966.3
1.5
1.0

2047.3
1.5
1.0

2137.3
1.5
1.0

2175.3
1.5
1.0

2193.3
1.5
1.0

2212.8
1.5
1.0

2289.3
1.5
1.0

2309.3
1.5
1.0

2318.3
1.5
1.0

2366.8
1.5
1.0

2472.3
1.5
1.0

2482.3
1.5
1.0

2784.8
1.5
1.0

2822.3
1.5
1.0

2925.8
1.5
1.0

2934.8
1.5
1.0

2963.8
1.5
1.0

