1106.3
1.5
1.0

1116.8
1.5
1.0

1141.8
1.5
1.0

1164.8
1.5
1.0

1275.8
1.5
1.0

1361.8
1.5
1.0

1418.8
1.5
1.0

1444.3
1.5
1.0

1489.8
1.5
1.0

1568.3
1.5
1.0

1587.8
1.5
1.0

1641.3
1.5
1.0

1687.3
1.5
1.0

1803.8
1.5
1.0

1917.3
1.5
1.0

2003.8
1.5
1.0

2117.8
1.5
1.0

2184.8
1.5
1.0

2202.8
1.5
1.0

2260.3
1.5
1.0

2337.3
1.5
1.0

2419.3
1.5
1.0

2444.3
1.5
1.0

2512.3
1.5
1.0

2531.3
1.5
1.0

2601.8
1.5
1.0

2690.8
1.5
1.0

2745.3
1.5
1.0

2754.8
1.5
1.0

2794.3
1.5
1.0

2813.8
1.5
1.0

2954.3
1.5
1.0

