1044.0
4.8
1.0

1053.0
4.8
1.0

1099.5
4.8
1.0

1109.5
4.8
1.0

1129.0
4.8
1.0

1139.5
4.8
1.0

1156.5
4.8
1.0

1176.0
4.8
1.0

1185.0
4.8
1.0

1194.5
4.8
1.0

1214.0
4.8
1.0

1243.5
4.8
1.0

1260.5
4.8
1.0

1287.0
4.8
1.0

1296.5
4.8
1.0

1327.0
4.8
1.0

1366.0
4.8
1.0

1394.5
4.8
1.0

1415.5
4.8
1.0

1424.5
4.8
1.0

1465.5
4.8
1.0

1493.0
4.8
1.0

1500.5
4.8
1.0

1509.0
4.8
1.0

1517.5
4.8
1.0

1542.5
4.8
1.0

1560.5
4.8
1.0

1568.5
4.8
1.0

1579.0
4.8
1.0

1586.5
4.8
1.0

1632.5
4.8
1.0

1648.5
4.8
1.0

1656.5
4.8
1.0

1683.0
4.8
1.0

1703.5
4.8
1.0

1742.5
4.8
1.0

1752.0
4.8
1.0

1809.0
4.8
1.0

1846.5
4.8
1.0

1855.5
4.8
1.0

1912.5
4.8
1.0

1921.5
4.8
1.0

1948.5
4.8
1.0

1958.0
4.8
1.0

1968.5
4.8
1.0

1984.5
4.8
1.0

1995.5
4.8
1.0

2005.0
4.8
1.0

3034.5
4.8
1.0

3093.0
4.8
1.0

3100.0
4.8
1.0

3108.0
4.8
1.0

3118.0
4.8
1.0

3134.5
4.8
1.0

3155.0
4.8
1.0

3164.0
4.8
1.0

3194.5
4.8
1.0

3232.0
4.8
1.0

3266.5
4.8
1.0

3277.5
4.8
1.0

3286.5
4.8
1.0

3297.0
4.8
1.0

3325.5
4.8
1.0

3335.5
4.8
1.0

3345.0
4.8
1.0

3392.5
4.8
1.0

3402.5
4.8
1.0

3429.5
4.8
1.0

3438.5
4.8
1.0

3446.0
4.8
1.0

3454.5
4.8
1.0

3515.5
4.8
1.0

3524.5
4.8
1.0

3532.5
4.8
1.0

3541.5
4.8
1.0

3558.0
4.8
1.0

3576.0
4.8
1.0

3584.0
4.8
1.0

3593.0
4.8
1.0

3612.0
4.8
1.0

3643.0
4.8
1.0

3653.5
4.8
1.0

3662.0
4.8
1.0

3717.5
4.8
1.0

3727.5
4.8
1.0

3736.5
4.8
1.0

3746.0
4.8
1.0

3781.5
4.8
1.0

3820.0
4.8
1.0

3831.5
4.8
1.0

3850.5
4.8
1.0

3876.0
4.8
1.0

3893.5
4.8
1.0

3936.5
4.8
1.0

3974.0
4.8
1.0

3985.5
4.8
1.0

