116.5
4.8
1.0

127.5
4.8
1.0

157.5
4.8
1.0

166.0
4.8
1.0

194.5
4.8
1.0

202.5
4.8
1.0

211.0
4.8
1.0

250.5
4.8
1.0

260.0
4.8
1.0

316.5
4.8
1.0

324.0
4.8
1.0

332.0
4.8
1.0

407.5
4.8
1.0

425.5
4.8
1.0

472.0
4.8
1.0

533.5
4.8
1.0

543.5
4.8
1.0

583.5
4.8
1.0

593.5
4.8
1.0

622.5
4.8
1.0

630.0
4.8
1.0

670.5
4.8
1.0

689.0
4.8
1.0

745.0
4.8
1.0

774.0
4.8
1.0

803.0
4.8
1.0

865.5
4.8
1.0

875.5
4.8
1.0

958.0
4.8
1.0

966.5
4.8
1.0

1010.0
4.8
1.0

1028.5
4.8
1.0

2033.0
4.8
1.0

2063.5
4.8
1.0

2083.5
4.8
1.0

2102.5
4.8
1.0

2113.0
4.8
1.0

2168.5
4.8
1.0

2205.0
4.8
1.0

2213.5
4.8
1.0

2233.0
4.8
1.0

2261.5
4.8
1.0

2271.5
4.8
1.0

2335.5
4.8
1.0

2385.0
4.8
1.0

2395.0
4.8
1.0

2423.5
4.8
1.0

2433.5
4.8
1.0

2492.5
4.8
1.0

2556.0
4.8
1.0

2565.5
4.8
1.0

2582.5
4.8
1.0

2593.5
4.8
1.0

2619.0
4.8
1.0

2753.0
4.8
1.0

2773.5
4.8
1.0

2792.5
4.8
1.0

2821.5
4.8
1.0

2857.0
4.8
1.0

2904.5
4.8
1.0

2914.0
4.8
1.0

2968.5
4.8
1.0

2987.5
4.8
1.0

3006.0
4.8
1.0

