1124.8
4.8
1.0

1210.8
4.8
1.0

1342.8
4.8
1.0

1362.8
4.8
1.0

1411.3
4.8
1.0

1440.8
4.8
1.0

1460.3
4.8
1.0

1480.8
4.8
1.0

1489.8
4.8
1.0

1557.8
4.8
1.0

1619.3
4.8
1.0

1644.8
4.8
1.0

1719.3
4.8
1.0

1738.8
4.8
1.0

1764.8
4.8
1.0

1784.3
4.8
1.0

1804.8
4.8
1.0

1822.3
4.8
1.0

1842.3
4.8
1.0

1878.8
4.8
1.0

1909.3
4.8
1.0

1934.8
4.8
1.0

1944.3
4.8
1.0

2020.8
4.8
1.0

3022.3
4.8
1.0

3068.8
4.8
1.0

3079.3
4.8
1.0

3088.3
4.8
1.0

3150.8
4.8
1.0

3229.3
4.8
1.0

3246.8
4.8
1.0

3263.3
4.8
1.0

3361.3
4.8
1.0

3371.3
4.8
1.0

3388.3
4.8
1.0

3470.8
4.8
1.0

3555.8
4.8
1.0

3608.8
4.8
1.0

3629.3
4.8
1.0

3684.3
4.8
1.0

3694.3
4.8
1.0

3797.3
4.8
1.0

3807.3
4.8
1.0

3889.3
4.8
1.0

3923.3
4.8
1.0

3932.8
4.8
1.0

3960.3
4.8
1.0

3970.8
4.8
1.0

