288.75
1.0
1.0

307.5
1.0
1.0

387.75
1.0
1.0

396.0
1.0
1.0

407.25
1.0
1.0

414.0
1.0
1.0

459.0
1.0
1.0

479.25
1.0
1.0

504.0
1.0
1.0

515.25
1.0
1.0

533.25
1.0
1.0

542.25
1.0
1.0

567.0
1.0
1.0

612.75
1.0
1.0

702.75
1.0
1.0

711.0
1.0
1.0

722.25
1.0
1.0

783.75
1.0
1.0

900.75
1.0
1.0

918.0
1.0
1.0

947.25
1.0
1.0

990.0
1.0
1.0

1000.5
1.0
1.0

1008.75
1.0
1.0

1026.75
1.0
1.0

1063.5
1.0
1.0

1071.75
1.0
1.0

1081.5
1.0
1.0

1874.25
1.0
1.0

1926.0
1.0
1.0

2026.5
1.0
1.0

2034.0
1.0
1.0

2054.25
1.0
1.0

2097.0
1.0
1.0

2143.5
1.0
1.0

2153.25
1.0
1.0

2187.75
1.0
1.0

2214.0
1.0
1.0

2223.75
1.0
1.0

2234.25
1.0
1.0

2252.25
1.0
1.0

2313.75
1.0
1.0

2333.25
1.0
1.0

2340.0
1.0
1.0

2359.5
1.0
1.0

2368.5
1.0
1.0

2394.0
1.0
1.0

2413.5
1.0
1.0

2529.75
1.0
1.0

2558.25
1.0
1.0

2566.5
1.0
1.0

2574.75
1.0
1.0

2594.25
1.0
1.0

2610.0
1.0
1.0

2628.75
1.0
1.0

2646.0
1.0
1.0

