1118.5
2.0
1.0

1193.5
2.0
1.0

1210.75
2.0
1.0

1273.0
2.0
1.0

1280.5
2.0
1.0

1297.75
2.0
1.0

1325.5
2.0
1.0

1344.25
2.0
1.0

1383.25
2.0
1.0

1417.75
2.0
1.0

1435.75
2.0
1.0

1442.5
2.0
1.0

1534.0
2.0
1.0

1562.5
2.0
1.0

1740.25
2.0
1.0

1750.0
2.0
1.0

1813.75
2.0
1.0

1822.75
2.0
1.0

2704.0
2.0
1.0

2714.5
2.0
1.0

2758.75
2.0
1.0

2803.75
2.0
1.0

2819.5
2.0
1.0

2829.25
2.0
1.0

2873.5
2.0
1.0

2912.5
2.0
1.0

2940.25
2.0
1.0

2992.75
2.0
1.0

3000.25
2.0
1.0

3093.25
2.0
1.0

3125.5
2.0
1.0

3181.75
2.0
1.0

3198.25
2.0
1.0

3307.0
2.0
1.0

3344.5
2.0
1.0

3352.75
2.0
1.0

