2181.5
4.8
1.0

2190.5
4.8
1.0

2210.0
4.8
1.0

2219.5
4.8
1.0

2238.0
4.8
1.0

2256.5
4.8
1.0

2314.5
4.8
1.0

2335.0
4.8
1.0

2360.5
4.8
1.0

2378.0
4.8
1.0

2386.5
4.8
1.0

2394.0
4.8
1.0

2415.0
4.8
1.0

2425.5
4.8
1.0

2455.5
4.8
1.0

2502.0
4.8
1.0

2539.0
4.8
1.0

2548.0
4.8
1.0

2556.0
4.8
1.0

2564.5
4.8
1.0

2585.5
4.8
1.0

2620.0
4.8
1.0

2628.5
4.8
1.0

2636.5
4.8
1.0

2665.5
4.8
1.0

2695.5
4.8
1.0

2704.5
4.8
1.0

2712.0
4.8
1.0

2731.0
4.8
1.0

2750.0
4.8
1.0

2769.5
4.8
1.0

2796.0
4.8
1.0

2826.0
4.8
1.0

2845.5
4.8
1.0

2855.5
4.8
1.0

2864.5
4.8
1.0

2899.5
4.8
1.0

2909.0
4.8
1.0

2919.0
4.8
1.0

2928.0
4.8
1.0

2954.5
4.8
1.0

3009.5
4.8
1.0

3019.5
4.8
1.0

3076.5
4.8
1.0

3095.0
4.8
1.0

3103.5
4.8
1.0

3113.5
4.8
1.0

3122.0
4.8
1.0

