288.75
1.0
1.0

344.25
1.0
1.0

369.0
1.0
1.0

423.75
1.0
1.0

540.75
1.0
1.0

569.25
1.0
1.0

577.5
1.0
1.0

595.5
1.0
1.0

603.75
1.0
1.0

657.0
1.0
1.0

666.0
1.0
1.0

685.5
1.0
1.0

693.75
1.0
1.0

793.5
1.0
1.0

801.75
1.0
1.0

837.0
1.0
1.0

857.25
1.0
1.0

920.25
1.0
1.0

946.5
1.0
1.0

964.5
1.0
1.0

973.5
1.0
1.0

981.0
1.0
1.0

1017.75
1.0
1.0

1037.25
1.0
1.0

1053.0
1.0
1.0

1062.75
1.0
1.0

1098.0
1.0
1.0

1107.0
1.0
1.0

1171.5
1.0
1.0

1206.75
1.0
1.0

1216.5
1.0
1.0

1233.0
1.0
1.0

1280.25
1.0
1.0

1323.0
1.0
1.0

1432.5
1.0
1.0

1459.5
1.0
1.0

1531.5
1.0
1.0

1549.5
1.0
1.0

1557.0
1.0
1.0

1566.0
1.0
1.0

1584.75
1.0
1.0

1593.75
1.0
1.0

1630.5
1.0
1.0

1658.25
1.0
1.0

1667.25
1.0
1.0

1730.25
1.0
1.0

1747.5
1.0
1.0

1755.75
1.0
1.0

1766.25
1.0
1.0

1784.25
1.0
1.0

1791.0
1.0
1.0

1819.5
1.0
1.0

1836.75
1.0
1.0

1872.0
1.0
1.0

1909.5
1.0
1.0

1926.0
1.0
1.0

