317.25
1.0
1.0

333.0
1.0
1.0

360.0
1.0
1.0

379.5
1.0
1.0

387.75
1.0
1.0

432.75
1.0
1.0

442.5
1.0
1.0

459.75
1.0
1.0

479.25
1.0
1.0

488.25
1.0
1.0

560.25
1.0
1.0

622.5
1.0
1.0

639.0
1.0
1.0

648.0
1.0
1.0

675.0
1.0
1.0

720.75
1.0
1.0

758.25
1.0
1.0

784.5
1.0
1.0

819.0
1.0
1.0

864.0
1.0
1.0

873.75
1.0
1.0

893.25
1.0
1.0

909.75
1.0
1.0

927.0
1.0
1.0

936.0
1.0
1.0

1026.0
1.0
1.0

1044.0
1.0
1.0

1089.0
1.0
1.0

1116.75
1.0
1.0

1126.5
1.0
1.0

1136.25
1.0
1.0

1144.5
1.0
1.0

1179.0
1.0
1.0

1198.5
1.0
1.0

1244.25
1.0
1.0

1253.25
1.0
1.0

1269.75
1.0
1.0

1287.75
1.0
1.0

1314.0
1.0
1.0

1341.75
1.0
1.0

1377.75
1.0
1.0

1396.5
1.0
1.0

1477.5
1.0
1.0

1486.5
1.0
1.0

1503.75
1.0
1.0

1521.75
1.0
1.0

1541.25
1.0
1.0

1639.5
1.0
1.0

1674.0
1.0
1.0

1683.75
1.0
1.0

1802.25
1.0
1.0

1811.25
1.0
1.0

1846.5
1.0
1.0

1891.5
1.0
1.0

1899.75
1.0
1.0

1937.25
1.0
1.0

