1981.5
1.0
1.0

2026.5
1.0
1.0

2044.5
1.0
1.0

2054.25
1.0
1.0

2072.25
1.0
1.0

2079.0
1.0
1.0

2098.5
1.0
1.0

2144.25
1.0
1.0

2151.0
1.0
1.0

2179.5
1.0
1.0

2187.75
1.0
1.0

2214.0
1.0
1.0

2224.5
1.0
1.0

2232.0
1.0
1.0

2277.0
1.0
1.0

2297.25
1.0
1.0

2313.0
1.0
1.0

2324.25
1.0
1.0

2367.75
1.0
1.0

2377.5
1.0
1.0

2396.25
1.0
1.0

2405.25
1.0
1.0

2421.75
1.0
1.0

2430.75
1.0
1.0

2450.25
1.0
1.0

2477.25
1.0
1.0

2484.75
1.0
1.0

2494.5
1.0
1.0

2504.25
1.0
1.0

2539.5
1.0
1.0

2584.5
1.0
1.0

2592.0
1.0
1.0

2603.25
1.0
1.0

2610.75
1.0
1.0

2637.75
1.0
1.0

2646.75
1.0
1.0

2655.75
1.0
1.0

2666.25
1.0
1.0

2674.5
1.0
1.0

2691.75
1.0
1.0

2745.75
1.0
1.0

2754.75
1.0
1.0

2764.5
1.0
1.0

2809.5
1.0
1.0

2817.0
1.0
1.0

2854.5
1.0
1.0

2862.0
1.0
1.0

2872.5
1.0
1.0

2900.25
1.0
1.0

2908.5
1.0
1.0

2925.0
1.0
1.0

2971.5
1.0
1.0

2998.5
1.0
1.0

3015.75
1.0
1.0

3025.5
1.0
1.0

3033.0
1.0
1.0

3051.0
1.0
1.0

3078.75
1.0
1.0

3089.25
1.0
1.0

3097.5
1.0
1.0

3124.5
1.0
1.0

3159.75
1.0
1.0

3168.75
1.0
1.0

3204.0
1.0
1.0

3233.25
1.0
1.0

3241.5
1.0
1.0

3269.25
1.0
1.0

3278.25
1.0
1.0

3287.25
1.0
1.0

3330.75
1.0
1.0

3348.0
1.0
1.0

3359.25
1.0
1.0

