2030.75
1.5
1.0

2048.75
1.5
1.0

2057.75
1.5
1.0

2102.0
1.5
1.0

2147.75
1.5
1.0

2155.25
1.5
1.0

2279.75
1.5
1.0

2300.0
1.5
1.0

2315.75
1.5
1.0

2371.25
1.5
1.0

2409.5
1.5
1.0

2433.5
1.5
1.0

2453.0
1.5
1.0

2480.75
1.5
1.0

2498.0
1.5
1.0

2588.75
1.5
1.0

2614.25
1.5
1.0

2651.0
1.5
1.0

2669.0
1.5
1.0

2759.0
1.5
1.0

2813.75
1.5
1.0

2819.75
1.5
1.0

2856.5
1.5
1.0

2864.0
1.5
1.0

2874.5
1.5
1.0

2903.0
1.5
1.0

2973.5
1.5
1.0

3036.5
1.5
1.0

3092.75
1.5
1.0

3100.25
1.5
1.0

3162.5
1.5
1.0

3170.75
1.5
1.0

3243.5
1.5
1.0

3282.5
1.5
1.0

3290.0
1.5
1.0

3334.25
1.5
1.0

