1957.25
1.5
1.0

1973.75
1.5
1.0

1994.75
1.5
1.0

2001.5
1.5
1.0

2066.0
1.5
1.0

2091.5
1.5
1.0

2111.0
1.5
1.0

2210.0
1.5
1.0

2254.25
1.5
1.0

2263.25
1.5
1.0

2309.0
1.5
1.0

2336.0
1.5
1.0

2360.75
1.5
1.0

2443.25
1.5
1.0

2514.5
1.5
1.0

2524.25
1.5
1.0

2561.0
1.5
1.0

2567.0
1.5
1.0

2714.0
1.5
1.0

2730.5
1.5
1.0

2741.75
1.5
1.0

2802.5
1.5
1.0

2841.5
1.5
1.0

2891.0
1.5
1.0

2955.5
1.5
1.0

2964.5
1.5
1.0

2990.75
1.5
1.0

3073.25
1.5
1.0

3109.25
1.5
1.0

3119.75
1.5
1.0

3134.75
1.5
1.0

3179.75
1.5
1.0

3192.5
1.5
1.0

3261.5
1.5
1.0

3299.0
1.5
1.0

3306.5
1.5
1.0

