297.75
1.0
1.0

316.5
1.0
1.0

334.5
1.0
1.0

378.0
1.0
1.0

414.0
1.0
1.0

432.75
1.0
1.0

443.25
1.0
1.0

450.75
1.0
1.0

459.75
1.0
1.0

513.75
1.0
1.0

531.0
1.0
1.0

549.75
1.0
1.0

560.25
1.0
1.0

586.5
1.0
1.0

603.0
1.0
1.0

614.25
1.0
1.0

657.0
1.0
1.0

677.25
1.0
1.0

686.25
1.0
1.0

703.5
1.0
1.0

712.5
1.0
1.0

730.5
1.0
1.0

756.75
1.0
1.0

793.5
1.0
1.0

802.5
1.0
1.0

830.25
1.0
1.0

837.75
1.0
1.0

846.75
1.0
1.0

875.25
1.0
1.0

900.75
1.0
1.0

910.5
1.0
1.0

920.25
1.0
1.0

938.25
1.0
1.0

947.25
1.0
1.0

954.75
1.0
1.0

963.75
1.0
1.0

2657.25
1.0
1.0

2665.5
1.0
1.0

2675.25
1.0
1.0

2683.5
1.0
1.0

2693.25
1.0
1.0

2709.75
1.0
1.0

2765.25
1.0
1.0

2772.75
1.0
1.0

2799.0
1.0
1.0

2809.5
1.0
1.0

2817.75
1.0
1.0

2835.75
1.0
1.0

2845.5
1.0
1.0

2855.25
1.0
1.0

2907.0
1.0
1.0

2918.25
1.0
1.0

2962.5
1.0
1.0

2997.0
1.0
1.0

3006.0
1.0
1.0

3033.75
1.0
1.0

3087.75
1.0
1.0

3096.0
1.0
1.0

3142.5
1.0
1.0

3168.75
1.0
1.0

3177.0
1.0
1.0

3188.25
1.0
1.0

3197.25
1.0
1.0

3223.5
1.0
1.0

3232.5
1.0
1.0

3240.75
1.0
1.0

3258.0
1.0
1.0

3286.5
1.0
1.0

3331.5
1.0
1.0

3339.75
1.0
1.0

3348.0
1.0
1.0

3359.25
1.0
1.0

