308.25
1.0
1.0

317.25
1.0
1.0

335.25
1.0
1.0

343.5
1.0
1.0

360.0
1.0
1.0

369.0
1.0
1.0

388.5
1.0
1.0

398.25
1.0
1.0

414.0
1.0
1.0

432.0
1.0
1.0

477.75
1.0
1.0

496.5
1.0
1.0

513.75
1.0
1.0

542.25
1.0
1.0

549.75
1.0
1.0

595.5
1.0
1.0

604.5
1.0
1.0

614.25
1.0
1.0

623.25
1.0
1.0

641.25
1.0
1.0

657.0
1.0
1.0

677.25
1.0
1.0

684.75
1.0
1.0

694.5
1.0
1.0

722.25
1.0
1.0

747.75
1.0
1.0

803.25
1.0
1.0

812.25
1.0
1.0

828.0
1.0
1.0

873.75
1.0
1.0

891.75
1.0
1.0

927.0
1.0
1.0

936.75
1.0
1.0

954.75
1.0
1.0

965.25
1.0
1.0

974.25
1.0
1.0

2655.0
1.0
1.0

2701.5
1.0
1.0

2709.0
1.0
1.0

2720.25
1.0
1.0

2729.25
1.0
1.0

2754.0
1.0
1.0

2763.0
1.0
1.0

2810.25
1.0
1.0

2826.75
1.0
1.0

2837.25
1.0
1.0

2853.0
1.0
1.0

2862.75
1.0
1.0

2889.0
1.0
1.0

2916.0
1.0
1.0

2925.75
1.0
1.0

2934.0
1.0
1.0

2943.0
1.0
1.0

2979.75
1.0
1.0

2988.75
1.0
1.0

3006.0
1.0
1.0

3051.0
1.0
1.0

3069.75
1.0
1.0

3078.0
1.0
1.0

3087.0
1.0
1.0

3105.75
1.0
1.0

3132.75
1.0
1.0

3143.25
1.0
1.0

3169.5
1.0
1.0

3206.25
1.0
1.0

3242.25
1.0
1.0

3249.0
1.0
1.0

3259.5
1.0
1.0

3294.75
1.0
1.0

3321.75
1.0
1.0

3330.0
1.0
1.0

3357.75
1.0
1.0

