319.0
2.0
1.0

352.75
2.0
1.0

392.5
2.0
1.0

453.25
2.0
1.0

474.25
2.0
1.0

481.75
2.0
1.0

543.25
2.0
1.0

591.25
2.0
1.0

608.5
2.0
1.0

679.75
2.0
1.0

695.5
2.0
1.0

733.0
2.0
1.0

832.75
2.0
1.0

868.75
2.0
1.0

886.75
2.0
1.0

904.0
2.0
1.0

967.0
2.0
1.0

995.5
2.0
1.0

2731.75
2.0
1.0

2740.75
2.0
1.0

2805.25
2.0
1.0

2832.25
2.0
1.0

2859.25
2.0
1.0

2883.25
2.0
1.0

2890.75
2.0
1.0

2929.75
2.0
1.0

2946.25
2.0
1.0

2958.25
2.0
1.0

3012.25
2.0
1.0

3073.0
2.0
1.0

3154.0
2.0
1.0

3183.25
2.0
1.0

3246.25
2.0
1.0

3288.25
2.0
1.0

3315.25
2.0
1.0

3343.0
2.0
1.0

