301.75
2.0
1.0

309.25
2.0
1.0

325.75
2.0
1.0

410.5
2.0
1.0

445.75
2.0
1.0

463.75
2.0
1.0

499.0
2.0
1.0

516.25
2.0
1.0

523.75
2.0
1.0

534.25
2.0
1.0

553.0
2.0
1.0

632.5
2.0
1.0

770.5
2.0
1.0

779.5
2.0
1.0

841.0
2.0
1.0

913.0
2.0
1.0

920.5
2.0
1.0

951.25
2.0
1.0

2659.75
2.0
1.0

2695.75
2.0
1.0

2722.0
2.0
1.0

2748.25
2.0
1.0

2794.0
2.0
1.0

2812.0
2.0
1.0

2902.0
2.0
1.0

2911.0
2.0
1.0

2919.25
2.0
1.0

3028.0
2.0
1.0

3035.5
2.0
1.0

3102.25
2.0
1.0

3127.0
2.0
1.0

3145.75
2.0
1.0

3173.5
2.0
1.0

3200.5
2.0
1.0

3262.0
2.0
1.0

3299.5
2.0
1.0

