347.0
1.5
1.0

374.75
1.5
1.0

410.0
1.5
1.0

470.0
1.5
1.0

479.75
1.5
1.0

488.0
1.5
1.0

527.0
1.5
1.0

641.75
1.5
1.0

652.25
1.5
1.0

722.75
1.5
1.0

769.25
1.5
1.0

785.75
1.5
1.0

816.5
1.5
1.0

860.75
1.5
1.0

884.75
1.5
1.0

931.25
1.5
1.0

983.75
1.5
1.0

992.75
1.5
1.0

2759.75
1.5
1.0

2795.0
1.5
1.0

2828.75
1.5
1.0

2883.5
1.5
1.0

2929.25
1.5
1.0

2975.0
1.5
1.0

2992.25
1.5
1.0

3020.75
1.5
1.0

3027.5
1.5
1.0

3066.5
1.5
1.0

3074.0
1.5
1.0

3083.75
1.5
1.0

3108.5
1.5
1.0

3164.0
1.5
1.0

3206.75
1.5
1.0

3217.25
1.5
1.0

3298.25
1.5
1.0

3326.0
1.5
1.0

