3201.0
4.8
1.0

3216.0
4.8
1.0

3296.0
4.8
1.0

3316.5
4.8
1.0

3325.5
4.8
1.0

3390.0
4.8
1.0

3398.5
4.8
1.0

3419.0
4.8
1.0

3429.5
4.8
1.0

3497.5
4.8
1.0

3517.0
4.8
1.0

3524.0
4.8
1.0

3532.0
4.8
1.0

3558.0
4.8
1.0

3582.0
4.8
1.0

3591.5
4.8
1.0

3608.5
4.8
1.0

3634.0
4.8
1.0

3643.5
4.8
1.0

3661.5
4.8
1.0

3671.0
4.8
1.0

3770.5
4.8
1.0

3809.0
4.8
1.0

3827.5
4.8
1.0

3837.5
4.8
1.0

3875.5
4.8
1.0

3923.5
4.8
1.0

3940.0
4.8
1.0

4036.5
4.8
1.0

4067.0
4.8
1.0

4114.5
4.8
1.0

4135.0
4.8
1.0

