2023.0
4.8
1.0

2041.5
4.8
1.0

2079.5
4.8
1.0

2089.0
4.8
1.0

2099.5
4.8
1.0

2153.5
4.8
1.0

2207.5
4.8
1.0

2290.5
4.8
1.0

2299.5
4.8
1.0

2308.5
4.8
1.0

2358.0
4.8
1.0

2376.0
4.8
1.0

2495.5
4.8
1.0

2505.0
4.8
1.0

2515.0
4.8
1.0

2525.5
4.8
1.0

2573.5
4.8
1.0

2621.0
4.8
1.0

2631.5
4.8
1.0

2668.5
4.8
1.0

2715.0
4.8
1.0

2743.0
4.8
1.0

2771.5
4.8
1.0

2791.0
4.8
1.0

2801.5
4.8
1.0

2819.5
4.8
1.0

2872.5
4.8
1.0

2882.0
4.8
1.0

2909.0
4.8
1.0

2928.0
4.8
1.0

2937.0
4.8
1.0

2946.5
4.8
1.0

