2192.0
4.8
1.0

2210.0
4.8
1.0

2230.0
4.8
1.0

2246.0
4.8
1.0

2274.5
4.8
1.0

2284.0
4.8
1.0

2328.5
4.8
1.0

2347.0
4.8
1.0

2357.5
4.8
1.0

2383.5
4.8
1.0

2393.5
4.8
1.0

2431.5
4.8
1.0

2440.0
4.8
1.0

2469.5
4.8
1.0

2545.0
4.8
1.0

2554.0
4.8
1.0

2609.5
4.8
1.0

2627.0
4.8
1.0

2646.5
4.8
1.0

2655.5
4.8
1.0

2695.0
4.8
1.0

2705.0
4.8
1.0

2874.0
4.8
1.0

2900.0
4.8
1.0

2954.5
4.8
1.0

2964.0
4.8
1.0

2975.5
4.8
1.0

2984.5
4.8
1.0

3011.0
4.8
1.0

3114.0
4.8
1.0

3122.0
4.8
1.0

3131.5
4.8
1.0

