407.75
1.5
1.0

419.0
1.5
1.0

427.25
1.5
1.0

445.25
1.5
1.0

481.25
1.5
1.0

497.75
1.5
1.0

561.5
1.5
1.0

581.0
1.5
1.0

597.5
1.5
1.0

652.25
1.5
1.0

662.75
1.5
1.0

714.5
1.5
1.0

740.75
1.5
1.0

877.25
1.5
1.0

911.0
1.5
1.0

948.5
1.5
1.0

986.75
1.5
1.0

994.25
1.5
1.0

1019.75
1.5
1.0

1073.75
1.5
1.0

1083.5
1.5
1.0

1118.75
1.5
1.0

1146.5
1.5
1.0

1166.75
1.5
1.0

1217.0
1.5
1.0

1226.75
1.5
1.0

1247.75
1.5
1.0

1273.25
1.5
1.0

1289.75
1.5
1.0

1298.0
1.5
1.0

1344.5
1.5
1.0

1398.5
1.5
1.0

1444.25
1.5
1.0

1451.0
1.5
1.0

1615.25
1.5
1.0

1634.0
1.5
1.0

