302.5
2.0
1.0

310.0
2.0
1.0

354.25
2.0
1.0

383.5
2.0
1.0

392.5
2.0
1.0

409.75
2.0
1.0

434.5
2.0
1.0

463.0
2.0
1.0

527.5
2.0
1.0

580.0
2.0
1.0

589.0
2.0
1.0

678.25
2.0
1.0

759.25
2.0
1.0

786.25
2.0
1.0

839.5
2.0
1.0

905.5
2.0
1.0

976.75
2.0
1.0

992.5
2.0
1.0

1002.25
2.0
1.0

1063.75
2.0
1.0

1083.25
2.0
1.0

1102.75
2.0
1.0

1120.0
2.0
1.0

1180.75
2.0
1.0

1235.5
2.0
1.0

1264.75
2.0
1.0

1345.75
2.0
1.0

1373.5
2.0
1.0

1389.25
2.0
1.0

1444.75
2.0
1.0

1481.5
2.0
1.0

1489.0
2.0
1.0

1516.75
2.0
1.0

1570.75
2.0
1.0

1669.0
2.0
1.0

1686.25
2.0
1.0

