1001.25
1.0
1.0

1009.5
1.0
1.0

1027.5
1.0
1.0

1037.25
1.0
1.0

1054.5
1.0
1.0

1071.0
1.0
1.0

1108.5
1.0
1.0

1117.5
1.0
1.0

1135.5
1.0
1.0

1190.25
1.0
1.0

1206.75
1.0
1.0

1216.5
1.0
1.0

1278.75
1.0
1.0

1351.5
1.0
1.0

1361.25
1.0
1.0

1368.75
1.0
1.0

1442.25
1.0
1.0

1468.5
1.0
1.0

1530.0
1.0
1.0

1586.25
1.0
1.0

1602.0
1.0
1.0

1620.75
1.0
1.0

1683.0
1.0
1.0

1701.75
1.0
1.0

1746.75
1.0
1.0

1773.0
1.0
1.0

1792.5
1.0
1.0

1820.25
1.0
1.0

1827.0
1.0
1.0

1836.75
1.0
1.0

1845.75
1.0
1.0

1881.75
1.0
1.0

1999.5
1.0
1.0

2089.5
1.0
1.0

2107.5
1.0
1.0

2142.75
1.0
1.0

2151.75
1.0
1.0

2160.75
1.0
1.0

2205.75
1.0
1.0

2215.5
1.0
1.0

2223.75
1.0
1.0

2270.25
1.0
1.0

2279.25
1.0
1.0

2332.5
1.0
1.0

2342.25
1.0
1.0

2394.0
1.0
1.0

2413.5
1.0
1.0

2431.5
1.0
1.0

2486.25
1.0
1.0

2493.75
1.0
1.0

2504.25
1.0
1.0

2511.0
1.0
1.0

2547.75
1.0
1.0

2592.75
1.0
1.0

2602.5
1.0
1.0

2647.5
1.0
1.0

