86.3
1.5
1.0

134.3
1.5
1.0

176.8
1.5
1.0

231.8
1.5
1.0

265.3
1.5
1.0

302.3
1.5
1.0

361.3
1.5
1.0

369.3
1.5
1.0

430.8
1.5
1.0

439.8
1.5
1.0

501.3
1.5
1.0

550.8
1.5
1.0

606.3
1.5
1.0

653.3
1.5
1.0

662.3
1.5
1.0

672.8
1.5
1.0

682.8
1.5
1.0

742.8
1.5
1.0

809.3
1.5
1.0

818.8
1.5
1.0

846.8
1.5
1.0

863.8
1.5
1.0

935.8
1.5
1.0

953.8
1.5
1.0

1064.8
1.5
1.0

1073.8
1.5
1.0

1130.3
1.5
1.0

1195.8
1.5
1.0

1214.8
1.5
1.0

1274.8
1.5
1.0

1301.3
1.5
1.0

1311.3
1.5
1.0

1320.8
1.5
1.0

1369.8
1.5
1.0

1407.8
1.5
1.0

1416.3
1.5
1.0

1427.3
1.5
1.0

1507.8
1.5
1.0

1544.3
1.5
1.0

1554.3
1.5
1.0

1584.8
1.5
1.0

1604.3
1.5
1.0

1723.3
1.5
1.0

1797.8
1.5
1.0

1852.3
1.5
1.0

1934.8
1.5
1.0

1974.3
1.5
1.0

2026.8
1.5
1.0

