273.3
1.5
1.0

283.8
1.5
1.0

330.8
1.5
1.0

387.8
1.5
1.0

497.3
1.5
1.0

516.8
1.5
1.0

579.8
1.5
1.0

617.3
1.5
1.0

682.3
1.5
1.0

730.8
1.5
1.0

741.8
1.5
1.0

777.3
1.5
1.0

920.8
1.5
1.0

937.3
1.5
1.0

947.8
1.5
1.0

964.8
1.5
1.0

974.8
1.5
1.0

1026.3
1.5
1.0

1054.3
1.5
1.0

1074.3
1.5
1.0

1114.3
1.5
1.0

1179.3
1.5
1.0

1216.3
1.5
1.0

1226.8
1.5
1.0

1244.8
1.5
1.0

1253.8
1.5
1.0

1262.8
1.5
1.0

1291.3
1.5
1.0

1339.3
1.5
1.0

1358.8
1.5
1.0

1378.3
1.5
1.0

1432.8
1.5
1.0

1442.3
1.5
1.0

1480.8
1.5
1.0

1490.8
1.5
1.0

1560.3
1.5
1.0

1678.8
1.5
1.0

1689.3
1.5
1.0

1774.3
1.5
1.0

1827.8
1.5
1.0

1873.3
1.5
1.0

1882.3
1.5
1.0

1919.8
1.5
1.0

1965.3
1.5
1.0

2002.8
1.5
1.0

2089.3
1.5
1.0

2153.8
1.5
1.0

2188.8
1.5
1.0

