2253.3
1.5
1.0

2435.3
1.5
1.0

2514.3
1.5
1.0

2539.3
1.5
1.0

2617.8
1.5
1.0

2625.8
1.5
1.0

2653.3
1.5
1.0

2767.3
1.5
1.0

2775.8
1.5
1.0

2859.3
1.5
1.0

2867.8
1.5
1.0

2967.8
1.5
1.0

3033.8
1.5
1.0

3049.8
1.5
1.0

3111.3
1.5
1.0

3159.3
1.5
1.0

3253.8
1.5
1.0

3261.8
1.5
1.0

3280.3
1.5
1.0

3467.3
1.5
1.0

3515.8
1.5
1.0

3609.3
1.5
1.0

3647.8
1.5
1.0

3705.3
1.5
1.0

3808.3
1.5
1.0

3844.3
1.5
1.0

3911.8
1.5
1.0

3960.8
1.5
1.0

4033.8
1.5
1.0

4050.3
1.5
1.0

4086.3
1.5
1.0

4112.8
1.5
1.0

