2064.3
1.5
1.0

2093.3
1.5
1.0

2111.8
1.5
1.0

2127.8
1.5
1.0

2169.8
1.5
1.0

2189.8
1.5
1.0

2198.8
1.5
1.0

2253.8
1.5
1.0

2307.3
1.5
1.0

2397.3
1.5
1.0

2447.8
1.5
1.0

2587.3
1.5
1.0

2706.8
1.5
1.0

2800.3
1.5
1.0

2940.8
1.5
1.0

2994.8
1.5
1.0

3044.3
1.5
1.0

3084.8
1.5
1.0

3103.8
1.5
1.0

3191.3
1.5
1.0

3309.3
1.5
1.0

3336.3
1.5
1.0

3356.8
1.5
1.0

3422.3
1.5
1.0

3497.8
1.5
1.0

3553.3
1.5
1.0

3618.8
1.5
1.0

3628.3
1.5
1.0

3794.3
1.5
1.0

3802.8
1.5
1.0

3860.8
1.5
1.0

3953.8
1.5
1.0

