250.25
1.5
1.0

267.5
1.5
1.0

320.75
1.5
1.0

402.5
1.5
1.0

474.5
1.5
1.0

565.25
1.5
1.0

591.5
1.5
1.0

603.5
1.5
1.0

609.5
1.5
1.0

673.25
1.5
1.0

747.5
1.5
1.0

791.75
1.5
1.0

798.5
1.5
1.0

817.25
1.5
1.0

869.75
1.5
1.0

916.25
1.5
1.0

960.5
1.5
1.0

977.75
1.5
1.0

1004.75
1.5
1.0

1024.25
1.5
1.0

1033.25
1.5
1.0

2726.0
1.5
1.0

2736.5
1.5
1.0

2753.75
1.5
1.0

2768.0
1.5
1.0

2805.5
1.5
1.0

2852.0
1.5
1.0

2885.75
1.5
1.0

2934.5
1.5
1.0

2977.25
1.5
1.0

2995.25
1.5
1.0

3057.5
1.5
1.0

3094.25
1.5
1.0

3113.0
1.5
1.0

3165.5
1.5
1.0

3220.25
1.5
1.0

3236.75
1.5
1.0

3266.0
1.5
1.0

3283.25
1.5
1.0

3344.75
1.5
1.0

3453.5
1.5
1.0

3491.0
1.5
1.0

