289.5
1.0
1.0

307.5
1.0
1.0

324.0
1.0
1.0

334.5
1.0
1.0

343.5
1.0
1.0

360.0
1.0
1.0

388.5
1.0
1.0

397.5
1.0
1.0

414.0
1.0
1.0

424.5
1.0
1.0

443.25
1.0
1.0

459.0
1.0
1.0

468.75
1.0
1.0

496.5
1.0
1.0

551.25
1.0
1.0

558.0
1.0
1.0

567.75
1.0
1.0

576.0
1.0
1.0

632.25
1.0
1.0

648.0
1.0
1.0

666.0
1.0
1.0

684.75
1.0
1.0

721.5
1.0
1.0

747.75
1.0
1.0

758.25
1.0
1.0

775.5
1.0
1.0

792.0
1.0
1.0

848.25
1.0
1.0

857.25
1.0
1.0

866.25
1.0
1.0

874.5
1.0
1.0

900.75
1.0
1.0

929.25
1.0
1.0

936.0
1.0
1.0

963.0
1.0
1.0

972.0
1.0
1.0

1847.25
1.0
1.0

1856.25
1.0
1.0

1864.5
1.0
1.0

1890.0
1.0
1.0

1918.5
1.0
1.0

1926.0
1.0
1.0

1935.0
1.0
1.0

1963.5
1.0
1.0

1981.5
1.0
1.0

1999.5
1.0
1.0

2025.75
1.0
1.0

2036.25
1.0
1.0

2062.5
1.0
1.0

2079.75
1.0
1.0

2090.25
1.0
1.0

2106.0
1.0
1.0

2124.75
1.0
1.0

2152.5
1.0
1.0

2169.75
1.0
1.0

2178.0
1.0
1.0

2188.5
1.0
1.0

2198.25
1.0
1.0

2223.75
1.0
1.0

2232.75
1.0
1.0

2250.75
1.0
1.0

2278.5
1.0
1.0

2305.5
1.0
1.0

2341.5
1.0
1.0

2358.75
1.0
1.0

2369.25
1.0
1.0

2394.75
1.0
1.0

2414.25
1.0
1.0

2448.75
1.0
1.0

2494.5
1.0
1.0

2502.75
1.0
1.0

2512.5
1.0
1.0

