1009.5
1.0
1.0

1063.5
1.0
1.0

1072.5
1.0
1.0

1080.75
1.0
1.0

1143.75
1.0
1.0

1152.0
1.0
1.0

1161.0
1.0
1.0

1189.5
1.0
1.0

1206.75
1.0
1.0

1226.25
1.0
1.0

1233.0
1.0
1.0

1324.5
1.0
1.0

1387.5
1.0
1.0

1396.5
1.0
1.0

1414.5
1.0
1.0

1440.75
1.0
1.0

1459.5
1.0
1.0

1476.75
1.0
1.0

1503.75
1.0
1.0

1539.0
1.0
1.0

1549.5
1.0
1.0

1557.0
1.0
1.0

1629.0
1.0
1.0

1638.75
1.0
1.0

1649.25
1.0
1.0

1703.25
1.0
1.0

1764.0
1.0
1.0

1784.25
1.0
1.0

2576.25
1.0
1.0

2612.25
1.0
1.0

2637.0
1.0
1.0

2664.0
1.0
1.0

2720.25
1.0
1.0

2754.0
1.0
1.0

2772.75
1.0
1.0

2808.0
1.0
1.0

2837.25
1.0
1.0

2854.5
1.0
1.0

2898.0
1.0
1.0

2917.5
1.0
1.0

2961.75
1.0
1.0

2971.5
1.0
1.0

2988.0
1.0
1.0

3051.0
1.0
1.0

3070.5
1.0
1.0

3096.0
1.0
1.0

3116.25
1.0
1.0

3134.25
1.0
1.0

3143.25
1.0
1.0

3177.75
1.0
1.0

3204.0
1.0
1.0

3278.25
1.0
1.0

3312.0
1.0
1.0

3340.5
1.0
1.0

3366.0
1.0
1.0

3377.25
1.0
1.0

