1075.3
1.5
1.0

1100.8
1.5
1.0

1154.8
1.5
1.0

1294.8
1.5
1.0

1340.3
1.5
1.0

1543.8
1.5
1.0

1583.3
1.5
1.0

1649.3
1.5
1.0

1694.8
1.5
1.0

1735.3
1.5
1.0

1751.3
1.5
1.0

1759.3
1.5
1.0

1788.3
1.5
1.0

1878.8
1.5
1.0

1887.3
1.5
1.0

1977.8
1.5
1.0

2065.3
1.5
1.0

2099.8
1.5
1.0

2162.8
1.5
1.0

2436.3
1.5
1.0

2494.3
1.5
1.0

2504.3
1.5
1.0

2543.3
1.5
1.0

2570.8
1.5
1.0

2623.3
1.5
1.0

2631.8
1.5
1.0

2709.3
1.5
1.0

2761.3
1.5
1.0

2789.8
1.5
1.0

2862.3
1.5
1.0

2873.8
1.5
1.0

2928.3
1.5
1.0

