1184.3
1.5
1.0

1194.3
1.5
1.0

1212.3
1.5
1.0

1229.8
1.5
1.0

1274.8
1.5
1.0

1359.3
1.5
1.0

1451.3
1.5
1.0

1477.8
1.5
1.0

1725.3
1.5
1.0

1768.3
1.5
1.0

1824.8
1.5
1.0

1834.8
1.5
1.0

1852.3
1.5
1.0

1871.8
1.5
1.0

1994.8
1.5
1.0

2004.8
1.5
1.0

2039.8
1.5
1.0

2107.8
1.5
1.0

2152.3
1.5
1.0

2210.8
1.5
1.0

2229.8
1.5
1.0

2275.8
1.5
1.0

2385.8
1.5
1.0

2393.8
1.5
1.0

2456.3
1.5
1.0

2515.3
1.5
1.0

2604.8
1.5
1.0

2726.3
1.5
1.0

2735.8
1.5
1.0

2753.8
1.5
1.0

2807.3
1.5
1.0

2890.8
1.5
1.0

