1218.8
1.5
1.0

1237.8
1.5
1.0

1261.8
1.5
1.0

1277.3
1.5
1.0

1344.8
1.5
1.0

1472.8
1.5
1.0

1675.3
1.5
1.0

1728.3
1.5
1.0

1737.8
1.5
1.0

1746.8
1.5
1.0

1856.3
1.5
1.0

1884.8
1.5
1.0

2050.8
1.5
1.0

2068.3
1.5
1.0

2087.3
1.5
1.0

2171.3
1.5
1.0

2311.3
1.5
1.0

2330.8
1.5
1.0

2450.8
1.5
1.0

2460.8
1.5
1.0

2598.8
1.5
1.0

2626.8
1.5
1.0

2656.8
1.5
1.0

2666.8
1.5
1.0

2706.8
1.5
1.0

2817.8
1.5
1.0

2897.3
1.5
1.0

2943.8
1.5
1.0

2960.3
1.5
1.0

3041.3
1.5
1.0

3086.3
1.5
1.0

3129.8
1.5
1.0

