87.8
1.5
1.0

122.8
1.5
1.0

171.3
1.5
1.0

217.8
1.5
1.0

299.3
1.5
1.0

337.8
1.5
1.0

383.8
1.5
1.0

391.8
1.5
1.0

399.8
1.5
1.0

428.8
1.5
1.0

448.8
1.5
1.0

516.3
1.5
1.0

545.8
1.5
1.0

574.3
1.5
1.0

614.8
1.5
1.0

760.3
1.5
1.0

770.3
1.5
1.0

828.3
1.5
1.0

866.8
1.5
1.0

876.8
1.5
1.0

914.3
1.5
1.0

945.8
1.5
1.0

961.3
1.5
1.0

970.3
1.5
1.0

3022.8
1.5
1.0

3051.3
1.5
1.0

3098.8
1.5
1.0

3172.3
1.5
1.0

3222.8
1.5
1.0

3297.3
1.5
1.0

3349.3
1.5
1.0

3358.8
1.5
1.0

3416.8
1.5
1.0

3465.3
1.5
1.0

3509.8
1.5
1.0

3517.3
1.5
1.0

3535.3
1.5
1.0

3585.3
1.5
1.0

3593.3
1.5
1.0

3693.3
1.5
1.0

3702.3
1.5
1.0

3719.8
1.5
1.0

3735.8
1.5
1.0

3761.3
1.5
1.0

3771.3
1.5
1.0

3780.3
1.5
1.0

3846.8
1.5
1.0

3909.8
1.5
1.0

