1065.3
1.5
1.0

1092.8
1.5
1.0

1110.3
1.5
1.0

1137.3
1.5
1.0

1147.3
1.5
1.0

1246.8
1.5
1.0

1304.3
1.5
1.0

1367.8
1.5
1.0

1496.3
1.5
1.0

1593.8
1.5
1.0

1601.8
1.5
1.0

1684.8
1.5
1.0

1704.8
1.5
1.0

1895.8
1.5
1.0

1960.8
1.5
1.0

2012.8
1.5
1.0

2029.3
1.5
1.0

2047.3
1.5
1.0

2081.8
1.5
1.0

2090.3
1.5
1.0

2190.3
1.5
1.0

2248.3
1.5
1.0

2258.3
1.5
1.0

2331.8
1.5
1.0

2377.8
1.5
1.0

2427.8
1.5
1.0

2649.3
1.5
1.0

2677.3
1.5
1.0

2685.8
1.5
1.0

2700.8
1.5
1.0

2853.3
1.5
1.0

2966.8
1.5
1.0

