297.75
1.0
1.0

333.0
1.0
1.0

378.75
1.0
1.0

387.0
1.0
1.0

407.25
1.0
1.0

425.25
1.0
1.0

432.0
1.0
1.0

461.25
1.0
1.0

504.75
1.0
1.0

514.5
1.0
1.0

587.25
1.0
1.0

632.25
1.0
1.0

659.25
1.0
1.0

684.75
1.0
1.0

712.5
1.0
1.0

738.0
1.0
1.0

792.0
1.0
1.0

810.75
1.0
1.0

819.0
1.0
1.0

828.75
1.0
1.0

929.25
1.0
1.0

945.75
1.0
1.0

963.0
1.0
1.0

999.0
1.0
1.0

1036.5
1.0
1.0

1072.5
1.0
1.0

1090.5
1.0
1.0

1098.0
1.0
1.0

2538.75
1.0
1.0

2547.75
1.0
1.0

2646.75
1.0
1.0

2666.25
1.0
1.0

2772.0
1.0
1.0

2781.75
1.0
1.0

2792.25
1.0
1.0

2799.75
1.0
1.0

2854.5
1.0
1.0

2916.0
1.0
1.0

2927.25
1.0
1.0

2961.0
1.0
1.0

2972.25
1.0
1.0

3015.0
1.0
1.0

3025.5
1.0
1.0

3044.25
1.0
1.0

3078.75
1.0
1.0

3087.0
1.0
1.0

3114.75
1.0
1.0

3159.0
1.0
1.0

3250.5
1.0
1.0

3260.25
1.0
1.0

3276.75
1.0
1.0

3295.5
1.0
1.0

3322.5
1.0
1.0

3331.5
1.0
1.0

3339.0
1.0
1.0

3348.0
1.0
1.0

