299.25
1.0
1.0

342.75
1.0
1.0

441.75
1.0
1.0

469.5
1.0
1.0

495.75
1.0
1.0

533.25
1.0
1.0

540.0
1.0
1.0

569.25
1.0
1.0

585.0
1.0
1.0

631.5
1.0
1.0

666.75
1.0
1.0

730.5
1.0
1.0

774.75
1.0
1.0

793.5
1.0
1.0

829.5
1.0
1.0

837.0
1.0
1.0

856.5
1.0
1.0

927.75
1.0
1.0

954.75
1.0
1.0

963.0
1.0
1.0

972.0
1.0
1.0

990.75
1.0
1.0

1001.25
1.0
1.0

1028.25
1.0
1.0

1044.75
1.0
1.0

1089.75
1.0
1.0

1099.5
1.0
1.0

1107.75
1.0
1.0

2539.5
1.0
1.0

2556.0
1.0
1.0

2638.5
1.0
1.0

2665.5
1.0
1.0

2673.75
1.0
1.0

2684.25
1.0
1.0

2691.75
1.0
1.0

2808.75
1.0
1.0

2817.75
1.0
1.0

2864.25
1.0
1.0

2880.0
1.0
1.0

2916.75
1.0
1.0

2943.0
1.0
1.0

2954.25
1.0
1.0

2998.5
1.0
1.0

3033.0
1.0
1.0

3071.25
1.0
1.0

3096.75
1.0
1.0

3105.75
1.0
1.0

3115.5
1.0
1.0

3125.25
1.0
1.0

3168.75
1.0
1.0

3213.0
1.0
1.0

3249.75
1.0
1.0

3268.5
1.0
1.0

3278.25
1.0
1.0

3295.5
1.0
1.0

3348.75
1.0
1.0

