307.5
1.0
1.0

333.75
1.0
1.0

387.75
1.0
1.0

423.75
1.0
1.0

442.5
1.0
1.0

479.25
1.0
1.0

487.5
1.0
1.0

497.25
1.0
1.0

514.5
1.0
1.0

522.0
1.0
1.0

558.75
1.0
1.0

568.5
1.0
1.0

712.5
1.0
1.0

730.5
1.0
1.0

767.25
1.0
1.0

776.25
1.0
1.0

792.75
1.0
1.0

812.25
1.0
1.0

856.5
1.0
1.0

873.0
1.0
1.0

900.0
1.0
1.0

920.25
1.0
1.0

927.75
1.0
1.0

937.5
1.0
1.0

955.5
1.0
1.0

991.5
1.0
1.0

1053.0
1.0
1.0

1073.25
1.0
1.0

2557.5
1.0
1.0

2574.0
1.0
1.0

2601.0
1.0
1.0

2637.0
1.0
1.0

2675.25
1.0
1.0

2738.25
1.0
1.0

2763.75
1.0
1.0

2774.25
1.0
1.0

2799.0
1.0
1.0

2808.75
1.0
1.0

2826.0
1.0
1.0

2837.25
1.0
1.0

2854.5
1.0
1.0

2862.0
1.0
1.0

2880.75
1.0
1.0

2890.5
1.0
1.0

2907.0
1.0
1.0

2988.75
1.0
1.0

3016.5
1.0
1.0

3044.25
1.0
1.0

3069.0
1.0
1.0

3089.25
1.0
1.0

3159.75
1.0
1.0

3195.0
1.0
1.0

3215.25
1.0
1.0

3231.0
1.0
1.0

3303.75
1.0
1.0

3357.0
1.0
1.0

