1145.5
2.0
1.0

1210.0
2.0
1.0

1282.0
2.0
1.0

1299.25
2.0
1.0

1326.25
2.0
1.0

1336.0
2.0
1.0

1382.5
2.0
1.0

1390.0
2.0
1.0

1480.75
2.0
1.0

1489.75
2.0
1.0

1524.25
2.0
1.0

1569.25
2.0
1.0

1676.5
2.0
1.0

1713.25
2.0
1.0

1732.0
2.0
1.0

1759.75
2.0
1.0

1796.5
2.0
1.0

1801.75
2.0
1.0

1877.5
2.0
1.0

1902.25
2.0
1.0

1958.5
2.0
1.0

1993.75
2.0
1.0

2012.5
2.0
1.0

2065.75
2.0
1.0

2153.5
2.0
1.0

2180.5
2.0
1.0

2189.5
2.0
1.0

2246.5
2.0
1.0

2254.0
2.0
1.0

2272.75
2.0
1.0

2387.5
2.0
1.0

2398.0
2.0
1.0

2425.75
2.0
1.0

2481.25
2.0
1.0

2506.75
2.0
1.0

2513.5
2.0
1.0

