110.0
4.8
1.0

138.5
4.8
1.0

167.0
4.8
1.0

176.0
4.8
1.0

197.0
4.8
1.0

222.5
4.8
1.0

279.5
4.8
1.0

306.0
4.8
1.0

314.5
4.8
1.0

361.5
4.8
1.0

370.0
4.8
1.0

398.0
4.8
1.0

408.0
4.8
1.0

416.0
4.8
1.0

482.0
4.8
1.0

519.5
4.8
1.0

538.5
4.8
1.0

548.5
4.8
1.0

579.0
4.8
1.0

588.5
4.8
1.0

626.5
4.8
1.0

642.0
4.8
1.0

662.5
4.8
1.0

673.5
4.8
1.0

728.5
4.8
1.0

790.0
4.8
1.0

853.5
4.8
1.0

873.5
4.8
1.0

882.5
4.8
1.0

937.0
4.8
1.0

970.5
4.8
1.0

1008.0
4.8
1.0

2041.5
4.8
1.0

2058.0
4.8
1.0

2069.5
4.8
1.0

2079.5
4.8
1.0

2107.5
4.8
1.0

2135.5
4.8
1.0

2144.5
4.8
1.0

2252.5
4.8
1.0

2277.0
4.8
1.0

2286.5
4.8
1.0

2297.0
4.8
1.0

2305.5
4.8
1.0

2373.5
4.8
1.0

2398.5
4.8
1.0

2431.0
4.8
1.0

2441.5
4.8
1.0

2451.0
4.8
1.0

2509.5
4.8
1.0

2519.5
4.8
1.0

2528.5
4.8
1.0

2571.5
4.8
1.0

2581.5
4.8
1.0

2621.0
4.8
1.0

2689.0
4.8
1.0

2728.0
4.8
1.0

2777.5
4.8
1.0

2796.0
4.8
1.0

2842.0
4.8
1.0

2889.5
4.8
1.0

2973.5
4.8
1.0

2982.5
4.8
1.0

3011.5
4.8
1.0

