81.5
4.8
1.0

90.5
4.8
1.0

101.5
4.8
1.0

118.0
4.8
1.0

232.0
4.8
1.0

297.5
4.8
1.0

351.5
4.8
1.0

389.5
4.8
1.0

425.5
4.8
1.0

473.5
4.8
1.0

568.5
4.8
1.0

599.0
4.8
1.0

652.0
4.8
1.0

700.0
4.8
1.0

754.5
4.8
1.0

774.0
4.8
1.0

783.0
4.8
1.0

826.5
4.8
1.0

834.0
4.8
1.0

891.0
4.8
1.0

901.5
4.8
1.0

910.5
4.8
1.0

918.0
4.8
1.0

946.0
4.8
1.0

954.0
4.8
1.0

962.5
4.8
1.0

990.0
4.8
1.0

998.5
4.8
1.0

1016.5
4.8
1.0

1027.0
4.8
1.0

1034.0
4.8
1.0

1042.5
4.8
1.0

2050.0
4.8
1.0

2088.0
4.8
1.0

2153.5
4.8
1.0

2172.5
4.8
1.0

2220.5
4.8
1.0

2237.0
4.8
1.0

2260.0
4.8
1.0

2268.5
4.8
1.0

2314.5
4.8
1.0

2324.0
4.8
1.0

2382.5
4.8
1.0

2461.5
4.8
1.0

2481.5
4.8
1.0

2498.5
4.8
1.0

2544.5
4.8
1.0

2553.0
4.8
1.0

2562.0
4.8
1.0

2610.5
4.8
1.0

2631.0
4.8
1.0

2651.0
4.8
1.0

2699.5
4.8
1.0

2709.5
4.8
1.0

2719.0
4.8
1.0

2747.0
4.8
1.0

2787.0
4.8
1.0

2824.5
4.8
1.0

2898.5
4.8
1.0

2934.0
4.8
1.0

2943.0
4.8
1.0

2963.5
4.8
1.0

2993.0
4.8
1.0

3002.5
4.8
1.0

