1083.5
4.8
1.0

1120.0
4.8
1.0

1129.0
4.8
1.0

1138.0
4.8
1.0

1195.0
4.8
1.0

1220.5
4.8
1.0

1230.5
4.8
1.0

1240.5
4.8
1.0

1250.5
4.8
1.0

1279.5
4.8
1.0

1299.5
4.8
1.0

1308.5
4.8
1.0

1327.5
4.8
1.0

1347.5
4.8
1.0

1374.0
4.8
1.0

1382.0
4.8
1.0

1391.0
4.8
1.0

1449.5
4.8
1.0

1495.5
4.8
1.0

1505.5
4.8
1.0

1514.0
4.8
1.0

1532.5
4.8
1.0

1563.5
4.8
1.0

1573.5
4.8
1.0

1583.0
4.8
1.0

1593.0
4.8
1.0

1613.5
4.8
1.0

1622.5
4.8
1.0

1642.0
4.8
1.0

1660.0
4.8
1.0

1669.0
4.8
1.0

1679.0
4.8
1.0

1697.5
4.8
1.0

1726.5
4.8
1.0

1736.5
4.8
1.0

1755.5
4.8
1.0

1765.5
4.8
1.0

1784.0
4.8
1.0

1800.5
4.8
1.0

1820.5
4.8
1.0

1869.0
4.8
1.0

1878.0
4.8
1.0

1918.0
4.8
1.0

1928.5
4.8
1.0

1956.5
4.8
1.0

1966.0
4.8
1.0

2012.5
4.8
1.0

2030.5
4.8
1.0

3046.5
4.8
1.0

3066.5
4.8
1.0

3112.5
4.8
1.0

3122.5
4.8
1.0

3153.0
4.8
1.0

3180.0
4.8
1.0

3191.5
4.8
1.0

3218.5
4.8
1.0

3236.5
4.8
1.0

3265.0
4.8
1.0

3272.5
4.8
1.0

3298.0
4.8
1.0

3315.5
4.8
1.0

3334.5
4.8
1.0

3390.0
4.8
1.0

3398.5
4.8
1.0

3406.0
4.8
1.0

3436.0
4.8
1.0

3444.5
4.8
1.0

3454.0
4.8
1.0

3509.5
4.8
1.0

3548.0
4.8
1.0

3556.5
4.8
1.0

3593.0
4.8
1.0

3603.0
4.8
1.0

3613.0
4.8
1.0

3623.0
4.8
1.0

3653.0
4.8
1.0

3700.5
4.8
1.0

3711.0
4.8
1.0

3720.0
4.8
1.0

3728.5
4.8
1.0

3754.5
4.8
1.0

3775.0
4.8
1.0

3793.5
4.8
1.0

3812.5
4.8
1.0

3839.5
4.8
1.0

3848.0
4.8
1.0

3874.0
4.8
1.0

3884.5
4.8
1.0

3903.5
4.8
1.0

3913.5
4.8
1.0

3922.5
4.8
1.0

3932.5
4.8
1.0

3951.0
4.8
1.0

3961.0
4.8
1.0

3978.5
4.8
1.0

3988.5
4.8
1.0

