147.5
4.8
1.0

156.5
4.8
1.0

186.5
4.8
1.0

212.0
4.8
1.0

241.0
4.8
1.0

251.0
4.8
1.0

259.0
4.8
1.0

288.0
4.8
1.0

322.0
4.8
1.0

341.5
4.8
1.0

379.5
4.8
1.0

435.5
4.8
1.0

445.0
4.8
1.0

454.5
4.8
1.0

464.0
4.8
1.0

501.5
4.8
1.0

510.5
4.8
1.0

529.5
4.8
1.0

607.5
4.8
1.0

617.5
4.8
1.0

683.5
4.8
1.0

692.5
4.8
1.0

719.5
4.8
1.0

737.0
4.8
1.0

745.0
4.8
1.0

765.0
4.8
1.0

799.0
4.8
1.0

808.0
4.8
1.0

818.0
4.8
1.0

863.5
4.8
1.0

926.5
4.8
1.0

980.5
4.8
1.0

2097.0
4.8
1.0

2116.5
4.8
1.0

2127.0
4.8
1.0

2183.5
4.8
1.0

2192.0
4.8
1.0

2201.0
4.8
1.0

2211.5
4.8
1.0

2244.5
4.8
1.0

2335.0
4.8
1.0

2344.0
4.8
1.0

2353.5
4.8
1.0

2390.5
4.8
1.0

2406.5
4.8
1.0

2414.5
4.8
1.0

2471.0
4.8
1.0

2490.0
4.8
1.0

2537.0
4.8
1.0

2600.5
4.8
1.0

2641.0
4.8
1.0

2661.0
4.8
1.0

2678.5
4.8
1.0

2757.5
4.8
1.0

2767.5
4.8
1.0

2815.0
4.8
1.0

2832.5
4.8
1.0

2850.0
4.8
1.0

2859.0
4.8
1.0

2879.5
4.8
1.0

2907.5
4.8
1.0

2917.5
4.8
1.0

2926.5
4.8
1.0

2952.0
4.8
1.0

