1055.3
4.8
1.0

1079.3
4.8
1.0

1099.3
4.8
1.0

1107.3
4.8
1.0

1161.8
4.8
1.0

1170.3
4.8
1.0

1180.3
4.8
1.0

1209.3
4.8
1.0

1265.8
4.8
1.0

1323.8
4.8
1.0

1362.8
4.8
1.0

1404.3
4.8
1.0

1444.8
4.8
1.0

1472.3
4.8
1.0

1481.8
4.8
1.0

1549.3
4.8
1.0

1657.3
4.8
1.0

1797.3
4.8
1.0

1816.8
4.8
1.0

1895.3
4.8
1.0

1952.8
4.8
1.0

1980.8
4.8
1.0

1999.8
4.8
1.0

2026.8
4.8
1.0

3026.3
4.8
1.0

3043.3
4.8
1.0

3080.8
4.8
1.0

3099.8
4.8
1.0

3108.3
4.8
1.0

3167.8
4.8
1.0

3176.3
4.8
1.0

3251.3
4.8
1.0

3260.8
4.8
1.0

3366.8
4.8
1.0

3376.8
4.8
1.0

3432.3
4.8
1.0

3468.3
4.8
1.0

3477.8
4.8
1.0

3496.8
4.8
1.0

3505.3
4.8
1.0

3534.3
4.8
1.0

3638.8
4.8
1.0

3649.3
4.8
1.0

3689.3
4.8
1.0

3750.8
4.8
1.0

3826.8
4.8
1.0

3870.3
4.8
1.0

3947.8
4.8
1.0

