1062.8
4.8
1.0

1070.8
4.8
1.0

1150.8
4.8
1.0

1217.3
4.8
1.0

1294.3
4.8
1.0

1342.8
4.8
1.0

1414.8
4.8
1.0

1425.3
4.8
1.0

1463.3
4.8
1.0

1491.8
4.8
1.0

1528.3
4.8
1.0

1559.8
4.8
1.0

1608.3
4.8
1.0

1692.8
4.8
1.0

1712.3
4.8
1.0

1722.3
4.8
1.0

1780.8
4.8
1.0

1834.3
4.8
1.0

1855.8
4.8
1.0

1864.3
4.8
1.0

1904.3
4.8
1.0

1943.8
4.8
1.0

1990.8
4.8
1.0

2009.3
4.8
1.0

3035.8
4.8
1.0

3090.3
4.8
1.0

3149.3
4.8
1.0

3214.3
4.8
1.0

3232.8
4.8
1.0

3294.8
4.8
1.0

3311.3
4.8
1.0

3330.8
4.8
1.0

3349.8
4.8
1.0

3386.8
4.8
1.0

3524.8
4.8
1.0

3545.3
4.8
1.0

3572.3
4.8
1.0

3588.8
4.8
1.0

3669.8
4.8
1.0

3678.3
4.8
1.0

3697.8
4.8
1.0

3741.3
4.8
1.0

3770.3
4.8
1.0

3808.8
4.8
1.0

3835.8
4.8
1.0

3860.8
4.8
1.0

3898.8
4.8
1.0

3974.8
4.8
1.0

