2169.0
4.8
1.0

2178.5
4.8
1.0

2230.0
4.8
1.0

2278.0
4.8
1.0

2307.5
4.8
1.0

2362.0
4.8
1.0

2370.0
4.8
1.0

2388.5
4.8
1.0

2417.5
4.8
1.0

2501.5
4.8
1.0

2583.0
4.8
1.0

2601.0
4.8
1.0

2611.5
4.8
1.0

2659.5
4.8
1.0

2678.0
4.8
1.0

2725.0
4.8
1.0

2753.5
4.8
1.0

2770.5
4.8
1.0

2788.5
4.8
1.0

2804.0
4.8
1.0

2812.0
4.8
1.0

2861.0
4.8
1.0

2914.0
4.8
1.0

2923.0
4.8
1.0

2931.5
4.8
1.0

2951.5
4.8
1.0

3016.0
4.8
1.0

3037.0
4.8
1.0

3047.0
4.8
1.0

3071.0
4.8
1.0

3080.0
4.8
1.0

3123.0
4.8
1.0

