81.0
4.8
1.0

91.5
4.8
1.0

101.5
4.8
1.0

129.0
4.8
1.0

159.0
4.8
1.0

196.0
4.8
1.0

217.5
4.8
1.0

237.5
4.8
1.0

247.5
4.8
1.0

264.5
4.8
1.0

275.5
4.8
1.0

285.5
4.8
1.0

304.5
4.8
1.0

356.5
4.8
1.0

364.5
4.8
1.0

412.5
4.8
1.0

448.5
4.8
1.0

465.0
4.8
1.0

484.5
4.8
1.0

505.0
4.8
1.0

513.0
4.8
1.0

550.0
4.8
1.0

569.0
4.8
1.0

589.5
4.8
1.0

599.5
4.8
1.0

619.5
4.8
1.0

629.5
4.8
1.0

649.5
4.8
1.0

658.5
4.8
1.0

688.5
4.8
1.0

696.5
4.8
1.0

706.0
4.8
1.0

763.5
4.8
1.0

792.5
4.8
1.0

800.5
4.8
1.0

817.5
4.8
1.0

827.5
4.8
1.0

836.0
4.8
1.0

845.5
4.8
1.0

895.5
4.8
1.0

924.5
4.8
1.0

942.5
4.8
1.0

961.5
4.8
1.0

989.0
4.8
1.0

999.5
4.8
1.0

1009.5
4.8
1.0

1057.5
4.8
1.0

1066.5
4.8
1.0

3014.0
4.8
1.0

3022.5
4.8
1.0

3057.0
4.8
1.0

3067.5
4.8
1.0

3076.0
4.8
1.0

3095.5
4.8
1.0

3105.5
4.8
1.0

3122.0
4.8
1.0

3131.0
4.8
1.0

3151.0
4.8
1.0

3160.5
4.8
1.0

3169.0
4.8
1.0

3176.0
4.8
1.0

3213.5
4.8
1.0

3223.5
4.8
1.0

3250.0
4.8
1.0

3258.5
4.8
1.0

3312.0
4.8
1.0

3320.0
4.8
1.0

3368.0
4.8
1.0

3387.0
4.8
1.0

3395.0
4.8
1.0

3425.5
4.8
1.0

3453.5
4.8
1.0

3463.0
4.8
1.0

3489.5
4.8
1.0

3507.0
4.8
1.0

3517.0
4.8
1.0

3524.0
4.8
1.0

3545.5
4.8
1.0

3563.0
4.8
1.0

3578.5
4.8
1.0

3594.0
4.8
1.0

3602.5
4.8
1.0

3641.0
4.8
1.0

3658.5
4.8
1.0

3684.0
4.8
1.0

3728.5
4.8
1.0

3746.0
4.8
1.0

3755.5
4.8
1.0

3765.5
4.8
1.0

3785.5
4.8
1.0

3795.5
4.8
1.0

3842.0
4.8
1.0

3888.0
4.8
1.0

3896.5
4.8
1.0

3907.5
4.8
1.0

3952.5
4.8
1.0

