290.3
1.5
1.0

391.3
1.5
1.0

436.3
1.5
1.0

456.3
1.5
1.0

467.3
1.5
1.0

475.8
1.5
1.0

509.8
1.5
1.0

596.8
1.5
1.0

604.8
1.5
1.0

614.8
1.5
1.0

651.8
1.5
1.0

659.3
1.5
1.0

669.3
1.5
1.0

712.8
1.5
1.0

772.8
1.5
1.0

807.8
1.5
1.0

842.3
1.5
1.0

903.3
1.5
1.0

928.8
1.5
1.0

995.3
1.5
1.0

1053.3
1.5
1.0

1105.3
1.5
1.0

1125.8
1.5
1.0

1161.3
1.5
1.0

3193.8
1.5
1.0

3240.3
1.5
1.0

3250.3
1.5
1.0

3278.3
1.5
1.0

3316.3
1.5
1.0

3344.8
1.5
1.0

3372.3
1.5
1.0

3382.8
1.5
1.0

3449.3
1.5
1.0

3469.8
1.5
1.0

3493.8
1.5
1.0

3550.8
1.5
1.0

3629.8
1.5
1.0

3657.3
1.5
1.0

3725.8
1.5
1.0

3794.8
1.5
1.0

3851.8
1.5
1.0

3895.8
1.5
1.0

3932.3
1.5
1.0

3984.8
1.5
1.0

4020.3
1.5
1.0

4029.8
1.5
1.0

4039.3
1.5
1.0

4084.8
1.5
1.0

