253.8
1.5
1.0

263.3
1.5
1.0

308.8
1.5
1.0

345.8
1.5
1.0

364.8
1.5
1.0

373.8
1.5
1.0

399.8
1.5
1.0

426.8
1.5
1.0

491.8
1.5
1.0

525.8
1.5
1.0

542.3
1.5
1.0

578.8
1.5
1.0

632.3
1.5
1.0

685.8
1.5
1.0

702.8
1.5
1.0

742.8
1.5
1.0

753.8
1.5
1.0

762.3
1.5
1.0

817.8
1.5
1.0

824.8
1.5
1.0

852.3
1.5
1.0

939.8
1.5
1.0

1032.3
1.5
1.0

1114.8
1.5
1.0

3164.3
1.5
1.0

3174.8
1.5
1.0

3184.8
1.5
1.0

3298.8
1.5
1.0

3392.3
1.5
1.0

3420.8
1.5
1.0

3477.3
1.5
1.0

3485.3
1.5
1.0

3520.8
1.5
1.0

3560.3
1.5
1.0

3594.8
1.5
1.0

3612.3
1.5
1.0

3621.8
1.5
1.0

3684.8
1.5
1.0

3714.3
1.5
1.0

3771.3
1.5
1.0

3832.3
1.5
1.0

3841.8
1.5
1.0

3914.3
1.5
1.0

3923.8
1.5
1.0

4011.3
1.5
1.0

4055.8
1.5
1.0

4064.3
1.5
1.0

4075.3
1.5
1.0

