1209.8
1.5
1.0

1309.3
1.5
1.0

1329.3
1.5
1.0

1410.3
1.5
1.0

1428.3
1.5
1.0

1466.8
1.5
1.0

1516.3
1.5
1.0

1600.3
1.5
1.0

1608.8
1.5
1.0

1636.3
1.5
1.0

1740.8
1.5
1.0

2039.8
1.5
1.0

2066.8
1.5
1.0

2076.3
1.5
1.0

2114.8
1.5
1.0

2140.8
1.5
1.0

2242.3
1.5
1.0

2298.3
1.5
1.0

2314.8
1.5
1.0

2433.3
1.5
1.0

2472.8
1.5
1.0

2525.3
1.5
1.0

2552.3
1.5
1.0

2572.8
1.5
1.0

2640.3
1.5
1.0

2677.8
1.5
1.0

2684.8
1.5
1.0

2801.8
1.5
1.0

2978.8
1.5
1.0

3018.3
1.5
1.0

3099.8
1.5
1.0

3128.3
1.5
1.0

