1349.8
1.5
1.0

1358.3
1.5
1.0

1395.3
1.5
1.0

1593.8
1.5
1.0

1686.8
1.5
1.0

1878.3
1.5
1.0

1953.3
1.5
1.0

2000.3
1.5
1.0

2086.3
1.5
1.0

2106.3
1.5
1.0

2132.3
1.5
1.0

2177.8
1.5
1.0

2196.3
1.5
1.0

2216.8
1.5
1.0

2244.3
1.5
1.0

2271.3
1.5
1.0

2325.3
1.5
1.0

2468.3
1.5
1.0

2608.8
1.5
1.0

2628.8
1.5
1.0

2678.3
1.5
1.0

2686.8
1.5
1.0

2793.8
1.5
1.0

2917.3
1.5
1.0

2943.8
1.5
1.0

2967.3
1.5
1.0

2986.3
1.5
1.0

3003.8
1.5
1.0

3176.3
1.5
1.0

3196.3
1.5
1.0

3204.8
1.5
1.0

3233.3
1.5
1.0

