1338.3
1.5
1.0

1376.8
1.5
1.0

1504.3
1.5
1.0

1514.3
1.5
1.0

1585.8
1.5
1.0

1648.3
1.5
1.0

1723.8
1.5
1.0

1779.3
1.5
1.0

1787.8
1.5
1.0

1815.8
1.5
1.0

1869.3
1.5
1.0

1895.8
1.5
1.0

1991.3
1.5
1.0

2028.3
1.5
1.0

2115.3
1.5
1.0

2207.3
1.5
1.0

2307.3
1.5
1.0

2363.8
1.5
1.0

2442.8
1.5
1.0

2459.3
1.5
1.0

2507.8
1.5
1.0

2533.8
1.5
1.0

2706.3
1.5
1.0

2743.3
1.5
1.0

2773.3
1.5
1.0

2846.3
1.5
1.0

2855.8
1.5
1.0

2906.8
1.5
1.0

2959.8
1.5
1.0

3031.8
1.5
1.0

3039.8
1.5
1.0

3132.3
1.5
1.0

