229.25
1.5
1.0

257.75
1.5
1.0

266.0
1.5
1.0

291.5
1.5
1.0

366.5
1.5
1.0

382.25
1.5
1.0

437.0
1.5
1.0

455.0
1.5
1.0

500.75
1.5
1.0

551.75
1.5
1.0

578.75
1.5
1.0

590.0
1.5
1.0

634.25
1.5
1.0

722.75
1.5
1.0

752.75
1.5
1.0

824.0
1.5
1.0

897.5
1.5
1.0

911.75
1.5
1.0

924.5
1.5
1.0

969.5
1.5
1.0

993.5
1.5
1.0

1868.0
1.5
1.0

1895.0
1.5
1.0

2001.5
1.5
1.0

2019.5
1.5
1.0

2045.75
1.5
1.0

2120.0
1.5
1.0

2128.25
1.5
1.0

2175.5
1.5
1.0

2182.25
1.5
1.0

2255.0
1.5
1.0

2261.75
1.5
1.0

2390.75
1.5
1.0

2397.5
1.5
1.0

2450.75
1.5
1.0

2471.0
1.5
1.0

2489.75
1.5
1.0

2516.0
1.5
1.0

2540.75
1.5
1.0

2598.5
1.5
1.0

2603.0
1.5
1.0

2669.0
1.5
1.0

