1089.8
1.5
1.0

1107.8
1.5
1.0

1180.8
1.5
1.0

1281.3
1.5
1.0

1379.8
1.5
1.0

1497.3
1.5
1.0

1618.3
1.5
1.0

1646.3
1.5
1.0

1710.3
1.5
1.0

1741.3
1.5
1.0

1779.3
1.5
1.0

1817.8
1.5
1.0

1845.8
1.5
1.0

1872.8
1.5
1.0

1920.8
1.5
1.0

1979.3
1.5
1.0

2054.3
1.5
1.0

2064.8
1.5
1.0

2085.8
1.5
1.0

2133.3
1.5
1.0

2150.8
1.5
1.0

2248.3
1.5
1.0

2257.8
1.5
1.0

2346.8
1.5
1.0

2404.3
1.5
1.0

2431.8
1.5
1.0

2457.3
1.5
1.0

2572.3
1.5
1.0

2619.8
1.5
1.0

2892.3
1.5
1.0

2939.8
1.5
1.0

3003.3
1.5
1.0

