1404.8
1.5
1.0

1534.3
1.5
1.0

1555.8
1.5
1.0

1610.3
1.5
1.0

1667.3
1.5
1.0

1715.3
1.5
1.0

1832.8
1.5
1.0

1841.8
1.5
1.0

1943.8
1.5
1.0

1962.8
1.5
1.0

2038.3
1.5
1.0

2096.3
1.5
1.0

2123.8
1.5
1.0

2234.8
1.5
1.0

2262.8
1.5
1.0

2280.3
1.5
1.0

2381.8
1.5
1.0

2516.3
1.5
1.0

2525.8
1.5
1.0

2552.8
1.5
1.0

2571.8
1.5
1.0

2580.3
1.5
1.0

2658.8
1.5
1.0

2836.8
1.5
1.0

2925.8
1.5
1.0

2951.8
1.5
1.0

2976.8
1.5
1.0

3057.3
1.5
1.0

3064.8
1.5
1.0

3142.3
1.5
1.0

3159.8
1.5
1.0

3187.8
1.5
1.0

