1364.0
4.8
1.0

1400.5
4.8
1.0

1440.0
4.8
1.0

1456.5
4.8
1.0

1492.0
4.8
1.0

1510.5
4.8
1.0

1535.0
4.8
1.0

1544.0
4.8
1.0

1562.0
4.8
1.0

1622.0
4.8
1.0

1640.5
4.8
1.0

1690.0
4.8
1.0

1719.5
4.8
1.0

1739.0
4.8
1.0

1746.0
4.8
1.0

1754.0
4.8
1.0

1765.5
4.8
1.0

1810.5
4.8
1.0

1837.0
4.8
1.0

1873.5
4.8
1.0

1893.0
4.8
1.0

1903.0
4.8
1.0

1980.0
4.8
1.0

1999.0
4.8
1.0

2044.5
4.8
1.0

2054.0
4.8
1.0

2062.0
4.8
1.0

2081.5
4.8
1.0

2129.5
4.8
1.0

2191.0
4.8
1.0

2209.0
4.8
1.0

2246.0
4.8
1.0

3313.5
4.8
1.0

3386.0
4.8
1.0

3436.5
4.8
1.0

3529.0
4.8
1.0

3606.5
4.8
1.0

3700.5
4.8
1.0

3728.5
4.8
1.0

3765.5
4.8
1.0

3774.5
4.8
1.0

3782.5
4.8
1.0

3803.0
4.8
1.0

3811.0
4.8
1.0

3821.5
4.8
1.0

3851.0
4.8
1.0

3859.5
4.8
1.0

3886.5
4.8
1.0

3907.0
4.8
1.0

3927.5
4.8
1.0

3936.0
4.8
1.0

3953.5
4.8
1.0

3989.5
4.8
1.0

3999.5
4.8
1.0

4019.0
4.8
1.0

4044.5
4.8
1.0

4106.0
4.8
1.0

4132.0
4.8
1.0

4140.0
4.8
1.0

4148.5
4.8
1.0

4166.0
4.8
1.0

4193.5
4.8
1.0

4202.0
4.8
1.0

4210.5
4.8
1.0

