288.0
1.0
1.0

308.25
1.0
1.0

333.75
1.0
1.0

342.75
1.0
1.0

361.5
1.0
1.0

371.25
1.0
1.0

378.0
1.0
1.0

405.75
1.0
1.0

416.25
1.0
1.0

450.75
1.0
1.0

468.75
1.0
1.0

504.75
1.0
1.0

513.0
1.0
1.0

522.75
1.0
1.0

540.75
1.0
1.0

551.25
1.0
1.0

585.75
1.0
1.0

630.0
1.0
1.0

640.5
1.0
1.0

666.0
1.0
1.0

685.5
1.0
1.0

720.75
1.0
1.0

729.0
1.0
1.0

765.0
1.0
1.0

792.0
1.0
1.0

812.25
1.0
1.0

819.0
1.0
1.0

837.0
1.0
1.0

846.0
1.0
1.0

884.25
1.0
1.0

910.5
1.0
1.0

919.5
1.0
1.0

929.25
1.0
1.0

936.75
1.0
1.0

983.25
1.0
1.0

990.75
1.0
1.0

2657.25
1.0
1.0

2674.5
1.0
1.0

2684.25
1.0
1.0

2691.0
1.0
1.0

2700.0
1.0
1.0

2729.25
1.0
1.0

2747.25
1.0
1.0

2791.5
1.0
1.0

2801.25
1.0
1.0

2837.25
1.0
1.0

2862.75
1.0
1.0

2872.5
1.0
1.0

2880.0
1.0
1.0

2891.25
1.0
1.0

2935.5
1.0
1.0

2953.5
1.0
1.0

2962.5
1.0
1.0

2970.75
1.0
1.0

2979.0
1.0
1.0

3024.0
1.0
1.0

3033.0
1.0
1.0

3061.5
1.0
1.0

3071.25
1.0
1.0

3096.75
1.0
1.0

3106.5
1.0
1.0

3123.75
1.0
1.0

3150.0
1.0
1.0

3161.25
1.0
1.0

3213.0
1.0
1.0

3251.25
1.0
1.0

3267.75
1.0
1.0

3303.75
1.0
1.0

3312.75
1.0
1.0

3321.0
1.0
1.0

3339.0
1.0
1.0

3348.75
1.0
1.0

