1222.0
4.8
1.0

1230.5
4.8
1.0

1275.0
4.8
1.0

1293.5
4.8
1.0

1350.0
4.8
1.0

1370.0
4.8
1.0

1406.0
4.8
1.0

1435.5
4.8
1.0

1445.0
4.8
1.0

1482.0
4.8
1.0

1490.0
4.8
1.0

1508.0
4.8
1.0

1526.0
4.8
1.0

1534.0
4.8
1.0

1561.0
4.8
1.0

1580.5
4.8
1.0

1600.0
4.8
1.0

1671.5
4.8
1.0

1739.5
4.8
1.0

1758.0
4.8
1.0

1767.0
4.8
1.0

1774.0
4.8
1.0

1810.5
4.8
1.0

1881.5
4.8
1.0

1911.5
4.8
1.0

1961.5
4.8
1.0

1970.5
4.8
1.0

2068.5
4.8
1.0

2107.0
4.8
1.0

2136.5
4.8
1.0

2172.0
4.8
1.0

2181.5
4.8
1.0

3172.0
4.8
1.0

3214.5
4.8
1.0

3261.5
4.8
1.0

3345.0
4.8
1.0

3363.5
4.8
1.0

3402.0
4.8
1.0

3411.5
4.8
1.0

3458.5
4.8
1.0

3477.5
4.8
1.0

3486.0
4.8
1.0

3503.5
4.8
1.0

3595.5
4.8
1.0

3625.0
4.8
1.0

3669.5
4.8
1.0

3695.5
4.8
1.0

3714.5
4.8
1.0

3725.0
4.8
1.0

3774.0
4.8
1.0

3829.0
4.8
1.0

3857.5
4.8
1.0

3887.0
4.8
1.0

3960.0
4.8
1.0

3971.5
4.8
1.0

3980.5
4.8
1.0

4016.0
4.8
1.0

4034.0
4.8
1.0

4043.5
4.8
1.0

4062.0
4.8
1.0

4070.5
4.8
1.0

4080.5
4.8
1.0

4099.0
4.8
1.0

4139.5
4.8
1.0

