235.5
1.0
1.0

271.5
1.0
1.0

281.25
1.0
1.0

306.0
1.0
1.0

324.75
1.0
1.0

342.75
1.0
1.0

351.75
1.0
1.0

396.75
1.0
1.0

406.5
1.0
1.0

423.0
1.0
1.0

441.75
1.0
1.0

451.5
1.0
1.0

497.25
1.0
1.0

531.0
1.0
1.0

551.25
1.0
1.0

560.25
1.0
1.0

569.25
1.0
1.0

576.0
1.0
1.0

604.5
1.0
1.0

613.5
1.0
1.0

639.0
1.0
1.0

650.25
1.0
1.0

677.25
1.0
1.0

684.0
1.0
1.0

704.25
1.0
1.0

747.75
1.0
1.0

774.75
1.0
1.0

784.5
1.0
1.0

819.75
1.0
1.0

846.0
1.0
1.0

891.75
1.0
1.0

902.25
1.0
1.0

911.25
1.0
1.0

929.25
1.0
1.0

945.0
1.0
1.0

956.25
1.0
1.0

963.0
1.0
1.0

973.5
1.0
1.0

990.0
1.0
1.0

999.75
1.0
1.0

1010.25
1.0
1.0

1018.5
1.0
1.0

2673.0
1.0
1.0

2684.25
1.0
1.0

2693.25
1.0
1.0

2718.75
1.0
1.0

2728.5
1.0
1.0

2737.5
1.0
1.0

2746.5
1.0
1.0

2763.0
1.0
1.0

2773.5
1.0
1.0

2808.0
1.0
1.0

2836.5
1.0
1.0

2880.0
1.0
1.0

2891.25
1.0
1.0

2934.0
1.0
1.0

2963.25
1.0
1.0

3016.5
1.0
1.0

3025.5
1.0
1.0

3033.0
1.0
1.0

3060.75
1.0
1.0

3078.75
1.0
1.0

3089.25
1.0
1.0

3123.0
1.0
1.0

3133.5
1.0
1.0

3188.25
1.0
1.0

3204.0
1.0
1.0

3213.75
1.0
1.0

3224.25
1.0
1.0

3250.5
1.0
1.0

3260.25
1.0
1.0

3268.5
1.0
1.0

3285.0
1.0
1.0

3294.0
1.0
1.0

3304.5
1.0
1.0

3323.25
1.0
1.0

3375.0
1.0
1.0

3393.75
1.0
1.0

3403.5
1.0
1.0

3412.5
1.0
1.0

3420.75
1.0
1.0

3438.0
1.0
1.0

3447.75
1.0
1.0

3475.5
1.0
1.0

