1069.5
4.8
1.0

1106.5
4.8
1.0

1117.5
4.8
1.0

1135.0
4.8
1.0

1186.5
4.8
1.0

1194.5
4.8
1.0

1303.0
4.8
1.0

1312.0
4.8
1.0

1321.0
4.8
1.0

1380.5
4.8
1.0

1425.5
4.8
1.0

1452.0
4.8
1.0

1471.0
4.8
1.0

1480.5
4.8
1.0

1539.0
4.8
1.0

1565.0
4.8
1.0

1573.5
4.8
1.0

1582.5
4.8
1.0

1611.0
4.8
1.0

1620.0
4.8
1.0

1651.0
4.8
1.0

1670.0
4.8
1.0

1681.0
4.8
1.0

1700.0
4.8
1.0

1754.5
4.8
1.0

1821.5
4.8
1.0

1840.0
4.8
1.0

1867.0
4.8
1.0

1948.5
4.8
1.0

1975.5
4.8
1.0

1984.0
4.8
1.0

1994.0
4.8
1.0

2963.0
4.8
1.0

2983.5
4.8
1.0

2992.0
4.8
1.0

3027.0
4.8
1.0

3063.0
4.8
1.0

3081.5
4.8
1.0

3166.0
4.8
1.0

3195.0
4.8
1.0

3268.0
4.8
1.0

3332.0
4.8
1.0

3409.5
4.8
1.0

3456.5
4.8
1.0

3483.5
4.8
1.0

3546.0
4.8
1.0

3575.5
4.8
1.0

3593.0
4.8
1.0

3630.0
4.8
1.0

3640.5
4.8
1.0

3694.0
4.8
1.0

3703.5
4.8
1.0

3730.5
4.8
1.0

3740.0
4.8
1.0

3749.0
4.8
1.0

3768.5
4.8
1.0

3801.0
4.8
1.0

3848.0
4.8
1.0

3866.5
4.8
1.0

3876.0
4.8
1.0

3885.0
4.8
1.0

3904.0
4.8
1.0

3912.0
4.8
1.0

3920.5
4.8
1.0

