1157.3
1.5
1.0

1182.3
1.5
1.0

1263.8
1.5
1.0

1342.3
1.5
1.0

1351.3
1.5
1.0

1368.8
1.5
1.0

1439.8
1.5
1.0

1466.8
1.5
1.0

1561.8
1.5
1.0

1636.3
1.5
1.0

1696.3
1.5
1.0

1750.3
1.5
1.0

1767.3
1.5
1.0

1889.8
1.5
1.0

1916.8
1.5
1.0

1927.8
1.5
1.0

2979.3
1.5
1.0

3116.8
1.5
1.0

3125.3
1.5
1.0

3207.8
1.5
1.0

3216.8
1.5
1.0

3236.3
1.5
1.0

3247.3
1.5
1.0

3311.3
1.5
1.0

3348.3
1.5
1.0

3424.3
1.5
1.0

3432.8
1.5
1.0

3497.8
1.5
1.0

3522.3
1.5
1.0

3562.8
1.5
1.0

3606.8
1.5
1.0

3780.8
1.5
1.0

