95.8
1.5
1.0

141.3
1.5
1.0

189.8
1.5
1.0

197.8
1.5
1.0

205.8
1.5
1.0

269.8
1.5
1.0

323.8
1.5
1.0

333.3
1.5
1.0

380.8
1.5
1.0

459.3
1.5
1.0

478.3
1.5
1.0

495.8
1.5
1.0

559.8
1.5
1.0

682.8
1.5
1.0

701.8
1.5
1.0

738.8
1.5
1.0

765.8
1.5
1.0

813.3
1.5
1.0

851.8
1.5
1.0

915.3
1.5
1.0

933.3
1.5
1.0

996.8
1.5
1.0

1006.3
1.5
1.0

1027.8
1.5
1.0

2027.8
1.5
1.0

2037.3
1.5
1.0

2055.3
1.5
1.0

2111.8
1.5
1.0

2121.3
1.5
1.0

2180.8
1.5
1.0

2199.3
1.5
1.0

2252.8
1.5
1.0

2261.8
1.5
1.0

2269.3
1.5
1.0

2297.8
1.5
1.0

2380.8
1.5
1.0

2409.3
1.5
1.0

2644.3
1.5
1.0

2652.8
1.5
1.0

2690.8
1.5
1.0

2759.8
1.5
1.0

2785.3
1.5
1.0

2812.3
1.5
1.0

2821.8
1.5
1.0

2858.8
1.5
1.0

2867.8
1.5
1.0

2902.8
1.5
1.0

2912.8
1.5
1.0

